Sentence,AFINN Score of Sentence,Sentence Word Count,Total AFINN Score,Total Words
1,-2.0,38,-2.0,38
2,-4.0,26,-6.0,64
3,2.0,8,-4.0,72
4,-0.5,9,-4.5,81
5,1.0,14,-3.5,95
6,-4.0,9,-7.5,104
7,7.0,15,-0.5,119
8,-3.988095238095238,41,-4.488095238095238,160
9,7.111111111111111,38,2.6230158730158726,198
10,-4.9411764705882355,26,-2.318160597572363,224
11,10.700000000000001,57,8.381839402427637,281
12,0.0,2,8.381839402427637,283
13,-9.666666666666668,48,-1.2848272642390306,331
14,-5.0,15,-6.284827264239031,346
15,0.6000000000000001,47,-5.684827264239031,393
16,-5.0,18,-10.684827264239031,411
17,-1.0,52,-11.684827264239031,463
18,-2.0,29,-13.684827264239031,492
19,0.4666666666666661,47,-13.218160597572364,539
20,-4.0,16,-17.218160597572364,555
21,-5.0,37,-22.218160597572364,592
22,-7.0,18,-29.218160597572364,610
23,-6.70546218487395,55,-35.923622782446316,665
24,0.3333333333333333,14,-35.59028944911298,679
25,2.3333333333333335,19,-33.256956115779644,698
26,-8.5,14,-41.756956115779644,712
27,-17.200000000000003,70,-58.95695611577965,782
28,-6.666666666666667,34,-65.62362278244632,816
29,-2.8,28,-68.42362278244632,844
30,-4.1,38,-72.52362278244631,882
31,-7.6,15,-80.1236227824463,897
32,-3.1666666666666665,50,-83.29028944911298,947
33,-9.366666666666665,44,-92.65695611577964,991
34,-2.6666666666666665,22,-95.32362278244631,1013
35,-8.566666666666666,35,-103.89028944911297,1048
36,-0.46666666666666656,35,-104.35695611577964,1083
37,-7.0,15,-111.35695611577964,1098
38,14.1,59,-97.25695611577964,1157
39,14.390476190476189,68,-82.86647992530345,1225
40,-6.833333333333334,33,-89.69981325863678,1258
41,3.0,17,-86.69981325863678,1275
42,-2.75,24,-89.44981325863678,1299
43,-1.8492063492063484,30,-91.29901960784314,1329
44,-4.0,34,-95.29901960784314,1363
45,2.125,6,-93.17401960784314,1369
46,-10.666666666666668,113,-103.8406862745098,1482
47,-7.133333333333333,16,-110.97401960784313,1498
48,2.3,26,-108.67401960784314,1524
49,-1.9411764705882353,27,-110.61519607843137,1551
50,-5.5,10,-116.11519607843137,1561
51,-1.9523809523809526,60,-118.06757703081232,1621
52,1.0,18,-117.06757703081232,1639
53,8.0,28,-109.06757703081232,1667
54,-6.066666666666666,13,-115.13424369747898,1680
55,-2.0,35,-117.13424369747898,1715
56,3.0,18,-114.13424369747898,1733
57,2.7,18,-111.43424369747898,1751
58,-3.333333333333333,24,-114.7675770308123,1775
59,-1.0,8,-115.7675770308123,1783
60,2.5,15,-113.2675770308123,1798
61,-4.0,8,-117.2675770308123,1806
62,1.0,21,-116.2675770308123,1827
63,0.0,1,-116.2675770308123,1828
64,2.0,20,-114.2675770308123,1848
65,-3.857142857142857,14,-118.12471988795517,1862
66,-5.5,54,-123.62471988795517,1916
67,-0.16666666666666652,46,-123.79138655462184,1962
68,5.0,18,-118.79138655462184,1980
69,-10.933333333333334,109,-129.72471988795516,2089
70,0.09999999999999998,16,-129.62471988795517,2105
71,-2.0,40,-131.62471988795517,2145
72,-2.333333333333333,32,-133.9580532212885,2177
73,-5.8,32,-139.75805322128852,2209
74,4.333333333333334,16,-135.42471988795518,2225
75,-3.666666666666667,20,-139.09138655462183,2245
76,-1.950000000000001,45,-141.04138655462182,2290
77,-11.777777777777779,31,-152.8191643323996,2321
78,6.2,30,-146.6191643323996,2351
79,-1.8333333333333335,31,-148.45249766573295,2382
80,-0.7999999999999998,50,-149.25249766573296,2432
81,3.5999999999999996,20,-145.65249766573297,2452
82,3.1921568627450982,33,-142.46034080298787,2485
83,-1.5,21,-143.96034080298787,2506
84,4.333333333333334,12,-139.62700746965453,2518
85,-5.0,16,-144.62700746965453,2534
86,-2.0,7,-146.62700746965453,2541
87,7.5,22,-139.12700746965453,2563
88,1.3636363636363638,16,-137.76337110601816,2579
89,9.333333333333334,50,-128.4300377726848,2629
90,3.0,14,-125.43003777268481,2643
91,-10.533333333333333,25,-135.96337110601814,2668
92,7.0,21,-128.96337110601814,2689
93,-6.386363636363637,31,-135.34973474238177,2720
94,2.0,20,-133.34973474238177,2740
95,-3.0,8,-136.34973474238177,2748
96,3.533333333333334,54,-132.81640140904844,2802
97,-5.0,24,-137.81640140904844,2826
98,-1.0,3,-138.81640140904844,2829
99,-2.0,6,-140.81640140904844,2835
100,-4.0,28,-144.81640140904844,2863
101,-1.4428571428571426,32,-146.2592585519056,2895
102,-5.0,20,-151.2592585519056,2915
103,1.75,20,-149.5092585519056,2935
104,-1.25,5,-150.7592585519056,2940
105,-5.5,8,-156.2592585519056,2948
106,-5.111111111111111,29,-161.3703696630167,2977
107,3.0,36,-158.3703696630167,3013
108,1.0,34,-157.3703696630167,3047
109,0.0,4,-157.3703696630167,3051
110,2.0,4,-155.3703696630167,3055
111,11.571969696969697,61,-143.79839996604701,3116
112,13.75,34,-130.04839996604701,3150
113,-1.4696969696969695,71,-131.51809693574398,3221
114,0.0,10,-131.51809693574398,3231
115,-6.333333333333334,22,-137.85143026907733,3253
116,0.0,42,-137.85143026907733,3295
117,-1.0,31,-138.85143026907733,3326
118,-1.0,16,-139.85143026907733,3342
119,9.733333333333334,34,-130.118096935744,3376
120,4.0,17,-126.118096935744,3393
121,0.0,32,-126.118096935744,3425
122,-1.5,47,-127.618096935744,3472
123,-12.190476190476188,47,-139.80857312622018,3519
124,-14.916666666666666,81,-154.72523979288684,3600
125,-3.6666666666666665,18,-158.3919064595535,3618
126,-5.357142857142857,46,-163.74904931669636,3664
127,-2.0,17,-165.74904931669636,3681
128,4.0,23,-161.74904931669636,3704
129,-1.3666666666666671,21,-163.11571598336303,3725
130,4.333333333333333,25,-158.7823826500297,3750
131,-0.9833333333333334,17,-159.765715983363,3767
132,0.0,1,-159.765715983363,3768
133,-2.0,32,-161.765715983363,3800
134,-9.0,29,-170.765715983363,3829
135,-0.5,23,-171.265715983363,3852
136,0.0,3,-171.265715983363,3855
137,4.0,27,-167.265715983363,3882
138,-5.833333333333334,45,-173.09904931669635,3927
139,-1.0,14,-174.09904931669635,3941
140,1.0,7,-173.09904931669635,3948
141,-2.0,44,-175.09904931669635,3992
142,-4.277777777777779,49,-179.37682709447412,4041
143,-2.5,17,-181.87682709447412,4058
144,2.7,14,-179.17682709447413,4072
145,-3.666666666666667,16,-182.8434937611408,4088
146,0.5,15,-182.3434937611408,4103
147,4.166666666666666,27,-178.17682709447413,4130
148,6.0,23,-172.17682709447413,4153
149,-2.25,8,-174.42682709447413,4161
150,-3.4,32,-177.82682709447414,4193
151,0.33333333333333304,17,-177.4934937611408,4210
152,-7.866666666666667,24,-185.36016042780747,4234
153,-5.8,31,-191.16016042780748,4265
154,1.3,17,-189.86016042780747,4282
155,-16.666666666666664,34,-206.52682709447413,4316
156,3.5588235294117645,17,-202.96800356506236,4333
157,-0.6000000000000001,16,-203.56800356506236,4349
158,-7.666666666666667,59,-211.234670231729,4408
159,0.0,4,-211.234670231729,4412
160,0.0,5,-211.234670231729,4417
161,-5.333333333333334,41,-216.56800356506236,4458
162,-1.6666666666666667,19,-218.234670231729,4477
163,3.3333333333333335,18,-214.90133689839567,4495
164,0.0,16,-214.90133689839567,4511
165,5.0,17,-209.90133689839567,4528
166,1.2000000000000002,15,-208.70133689839568,4543
167,0.0,17,-208.70133689839568,4560
168,1.6666666666666665,18,-207.03467023172902,4578
169,-0.6666666666666667,17,-207.70133689839568,4595
170,-6.0,36,-213.70133689839568,4631
171,6.699999999999999,37,-207.0013368983957,4668
172,7.45,35,-199.5513368983957,4703
173,-1.5,49,-201.0513368983957,4752
174,7.857142857142857,34,-193.19419404125284,4786
175,-3.4,42,-196.59419404125285,4828
176,0.5,25,-196.09419404125285,4853
177,2.5,12,-193.59419404125285,4865
178,0.0,4,-193.59419404125285,4869
179,-3.0,3,-196.59419404125285,4872
180,-4.616666666666667,47,-201.21086070791952,4919
181,-5.566666666666667,32,-206.77752737458619,4951
182,6.166666666666666,47,-200.61086070791953,4998
183,6.5,16,-194.11086070791953,5014
184,5.5,36,-188.61086070791953,5050
185,-1.0,29,-189.61086070791953,5079
186,-6.0,17,-195.61086070791953,5096
187,2.0,15,-193.61086070791953,5111
188,13.0,27,-180.61086070791953,5138
189,-10.08525641025641,92,-190.69611711817595,5230
190,5.0,52,-185.69611711817595,5282
191,4.0,16,-181.69611711817595,5298
192,6.5,31,-175.19611711817595,5329
193,0.0,15,-175.19611711817595,5344
194,9.641666666666666,30,-165.5544504515093,5374
195,15.166666666666666,30,-150.38778378484264,5404
196,1.0,16,-149.38778378484264,5420
197,-4.466666666666667,65,-153.8544504515093,5485
198,-3.0,13,-156.8544504515093,5498
199,-1.0,9,-157.8544504515093,5507
200,-2.0,9,-159.8544504515093,5516
201,0.8333333333333334,15,-159.02111711817597,5531
202,-8.466666666666667,74,-167.48778378484263,5605
203,8.366666666666667,51,-159.12111711817596,5656
204,-12.0,57,-171.12111711817596,5713
205,-1.833333333333333,23,-172.9544504515093,5736
206,-1.2857142857142851,28,-174.24016473722358,5764
207,-6.166666666666667,16,-180.40683140389024,5780
208,-3.0,17,-183.40683140389024,5797
209,0.20000000000000018,36,-183.20683140389025,5833
210,-5.5,31,-188.70683140389025,5864
211,0.7254901960784313,29,-187.98134120781182,5893
212,-1.7916666666666665,25,-189.77300787447848,5918
213,6.0,33,-183.77300787447848,5951
214,9.833333333333334,62,-173.93967454114514,6013
215,3.0,14,-170.93967454114514,6027
216,7.409090909090909,32,-163.53058363205423,6059
217,4.5,27,-159.03058363205423,6086
218,7.25,42,-151.78058363205423,6128
219,5.675490196078432,85,-146.1050934359758,6213
220,-4.0,20,-150.1050934359758,6233
221,5.333333333333333,45,-144.77176010264245,6278
222,-2.9047619047619047,7,-147.67652200740434,6285
223,2.0,14,-145.67652200740434,6299
224,6.333333333333334,34,-139.343188674071,6333
225,4.0,35,-135.343188674071,6368
226,1.5,53,-133.843188674071,6421
227,-5.0,16,-138.843188674071,6437
228,-10.5,32,-149.343188674071,6469
229,1.9500000000000002,22,-147.393188674071,6491
230,5.9,22,-141.493188674071,6513
231,2.0,31,-139.493188674071,6544
232,1.5,13,-137.993188674071,6557
233,2.0,32,-135.993188674071,6589
234,4.75,62,-131.243188674071,6651
235,-13.803030303030303,39,-145.04621897710132,6690
236,5.5,25,-139.54621897710132,6715
237,4.0,14,-135.54621897710132,6729
238,13.2,69,-122.34621897710132,6798
239,-2.0,18,-124.34621897710132,6816
240,-2.8333333333333335,73,-127.17955231043464,6889
241,7.45,16,-119.72955231043464,6905
242,-4.666666666666667,18,-124.39621897710131,6923
243,0.5,34,-123.89621897710131,6957
244,2.666666666666667,14,-121.22955231043464,6971
245,11.433333333333334,101,-109.7962189771013,7072
246,-1.1666666666666679,71,-110.96288564376798,7143
247,9.516666666666667,28,-101.44621897710131,7171
248,-0.5,7,-101.94621897710131,7178
249,2.0,17,-99.94621897710131,7195
250,1.666666666666666,33,-98.27955231043464,7228
251,13.142156862745098,64,-85.13739544768954,7292
252,-3.482142857142857,53,-88.6195383048324,7345
253,7.5,15,-81.1195383048324,7360
254,2.0,15,-79.1195383048324,7375
255,0.6000000000000001,48,-78.51953830483241,7423
256,2.3333333333333335,14,-76.18620497149908,7437
257,1.0,16,-75.18620497149908,7453
258,9.166666666666666,70,-66.01953830483241,7523
259,3.583333333333333,48,-62.43620497149907,7571
260,4.0166666666666675,69,-58.41953830483241,7640
261,21.375,124,-37.04453830483241,7764
262,0.6666666666666667,13,-36.37787163816574,7777
263,10.0,67,-26.377871638165743,7844
264,3.875,50,-22.502871638165743,7894
265,-2.743589743589743,29,-25.246461381755488,7923
266,-2.6,14,-27.84646138175549,7937
267,3.366666666666667,35,-24.479794715088822,7972
268,5.199999999999999,33,-19.279794715088823,8005
269,-1.1111111111111112,33,-20.390905826199933,8038
270,5.2,6,-15.190905826199934,8044
271,17.2,87,2.009094173800065,8131
272,12.0,51,14.009094173800065,8182
273,1.0,19,15.009094173800065,8201
274,10.208333333333334,28,25.2174275071334,8229
275,2.0,24,27.2174275071334,8253
276,12.2,32,39.4174275071334,8285
277,0.0,14,39.4174275071334,8299
278,10.722222222222223,53,50.13964972935562,8352
279,3.3333333333333335,29,53.472983062688954,8381
280,8.991666666666667,33,62.46464972935562,8414
281,0.49999999999999956,44,62.96464972935562,8458
282,2.0,16,64.96464972935561,8474
283,1.375,36,66.33964972935561,8510
284,1.3333333333333335,12,67.67298306268894,8522
285,2.75,28,70.42298306268894,8550
286,-2.0,13,68.42298306268894,8563
287,1.0,19,69.42298306268894,8582
288,4.4,15,73.82298306268895,8597
289,16.476190476190474,15,90.29917353887942,8612
290,4.533333333333333,54,94.83250687221275,8666
291,0.9500000000000002,38,95.78250687221275,8704
292,4.136904761904762,71,99.91941163411751,8775
293,1.2857142857142858,18,101.2051259198318,8793
294,1.4285714285714288,76,102.63369734840323,8869
295,-8.071428571428571,79,94.56226877697466,8948
296,-2.8,26,91.76226877697466,8974
297,2.033333333333333,27,93.795602110308,9001
298,3.7,35,97.495602110308,9036
299,-0.16666666666666696,24,97.32893544364133,9060
300,5.617647058823529,38,102.94658250246485,9098
301,1.314285714285714,79,104.26086821675057,9177
302,-9.3,49,94.96086821675057,9226
303,-5.733333333333334,55,89.22753488341723,9281
304,-10.6,29,78.62753488341724,9310
305,5.5,34,84.12753488341724,9344
306,2.0,6,86.12753488341724,9350
307,-2.2363636363636363,12,83.8911712470536,9362
308,1.35,56,85.2411712470536,9418
309,-4.0,18,81.2411712470536,9436
310,-2.5,32,78.7411712470536,9468
311,-4.866666666666666,32,73.87450458038694,9500
312,-0.33333333333333304,15,73.54117124705361,9515
313,-4.166666666666667,21,69.37450458038694,9536
314,-2.8,3,66.57450458038694,9539
315,-2.5,9,64.07450458038694,9548
316,-1.3333333333333333,9,62.74117124705361,9557
317,0.5,7,63.24117124705361,9564
318,-7.0,33,56.24117124705361,9597
319,-3.8,50,52.44117124705361,9647
320,2.666666666666666,49,55.107837913720275,9696
321,0.0,19,55.107837913720275,9715
322,-9.514285714285714,45,45.59355219943456,9760
323,-4.8,16,40.793552199434565,9776
324,0.20000000000000018,18,40.99355219943457,9794
325,-6.5,22,34.49355219943457,9816
326,-1.8333333333333333,11,32.66021886610123,9827
327,-9.75,34,22.910218866101232,9861
328,-2.7,35,20.210218866101233,9896
329,0.0,36,20.210218866101233,9932
330,-2.4,22,17.810218866101234,9954
331,-15.0,69,2.810218866101234,10023
332,6.166666666666666,35,8.9768855327679,10058
333,-3.0904761904761906,37,5.88640934229171,10095
334,0.7254901960784312,14,6.6118995383701415,10109
335,-12.0,28,-5.3881004616298585,10137
336,-1.0,9,-6.3881004616298585,10146
337,1.0,24,-5.3881004616298585,10170
338,-3.0,19,-8.388100461629858,10189
339,-7.174509803921569,49,-15.562610265551427,10238
340,-3.1666666666666656,72,-18.72927693221809,10310
341,-11.333333333333334,66,-30.062610265551427,10376
342,-3.0,31,-33.06261026555143,10407
343,-3.0,15,-36.06261026555143,10422
344,-6.466666666666667,60,-42.529276932218096,10482
345,0.7000000000000002,33,-41.82927693221809,10515
346,-2.0,13,-43.82927693221809,10528
347,-2.3,50,-46.12927693221809,10578
348,-8.8,19,-54.92927693221809,10597
349,-1.0,17,-55.92927693221809,10614
350,-8.0,18,-63.92927693221809,10632
351,2.0,17,-61.92927693221809,10649
352,6.783333333333333,46,-55.145943598884756,10695
353,0.0,2,-55.145943598884756,10697
354,-14.436363636363637,65,-69.5823072352484,10762
355,-2.6666666666666665,23,-72.24897390191506,10785
356,12.2,32,-60.04897390191506,10817
357,0.0,7,-60.04897390191506,10824
358,-5.0,8,-65.04897390191506,10832
359,-2.0,8,-67.04897390191506,10840
360,-17.0,31,-84.04897390191506,10871
361,7.0,17,-77.04897390191506,10888
362,0.6000000000000001,16,-76.44897390191507,10904
363,1.5588235294117645,77,-74.8901503725033,10981
364,0.0,13,-74.8901503725033,10994
365,-9.733333333333334,36,-84.62348370583663,11030
366,-3.0,20,-87.62348370583663,11050
367,-1.0000000000000004,35,-88.62348370583663,11085
368,-1.0,25,-89.62348370583663,11110
369,5.653174603174604,98,-83.97030910266203,11208
370,5.0,49,-78.97030910266203,11257
371,6.0,23,-72.97030910266203,11280
372,-7.2,21,-80.17030910266203,11301
373,-4.5,39,-84.67030910266203,11340
374,-5.433333333333334,33,-90.10364243599537,11373
375,-6.333333333333334,38,-96.4369757693287,11411
376,-0.5333333333333334,36,-96.97030910266203,11447
377,1.1666666666666665,32,-95.80364243599536,11479
378,7.0,19,-88.80364243599536,11498
379,-0.583333333333333,23,-89.38697576932869,11521
380,-6.785714285714286,24,-96.17269005504298,11545
381,1.0285714285714287,35,-95.14411862647155,11580
382,-4.0,29,-99.14411862647155,11609
383,-6.0,18,-105.14411862647155,11627
384,1.6,32,-103.54411862647156,11659
385,-2.5,18,-106.04411862647156,11677
386,0.0,13,-106.04411862647156,11690
387,-2.0,18,-108.04411862647156,11708
388,5.0,7,-103.04411862647156,11715
389,2.0,7,-101.04411862647156,11722
390,-6.6,17,-107.64411862647155,11739
391,-7.0,26,-114.64411862647155,11765
392,-2.0,25,-116.64411862647155,11790
393,2.5,18,-114.14411862647155,11808
394,0.5555555555555554,35,-113.588563070916,11843
395,3.655555555555556,65,-109.93300751536044,11908
396,-5.5,40,-115.43300751536044,11948
397,1.3333333333333335,17,-114.09967418202712,11965
398,3.8333333333333335,17,-110.26634084869379,11982
399,-15.833333333333334,56,-126.09967418202712,12038
400,-14.566666666666666,50,-140.66634084869378,12088
401,-2.3333333333333335,28,-142.99967418202712,12116
402,14.055555555555555,32,-128.94411862647158,12148
403,0.25,6,-128.69411862647158,12154
404,1.0,11,-127.69411862647158,12165
405,-10.2,17,-137.89411862647157,12182
406,1.0,16,-136.89411862647157,12198
407,-2.0,6,-138.89411862647157,12204
408,-14.023809523809526,50,-152.91792815028109,12254
409,-7.0,12,-159.91792815028109,12266
410,-1.0,17,-160.91792815028109,12283
411,3.0,16,-157.91792815028109,12299
412,-3.0,17,-160.91792815028109,12316
413,14.899999999999999,61,-146.01792815028108,12377
414,-7.714285714285714,33,-153.7322138645668,12410
415,-5.35,16,-159.0822138645668,12426
416,-6.133333333333333,23,-165.21554719790012,12449
417,-10.076923076923077,74,-175.2924702748232,12523
418,-2.7777777777777777,16,-178.07024805260096,12539
419,0.44999999999999996,13,-177.62024805260097,12552
420,5.055555555555555,17,-172.56469249704543,12569
421,-0.8333333333333335,16,-173.39802583037877,12585
422,-6.433333333333332,55,-179.8313591637121,12640
423,1.6666666666666665,35,-178.16469249704545,12675
424,2.0,5,-176.16469249704545,12680
425,-2.6666666666666665,4,-178.8313591637121,12684
426,-1.0666666666666667,4,-179.89802583037877,12688
427,-3.0,26,-182.89802583037877,12714
428,-5.0,21,-187.89802583037877,12735
429,-10.976190476190476,22,-198.87421630656925,12757
430,1.5,30,-197.37421630656925,12787
431,-2.25,35,-199.62421630656925,12822
432,-0.37857142857142856,50,-200.00278773514069,12872
433,8.0,17,-192.00278773514069,12889
434,10.666666666666668,49,-181.33612106847403,12938
435,6.666666666666667,26,-174.66945440180737,12964
436,-3.0,9,-177.66945440180737,12973
437,1.5,21,-176.16945440180737,12994
438,-9.8,30,-185.96945440180738,13024
439,-6.0,34,-191.96945440180738,13058
440,-13.166666666666668,54,-205.13612106847404,13112
441,-6.333333333333333,23,-211.46945440180738,13135
442,-3.0,9,-214.46945440180738,13144
443,-9.5,8,-223.96945440180738,13152
444,-6.4,28,-230.3694544018074,13180
445,2.0,16,-228.3694544018074,13196
446,1.5333333333333332,17,-226.83612106847406,13213
447,-7.636363636363637,15,-234.47248470483768,13228
448,1.1428571428571428,15,-233.32962756198054,13243
449,0.25,12,-233.07962756198054,13255
450,-9.233333333333334,58,-242.3129608953139,13313
451,-0.3833333333333333,40,-242.69629422864722,13353
452,-6.666666666666668,26,-249.36296089531388,13379
453,2.0,8,-247.36296089531388,13387
454,10.333333333333334,20,-237.02962756198053,13407
455,4.25,21,-232.77962756198053,13428
456,0.5,16,-232.27962756198053,13444
457,-4.666666666666666,17,-236.9462942286472,13461
458,-1.0,25,-237.9462942286472,13486
459,-3.333333333333333,16,-241.27962756198053,13502
460,-8.124999999999998,32,-249.40462756198053,13534
461,-4.0,32,-253.40462756198053,13566
462,0.0,3,-253.40462756198053,13569
463,-1.4,17,-254.80462756198054,13586
464,3.0,51,-251.80462756198054,13637
465,-8.5,30,-260.3046275619805,13667
466,0.25,38,-260.0546275619805,13705
467,0.0,16,-260.0546275619805,13721
468,-4.855555555555555,33,-264.91018311753606,13754
469,2.3333333333333335,15,-262.57684978420275,13769
470,-2.0,50,-264.57684978420275,13819
471,-1.5,15,-266.07684978420275,13834
472,2.25,17,-263.82684978420275,13851
473,-1.0,15,-264.82684978420275,13866
474,1.5,21,-263.32684978420275,13887
475,0.25,10,-263.07684978420275,13897
476,-2.0,16,-265.07684978420275,13913
477,-7.666666666666666,34,-272.74351645086944,13947
478,-1.866666666666667,16,-274.6101831175361,13963
479,-4.5,31,-279.1101831175361,13994
480,1.3333333333333335,15,-277.7768497842028,14009
481,-13.0,47,-290.7768497842028,14056
482,4.882633053221289,47,-285.8942167309815,14103
483,-3.266666666666666,47,-289.16088339764815,14150
484,1.3333333333333333,16,-287.82755006431483,14166
485,-0.6666666666666661,32,-288.4942167309815,14198
486,1.3666666666666671,52,-287.12755006431485,14250
487,-3.011111111111111,18,-290.13866117542597,14268
488,-1.0,16,-291.13866117542597,14284
489,1.8333333333333333,34,-289.30532784209265,14318
490,-3.333333333333333,32,-292.63866117542597,14350
491,1.0,18,-291.63866117542597,14368
492,0.0,16,-291.63866117542597,14384
493,-2.833333333333334,67,-294.4719945087593,14451
494,2.6666666666666665,28,-291.8053278420926,14479
495,-1.0476190476190474,17,-292.85294688971163,14496
496,0.40000000000000036,31,-292.45294688971165,14527
497,0.1333333333333333,15,-292.31961355637833,14542
498,-7.4,33,-299.7196135563783,14575
499,-1.0,18,-300.7196135563783,14593
500,-1.666666666666667,34,-302.386280223045,14627
501,-6.9,31,-309.28628022304497,14658
502,1.5,17,-307.78628022304497,14675
503,0.0,32,-307.78628022304497,14707
504,-3.0,34,-310.78628022304497,14741
505,2.571428571428571,33,-308.2148516516164,14774
506,-4.274509803921569,16,-312.48936145553796,14790
507,1.0,9,-311.48936145553796,14799
508,0.666666666666667,42,-310.8226947888713,14841
509,-7.333333333333334,23,-318.1560281222046,14864
510,3.533333333333333,34,-314.62269478887123,14898
511,-4.0,16,-318.62269478887123,14914
512,2.0,19,-316.62269478887123,14933
513,-7.1,30,-323.72269478887125,14963
514,-1.0,10,-324.72269478887125,14973
515,1.0,5,-323.72269478887125,14978
516,0.0,13,-323.72269478887125,14991
517,9.0,38,-314.72269478887125,15029
518,0.0,1,-314.72269478887125,15030
519,2.3333333333333335,13,-312.38936145553794,15043
520,-2.666666666666667,16,-315.0560281222046,15059
521,1.0,14,-314.0560281222046,15073
522,-14.800000000000002,51,-328.85602812220463,15124
523,3.5500000000000007,38,-325.3060281222046,15162
524,1.7,36,-323.60602812220463,15198
525,-4.0,68,-327.60602812220463,15266
526,0.666666666666667,19,-326.93936145553795,15285
527,-13.4,45,-340.3393614555379,15330
528,-5.024509803921569,41,-345.3638712594595,15371
529,-1.8571428571428572,34,-347.2210141166023,15405
530,0.0,17,-347.2210141166023,15422
531,4.5,33,-342.7210141166023,15455
532,-1.0,16,-343.7210141166023,15471
533,-2.05,12,-345.7710141166023,15483
534,-0.08333333333333326,4,-345.85434744993563,15487
535,-5.666666666666667,21,-351.5210141166023,15508
536,-10.666666666666666,52,-362.187680783269,15560
537,-2.3,28,-364.487680783269,15588
538,-13.125,31,-377.612680783269,15619
539,1.0452380952380955,30,-376.5674426880309,15649
540,-2.0,18,-378.5674426880309,15667
541,21.316666666666663,113,-357.25077602136423,15780
542,-5.476190476190476,35,-362.7269664975547,15815
543,-2.0,4,-364.7269664975547,15819
544,-5.0,10,-369.7269664975547,15829
545,0.6666666666666665,13,-369.060299830888,15842
546,-2.5,23,-371.560299830888,15865
547,-4.0,17,-375.560299830888,15882
548,-7.9,32,-383.460299830888,15914
549,3.5,15,-379.960299830888,15929
550,4.857142857142858,40,-375.1031569737452,15969
551,2.666666666666667,22,-372.4364903070785,15991
552,1.0,1,-371.4364903070785,15992
553,0.5,15,-370.9364903070785,16007
554,4.833333333333333,15,-366.1031569737452,16022
555,-12.6,44,-378.7031569737452,16066
556,-4.8,18,-383.5031569737452,16084
557,3.666666666666667,35,-379.8364903070785,16119
558,-8.444444444444445,35,-388.280934751523,16154
559,-12.666666666666666,35,-400.94760141818966,16189
560,-9.0,16,-409.94760141818966,16205
561,7.666666666666667,57,-402.280934751523,16262
562,0.0,11,-402.280934751523,16273
563,3.0,17,-399.280934751523,16290
564,4.2,17,-395.080934751523,16307
565,-2.4000000000000004,16,-397.48093475152297,16323
566,-1.0999999999999996,36,-398.580934751523,16359
567,-6.633333333333333,63,-405.2142680848563,16422
568,-5.5,35,-410.7142680848563,16457
569,-9.333333333333332,30,-420.04760141818963,16487
570,1.3333333333333333,8,-418.7142680848563,16495
571,0.0,17,-418.7142680848563,16512
572,-6.8,66,-425.5142680848563,16578
573,6.0,17,-419.5142680848563,16595
574,-4.904761904761905,17,-424.41902998961825,16612
575,1.0,17,-423.41902998961825,16629
576,0.0,1,-423.41902998961825,16630
577,-5.666666666666667,16,-429.08569665628494,16646
578,0.0,9,-429.08569665628494,16655
579,-2.0,9,-431.08569665628494,16664
580,0.9166666666666665,45,-430.16902998961825,16709
581,-4.216666666666666,55,-434.3856966562849,16764
582,8.0,15,-426.3856966562849,16779
583,1.75,75,-424.6356966562849,16854
584,5.261722080136402,116,-419.3739745761485,16970
585,-7.0,19,-426.3739745761485,16989
586,12.0,18,-414.3739745761485,17007
587,-2.0,12,-416.3739745761485,17019
588,2.3333333333333335,10,-414.0406412428152,17029
589,6.7,19,-407.3406412428152,17048
590,-2.0,14,-409.3406412428152,17062
591,2.0,21,-407.3406412428152,17083
592,0.0,6,-407.3406412428152,17089
593,2.0,7,-405.3406412428152,17096
594,-0.8,17,-406.1406412428152,17113
595,-4.0,19,-410.1406412428152,17132
596,3.0,18,-407.1406412428152,17150
597,3.6666666666666665,16,-403.4739745761485,17166
598,13.956521739130437,46,-389.5174528370181,17212
599,3.09047619047619,99,-386.4269766465419,17311
600,-3.266666666666667,16,-389.69364331320855,17327
601,-3.888888888888889,60,-393.58253220209747,17387
602,-16.933333333333334,60,-410.5158655354308,17447
603,-14.357142857142858,30,-424.87300839257364,17477
604,-5.166666666666667,15,-430.0396750592403,17492
605,-1.6666666666666667,17,-431.706341725907,17509
606,-5.0,8,-436.706341725907,17517
607,-0.8,9,-437.506341725907,17526
608,-5.0,19,-442.506341725907,17545
609,-12.041176470588237,29,-454.5475181964953,17574
610,-5.666666666666666,15,-460.21418486316196,17589
611,-4.833333333333334,18,-465.0475181964953,17607
612,-1.0,17,-466.0475181964953,17624
613,-3.5,17,-469.5475181964953,17641
614,4.266666666666667,19,-465.2808515298286,17660
615,-9.0,18,-474.2808515298286,17678
616,4.0,18,-470.2808515298286,17696
617,-0.8333333333333335,15,-471.11418486316194,17711
618,5.7972222222222225,66,-465.3169626409397,17777
619,-4.966666666666667,16,-470.28362930760636,17793
620,-6.25,31,-476.53362930760636,17824
621,-1.5,15,-478.03362930760636,17839
622,-5.0,17,-483.03362930760636,17856
623,-8.0,19,-491.03362930760636,17875
624,0.19999999999999996,19,-490.8336293076064,17894
625,5.0,17,-485.8336293076064,17911
626,-4.0,19,-489.8336293076064,17930
627,3.0,31,-486.8336293076064,17961
628,-5.0,31,-491.8336293076064,17992
629,-4.666666666666666,32,-496.50029597427306,18024
630,-1.0,3,-497.50029597427306,18027
631,2.2,30,-495.30029597427307,18057
632,-0.875,26,-496.17529597427307,18083
633,-2.587301587301587,19,-498.76259756157464,18102
634,1.4469696969696968,64,-497.31562786460495,18166
635,-0.7999999999999998,31,-498.11562786460496,18197
636,-0.6666666666666667,19,-498.78229453127165,18216
637,4.0,25,-494.78229453127165,18241
638,1.2,21,-493.58229453127166,18262
639,1.6666666666666667,12,-491.91562786460497,18274
640,4.2,14,-487.715627864605,18288
641,4.6,13,-483.11562786460496,18301
642,-1.5416666666666667,24,-484.65729453127165,18325
643,0.5,20,-484.15729453127165,18345
644,2.5,50,-481.65729453127165,18395
645,17.2,33,-464.45729453127166,18428
646,4.75,33,-459.70729453127166,18461
647,-6.0,16,-465.70729453127166,18477
648,4.2,18,-461.50729453127167,18495
649,9.0,47,-452.50729453127167,18542
650,5.95,33,-446.5572945312717,18575
651,-4.9,23,-451.45729453127166,18598
652,2.7,16,-448.75729453127167,18614
653,-0.33333333333333304,34,-449.090627864605,18648
654,-10.416666666666668,16,-459.50729453127167,18664
655,-7.5,18,-467.00729453127167,18682
656,1.0,17,-466.00729453127167,18699
657,-7.236363636363636,49,-473.2436581676353,18748
658,-3.1666666666666665,36,-476.410324834302,18784
659,-10.0,43,-486.410324834302,18827
660,-0.5,8,-486.910324834302,18835
661,-3.6666666666666665,32,-490.5769915009687,18867
662,1.0,15,-489.5769915009687,18882
663,-2.0,35,-491.5769915009687,18917
664,-2.75,80,-494.3269915009687,18997
665,-3.0,6,-497.3269915009687,19003
666,-0.14285714285714285,8,-497.46984864382586,19011
667,-0.1363636363636367,31,-497.6062122801895,19042
668,-10.5,31,-508.1062122801895,19073
669,-9.0,23,-517.1062122801895,19096
670,0.0,16,-517.1062122801895,19112
671,-9.333333333333334,34,-526.4395456135229,19146
672,0.0,16,-526.4395456135229,19162
673,2.0,18,-524.4395456135229,19180
674,8.0,24,-516.4395456135229,19204
675,13.333333333333334,50,-503.1062122801896,19254
676,4.0,48,-499.1062122801896,19302
677,0.3333333333333333,4,-498.7728789468563,19306
678,-5.0,5,-503.7728789468563,19311
679,3.0,8,-500.7728789468563,19319
680,10.833333333333334,42,-489.93954561352297,19361
681,2.2095238095238097,31,-487.73002180399914,19392
682,5.333333333333333,16,-482.3966884706658,19408
683,8.166666666666666,33,-474.23002180399914,19441
684,1.5,19,-472.73002180399914,19460
685,3.5,31,-469.23002180399914,19491
686,5.461904761904761,33,-463.7681170420944,19524
687,3.0,12,-460.7681170420944,19536
688,4.5,35,-456.2681170420944,19571
689,2.825,37,-453.4431170420944,19608
690,3.0,17,-450.4431170420944,19625
691,-2.833333333333334,60,-453.2764503754277,19685
692,-3.0,30,-456.2764503754277,19715
693,0.0,10,-456.2764503754277,19725
694,-3.011111111111111,24,-459.28756148653883,19749
695,-0.1111111111111111,17,-459.3986725976499,19766
696,1.7857142857142858,17,-457.61295831193564,19783
697,1.0,4,-456.61295831193564,19787
698,0.0,2,-456.61295831193564,19789
699,1.0,12,-455.61295831193564,19801
700,2.0,17,-453.61295831193564,19818
701,9.7,30,-443.91295831193565,19848
702,-9.633333333333333,87,-453.546291645269,19935
703,-1.5,32,-455.046291645269,19967
704,1.9555555555555555,52,-453.0907360897134,20019
705,5.5,30,-447.5907360897134,20049
706,2.0,26,-445.5907360897134,20075
707,1.6666666666666665,17,-443.9240694230467,20092
708,3.0,19,-440.9240694230467,20111
709,2.333333333333333,34,-438.5907360897134,20145
710,4.0,17,-434.5907360897134,20162
711,1.0,17,-433.5907360897134,20179
712,2.142857142857143,14,-431.44787894685624,20193
713,5.0,9,-426.44787894685624,20202
714,3.0,59,-423.44787894685624,20261
715,-4.0,18,-427.44787894685624,20279
716,17.08888888888889,22,-410.35899005796733,20301
717,-8.0,38,-418.35899005796733,20339
718,1.0,7,-417.35899005796733,20346
719,1.2000000000000002,40,-416.15899005796734,20386
720,-6.208333333333333,34,-422.36732339130066,20420
721,-4.5,71,-426.86732339130066,20491
722,-6.6,9,-433.4673233913007,20500
723,-3.0,10,-436.4673233913007,20510
724,0.0,16,-436.4673233913007,20526
725,4.7555555555555555,44,-431.71176783574515,20570
726,-9.0,16,-440.71176783574515,20586
727,-1.0,15,-441.71176783574515,20601
728,-4.333333333333333,34,-446.04510116907846,20635
729,-8.416666666666666,39,-454.46176783574515,20674
730,1.0,26,-453.46176783574515,20700
731,1.2,23,-452.26176783574516,20723
732,-27.5,48,-479.76176783574516,20771
733,4.433333333333333,30,-475.3284345024118,20801
734,-12.004761904761905,45,-487.3331964071737,20846
735,-1.25,16,-488.5831964071737,20862
736,-6.355555555555554,50,-494.93875196272927,20912
737,-2.3333333333333335,15,-497.2720852960626,20927
738,-10.166666666666666,17,-507.43875196272927,20944
739,-4.0,18,-511.43875196272927,20962
740,1.0,24,-510.43875196272927,20986
741,-3.0,23,-513.4387519627293,21009
742,4.5,51,-508.93875196272927,21060
743,-1.8076923076923077,17,-510.7464442704216,21077
744,-4.333333333333334,28,-515.0797776037549,21105
745,-1.6363636363636365,8,-516.7161412401185,21113
746,1.2000000000000002,33,-515.5161412401185,21146
747,8.7,71,-506.8161412401185,21217
748,-7.0,28,-513.8161412401184,21245
749,-1.6363636363636365,16,-515.4525048764821,21261
750,-3.0,24,-518.4525048764821,21285
751,3.0,18,-515.4525048764821,21303
752,0.0,14,-515.4525048764821,21317
753,-8.941176470588236,32,-524.3936813470704,21349
754,5.700000000000001,68,-518.6936813470703,21417
755,-2.5,15,-521.1936813470703,21432
756,3.0,16,-518.1936813470703,21448
757,13.414285714285715,47,-504.7793956327846,21495
758,5.0,16,-499.7793956327846,21511
759,-2.0,16,-501.7793956327846,21527
760,-0.6666666666666665,26,-502.4460622994513,21553
761,1.2000000000000002,15,-501.2460622994513,21568
762,-4.357142857142858,81,-505.60320515659413,21649
763,-2.011111111111111,26,-507.61431626770525,21675
764,-2.5,16,-510.11431626770525,21691
765,-1.0,10,-511.11431626770525,21701
766,2.0,9,-509.11431626770525,21710
767,1.75,5,-507.36431626770525,21715
768,-4.0,44,-511.36431626770525,21759
769,-6.0,23,-517.3643162677052,21782
770,-5.0,32,-522.3643162677052,21814
771,4.0,55,-518.3643162677052,21869
772,-1.0,16,-519.3643162677052,21885
773,0.7,14,-518.6643162677052,21899
774,1.0,9,-517.6643162677052,21908
775,0.20000000000000018,11,-517.4643162677052,21919
776,1.0,15,-516.4643162677052,21934
777,-10.5,46,-526.9643162677052,21980
778,5.75,33,-521.2143162677052,22013
779,2.0,13,-519.2143162677052,22026
780,2.333333333333333,16,-516.8809829343718,22042
781,4.25,16,-512.6309829343718,22058
782,3.375,17,-509.2559829343718,22075
783,3.0,18,-506.2559829343718,22093
784,3.3999999999999986,155,-502.8559829343718,22248
785,6.476190476190475,74,-496.3797924581813,22322
786,-2.0,16,-498.3797924581813,22338
787,0.055555555555554914,73,-498.3242369026258,22411
788,8.0,18,-490.3242369026258,22429
789,-6.333333333333333,56,-496.6575702359591,22485
790,0.5,19,-496.1575702359591,22504
791,-1.1666666666666665,60,-497.3242369026258,22564
792,0.3666666666666669,32,-496.9575702359591,22596
793,4.0,16,-492.9575702359591,22612
794,-4.166666666666666,38,-497.1242369026258,22650
795,5.0,38,-492.1242369026258,22688
796,-6.866666666666667,31,-498.99090356929247,22719
797,-8.241176470588236,43,-507.2320800398807,22762
798,-5.583333333333334,20,-512.815413373214,22782
799,-3.166666666666667,27,-515.9820800398807,22809
800,1.0,33,-514.9820800398807,22842
801,13.0,48,-501.98208003988066,22890
802,4.0,17,-497.98208003988066,22907
803,2.0,16,-495.98208003988066,22923
804,-5.433333333333334,33,-501.415413373214,22956
805,2.0,18,-499.415413373214,22974
806,3.166666666666667,65,-496.2487467065473,23039
807,-0.3076923076923077,20,-496.55643901423963,23059
808,-3.3000000000000007,52,-499.85643901423964,23111
809,-1.0,26,-500.85643901423964,23137
810,6.5,17,-494.35643901423964,23154
811,23.185714285714283,76,-471.17072472852533,23230
812,8.0,35,-463.17072472852533,23265
813,4.345238095238095,30,-458.82548663328726,23295
814,-3.0,16,-461.82548663328726,23311
815,7.7333333333333325,70,-454.0921532999539,23381
816,1.5,17,-452.5921532999539,23398
817,4.4,53,-448.19215329995393,23451
818,10.208333333333334,32,-437.9838199666206,23483
819,8.308333333333334,37,-429.6754866332873,23520
820,7.1,36,-422.57548663328726,23556
821,5.3999999999999995,35,-417.1754866332873,23591
822,2.0,9,-415.1754866332873,23600
823,-4.8,31,-419.9754866332873,23631
824,0.0,29,-419.9754866332873,23660
825,15.600000000000001,59,-404.37548663328727,23719
826,-1.125,48,-405.50048663328727,23767
827,-0.11111111111111116,34,-405.61159774439835,23801
828,6.5,16,-399.11159774439835,23817
829,-3.0,24,-402.11159774439835,23841
830,11.583333333333332,58,-390.52826441106504,23899
831,6.890476190476191,35,-383.63778822058885,23934
832,6.588888888888889,34,-377.04889933169994,23968
833,5.0,15,-372.04889933169994,23983
834,9.7,69,-362.34889933169995,24052
835,5.5,17,-356.84889933169995,24069
836,-5.666666666666667,17,-362.51556599836664,24086
837,-11.666666666666668,35,-374.1822326650333,24121
838,-1.0,16,-375.1822326650333,24137
839,-1.6666666666666667,17,-376.8488993317,24154
840,0.0,18,-376.8488993317,24172
841,-7.0,20,-383.8488993317,24192
842,0.0,49,-383.8488993317,24241
843,0.0,23,-383.8488993317,24264
844,-2.6666666666666665,16,-386.5155659983667,24280
845,4.0,17,-382.5155659983667,24297
846,-0.16666666666666652,15,-382.6822326650334,24312
847,-3.5,14,-386.1822326650334,24326
848,-8.5,17,-394.6822326650334,24343
849,-1.1095238095238096,15,-395.7917564745572,24358
850,8.0,21,-387.7917564745572,24379
851,-3.5,11,-391.2917564745572,24390
852,2.0,16,-389.2917564745572,24406
853,-4.0,46,-393.2917564745572,24452
854,-1.866666666666667,15,-395.15842314122386,24467
855,2.0,17,-393.15842314122386,24484
856,-0.5,26,-393.65842314122386,24510
857,-1.1666666666666665,17,-394.82508980789055,24527
858,0.16666666666666674,15,-394.65842314122386,24542
859,-10.69047619047619,30,-405.34889933170007,24572
860,3.333333333333334,18,-402.01556599836675,24590
861,-9.055555555555555,60,-411.0711215539223,24650
862,-4.633333333333333,51,-415.7044548872556,24701
863,4.0,19,-411.7044548872556,24720
864,-2.666666666666666,39,-414.3711215539223,24759
865,-3.2500000000000004,37,-417.6211215539223,24796
866,-2.8,42,-420.4211215539223,24838
867,-2.0,12,-422.4211215539223,24850
868,0.0,18,-422.4211215539223,24868
869,-9.46969696969697,84,-431.8908185236193,24952
870,3.0,31,-428.8908185236193,24983
871,-1.0,15,-429.8908185236193,24998
872,-4.9411764705882355,13,-434.83199499420755,25011
873,-7.671428571428572,18,-442.5034235656361,25029
874,-5.0,24,-447.5034235656361,25053
875,-5.8,8,-453.30342356563614,25061
876,1.0,18,-452.30342356563614,25079
877,-9.333333333333334,50,-461.63675689896945,25129
878,-19.357142857142858,80,-480.9938997561123,25209
879,4.428571428571429,36,-476.56532832754084,25245
880,1.25,17,-475.31532832754084,25262
881,-2.0,7,-477.31532832754084,25269
882,-1.5,8,-478.81532832754084,25277
883,-11.350000000000001,109,-490.16532832754086,25386
884,0.5,16,-489.66532832754086,25402
885,-0.5,16,-490.16532832754086,25418
886,-10.166666666666666,75,-500.33199499420755,25493
887,5.333333333333334,22,-494.99866166087423,25515
888,0.0,44,-494.99866166087423,25559
889,-2.966666666666667,33,-497.9653283275409,25592
890,2.0,33,-495.9653283275409,25625
891,-1.0,25,-496.9653283275409,25650
892,0.0,14,-496.9653283275409,25664
893,-3.666666666666667,15,-500.63199499420756,25679
894,-3.1190476190476195,48,-503.75104261325515,25727
895,-3.8666666666666663,28,-507.6177092799218,25755
896,1.6666666666666665,15,-505.95104261325514,25770
897,-0.07754010695187175,31,-506.028582720207,25801
898,-1.511111111111111,16,-507.5396938313181,25817
899,0.3333333333333333,13,-507.2063604979848,25830
900,1.0,20,-506.2063604979848,25850
901,9.666666666666666,30,-496.5396938313181,25880
902,6.0,14,-490.5396938313181,25894
903,1.6388888888888888,16,-488.9008049424292,25910
904,0.0,13,-488.9008049424292,25923
905,1.0,17,-487.9008049424292,25940
906,7.317460317460317,32,-480.5833446249689,25972
907,0.33333333333333326,21,-480.2500112916356,25993
908,-2.0,16,-482.2500112916356,26009
909,-6.666666666666668,78,-488.9166779583023,26087
910,-4.5,5,-493.4166779583023,26092
911,3.0,40,-490.4166779583023,26132
912,-2.0,4,-492.4166779583023,26136
913,0.0,15,-492.4166779583023,26151
914,4.0,8,-488.4166779583023,26159
915,-1.0,28,-489.4166779583023,26187
916,-2.0,10,-491.4166779583023,26197
917,0.0,6,-491.4166779583023,26203
918,3.1,36,-488.31667795830225,26239
919,4.0,16,-484.31667795830225,26255
920,3.0,33,-481.31667795830225,26288
921,10.5,15,-470.81667795830225,26303
922,-0.08333333333333304,46,-470.90001129163556,26349
923,-2.0,19,-472.90001129163556,26368
924,7.366666666666666,14,-465.5333446249689,26382
925,-2.8,14,-468.3333446249689,26396
926,1.0,10,-467.3333446249689,26406
927,-0.4,8,-467.7333446249689,26414
928,-7.9,61,-475.63334462496886,26475
929,7.0,24,-468.63334462496886,26499
930,-3.40952380952381,49,-472.0428684344927,26548
931,-1.0,1,-473.0428684344927,26549
932,-1.1666666666666667,35,-474.20953510115936,26584
933,-3.468253968253968,38,-477.67778906941334,26622
934,-3.5,17,-481.17778906941334,26639
935,-4.3,47,-485.47778906941335,26686
936,-9.0,61,-494.47778906941335,26747
937,8.75,31,-485.72778906941335,26778
938,7.0,17,-478.72778906941335,26795
939,-0.9333333333333327,56,-479.6611224027467,26851
940,10.742857142857142,47,-468.91826525988955,26898
941,-0.4345238095238093,15,-469.35278906941335,26913
942,6.2,46,-463.15278906941336,26959
943,-1.0,4,-464.15278906941336,26963
944,4.166666666666666,11,-459.9861224027467,26974
945,3.5,16,-456.4861224027467,26990
946,-1.0,16,-457.4861224027467,27006
947,-18.883333333333333,51,-476.36945573608,27057
948,5.799999999999999,30,-470.56945573608,27087
949,3.0,19,-467.56945573608,27106
950,2.25,33,-465.31945573608,27139
951,2.5,21,-462.81945573608,27160
952,-4.0,15,-466.81945573608,27175
953,-2.4444444444444455,67,-469.26390018052444,27242
954,0.8977124183006548,111,-468.3661877622238,27353
955,-1.8,7,-470.1661877622238,27360
956,-0.2999999999999998,20,-470.4661877622238,27380
957,5.0,8,-465.4661877622238,27388
958,-1.166666666666666,18,-466.6328544288905,27406
959,4.0,21,-462.6328544288905,27427
960,-3.588888888888889,60,-466.2217433177794,27487
961,0.5,22,-465.7217433177794,27509
962,3.2,15,-462.5217433177794,27524
963,9.0,43,-453.5217433177794,27567
964,4.2555555555555555,32,-449.26618776222386,27599
965,-6.550000000000001,63,-455.8161877622239,27662
966,7.833333333333334,51,-447.98285442889056,27713
967,3.9999999999999996,46,-443.98285442889056,27759
968,0.6527777777777772,46,-443.3300766511128,27805
969,0.33333333333333337,15,-442.9967433177795,27820
970,2.833333333333333,32,-440.16340998444616,27852
971,7.0,16,-433.16340998444616,27868
972,19.6,73,-413.56340998444614,27941
973,-2.125,32,-415.68840998444614,27973
974,-5.0,20,-420.68840998444614,27993
975,-12.833333333333334,39,-433.52174331777945,28032
976,3.0,16,-430.52174331777945,28048
977,-1.0,19,-431.52174331777945,28067
978,0.1499999999999999,28,-431.3717433177795,28095
979,-3.433333333333333,31,-434.8050766511128,28126
980,0.0,17,-434.8050766511128,28143
981,0.0,14,-434.8050766511128,28157
982,2.333333333333333,16,-432.4717433177795,28173
983,-2.3047619047619055,30,-434.7765052225414,28203
984,-5.5,16,-440.2765052225414,28219
985,-2.9,34,-443.1765052225414,28253
986,-1.3333333333333333,7,-444.5098385558747,28260
987,9.666666666666666,27,-434.843171889208,28287
988,1.5,16,-433.343171889208,28303
989,-2.3,15,-435.643171889208,28318
990,-1.0,15,-436.643171889208,28333
991,-2.916666666666667,43,-439.5598385558747,28376
992,7.166666666666666,50,-432.393171889208,28426
993,0.0,15,-432.393171889208,28441
994,3.2222222222222223,66,-429.1709496669858,28507
995,2.6666666666666665,16,-426.5042830003191,28523
996,-0.8,17,-427.3042830003191,28540
997,8.642857142857142,44,-418.66142585746195,28584
998,-6.0,18,-424.66142585746195,28602
999,-2.8000000000000007,52,-427.46142585746196,28654
1000,8.5,34,-418.96142585746196,28688
1001,-8.0,13,-426.96142585746196,28701
1002,2.5,8,-424.46142585746196,28709
1003,0.5,10,-423.96142585746196,28719
1004,-0.6333333333333334,47,-424.5947591907953,28766
1005,-2.0,16,-426.5947591907953,28782
1006,0.33333333333333326,18,-426.261425857462,28800
1007,0.7000000000000002,32,-425.561425857462,28832
1008,4.0,36,-421.561425857462,28868
1009,4.055555555555555,56,-417.50587030190644,28924
1010,6.0,30,-411.50587030190644,28954
1011,12.75,65,-398.75587030190644,29019
1012,-1.0,5,-399.75587030190644,29024
1013,1.0,28,-398.75587030190644,29052
1014,4.374999999999999,50,-394.38087030190644,29102
1015,-6.694444444444445,55,-401.0753147463509,29157
1016,0.5,51,-400.5753147463509,29208
1017,-1.5714285714285714,25,-402.14674331777945,29233
1018,3.666666666666667,33,-398.48007665111277,29266
1019,2.0666666666666664,80,-396.4134099844461,29346
1020,0.6666666666666665,15,-395.7467433177794,29361
1021,2.0416666666666665,34,-393.70507665111273,29395
1022,0.5,37,-393.20507665111273,29432
1023,-1.5,30,-394.70507665111273,29462
1024,15.816666666666666,68,-378.88840998444607,29530
1025,-1.5,18,-380.38840998444607,29548
1026,-2.2857142857142856,16,-382.67412427016035,29564
1027,0.0,4,-382.67412427016035,29568
1028,0.0,5,-382.67412427016035,29573
1029,-1.0,3,-383.67412427016035,29576
1030,-3.0,12,-386.67412427016035,29588
1031,-3.5,17,-390.17412427016035,29605
1032,0.6666666666666665,50,-389.50745760349366,29655
1033,1.1111111111111112,41,-388.3963464923826,29696
1034,3.0,8,-385.3963464923826,29704
1035,-11.0,17,-396.3963464923826,29721
1036,-4.5,17,-400.8963464923826,29738
1037,6.363636363636363,17,-394.5327101287462,29755
1038,2.9166666666666665,22,-391.6160434620795,29777
1039,-10.666666666666666,16,-402.2827101287462,29793
1040,1.3,24,-400.9827101287462,29817
1041,0.5,20,-400.4827101287462,29837
1042,2.0,13,-398.4827101287462,29850
1043,5.0,7,-393.4827101287462,29857
1044,5.888888888888889,8,-387.5938212398573,29865
1045,-4.8,15,-392.3938212398573,29880
1046,-0.8,17,-393.1938212398573,29897
1047,-0.3333333333333335,35,-393.5271545731906,29932
1048,1.0,4,-392.5271545731906,29936
1049,-3.666666666666667,6,-396.1938212398573,29942
1050,9.708333333333332,79,-386.485487906524,30021
1051,-8.666666666666666,34,-395.15215457319067,30055
1052,-2.0,8,-397.15215457319067,30063
1053,-1.0,8,-398.15215457319067,30071
1054,-0.9411764705882353,4,-399.0933310437789,30075
1055,-3.0,5,-402.0933310437789,30080
1056,0.5,23,-401.5933310437789,30103
1057,-6.715686274509804,63,-408.3090173182887,30166
1058,-1.9761904761904763,57,-410.28520779447916,30223
1059,-3.0,32,-413.28520779447916,30255
1060,6.0,42,-407.28520779447916,30297
1061,2.0,14,-405.28520779447916,30311
1062,-0.5,17,-405.78520779447916,30328
1063,4.142857142857142,34,-401.642350651622,30362
1064,-9.553030303030305,43,-411.1953809546523,30405
1065,4.2,18,-406.9953809546523,30423
1066,3.5,34,-403.4953809546523,30457
1067,0.20000000000000018,60,-403.29538095465233,30517
1068,2.142857142857143,17,-401.15252381179516,30534
1069,-4.5,7,-405.65252381179516,30541
1070,0.0,4,-405.65252381179516,30545
1071,-5.0,6,-410.65252381179516,30551
1072,1.833333333333333,21,-408.81919047846185,30572
1073,-6.5,18,-415.31919047846185,30590
1074,-4.0,8,-419.31919047846185,30598
1075,-7.05,30,-426.36919047846186,30628
1076,1.0,9,-425.36919047846186,30637
1077,-0.2999999999999998,48,-425.66919047846187,30685
1078,-6.0,4,-431.66919047846187,30689
1079,-0.4,14,-432.06919047846185,30703
1080,3.0,37,-429.06919047846185,30740
1081,-1.3333333333333333,2,-430.40252381179516,30742
1082,-5.333333333333333,15,-435.7358571451285,30757
1083,2.0,34,-433.7358571451285,30791
1084,-8.333333333333334,51,-442.0691904784618,30842
1085,-10.166666666666666,33,-452.2358571451285,30875
1086,1.5,17,-450.7358571451285,30892
1087,-1.8333333333333335,15,-452.5691904784618,30907
1088,0.3333333333333335,51,-452.2358571451285,30958
1089,6.2,18,-446.0358571451285,30976
1090,-2.0,23,-448.0358571451285,30999
1091,0.0,31,-448.0358571451285,31030
1092,-0.6666666666666667,30,-448.7025238117952,31060
1093,-9.833333333333334,43,-458.5358571451285,31103
1094,-3.7142857142857144,37,-462.2501428594142,31140
1095,3.0,4,-459.2501428594142,31144
1096,4.666666666666666,12,-454.5834761927475,31156
1097,0.0,16,-454.5834761927475,31172
1098,-2.9411764705882355,15,-457.52465266333576,31187
1099,0.3333333333333333,3,-457.19131933000244,31190
1100,0.3333333333333333,1,-456.85798599666913,31191
1101,1.0,13,-455.85798599666913,31204
1102,1.0333333333333332,16,-454.82465266333577,31220
1103,2.5,19,-452.32465266333577,31239
1104,-4.166666666666667,26,-456.49131933000245,31265
1105,-1.4333333333333331,32,-457.9246526633358,31297
1106,-4.278571428571429,51,-462.2032240919072,31348
1107,-1.6666666666666667,9,-463.8698907585739,31357
1108,-8.5,9,-472.3698907585739,31366
1109,4.0,17,-468.3698907585739,31383
1110,2.0,16,-466.3698907585739,31399
1111,-12.583333333333334,34,-478.9532240919072,31433
1112,-5.25,51,-484.2032240919072,31484
1113,8.166666666666666,22,-476.0365574252405,31506
1114,-3.743478260869564,84,-479.78003568611007,31590
1115,-2.25,23,-482.03003568611007,31613
1116,-2.66025641025641,16,-484.6902920963665,31629
1117,-11.61111111111111,21,-496.30140320747756,31650
1118,-4.0,16,-500.30140320747756,31666
1119,1.0,30,-499.30140320747756,31696
1120,-5.0,18,-504.30140320747756,31714
1121,-13.3,64,-517.6014032074776,31778
1122,-4.857142857142857,35,-522.4585460646205,31813
1123,-26.48874458874459,104,-548.947290653365,31917
1124,-7.5,52,-556.447290653365,31969
1125,6.0,13,-550.447290653365,31982
1126,16.03333333333333,45,-534.4139573200317,32027
1127,-2.3333333333333335,18,-536.7472906533651,32045
1128,6.208333333333334,35,-530.5389573200317,32080
1129,-6.0,14,-536.5389573200317,32094
1130,6.2,17,-530.3389573200317,32111
1131,0.9999999999999996,31,-529.3389573200317,32142
1132,-2.0,78,-531.3389573200317,32220
1133,-5.657142857142857,19,-536.9961001771745,32239
1134,-2.8333333333333335,13,-539.8294335105079,32252
1135,-0.5,17,-540.3294335105079,32269
1136,-6.75,14,-547.0794335105079,32283
1137,-9.941176470588236,26,-557.0206099810962,32309
1138,-3.0,24,-560.0206099810962,32333
1139,-1.9444444444444446,66,-561.9650544255406,32399
1140,5.44047619047619,44,-556.5245782350645,32443
1141,-4.0,36,-560.5245782350645,32479
1142,-3.5,34,-564.0245782350645,32513
1143,-11.0,51,-575.0245782350645,32564
1144,-2.0,13,-577.0245782350645,32577
1145,-2.5,18,-579.5245782350645,32595
1146,2.166666666666666,18,-577.3579115683979,32613
1147,0.0,13,-577.3579115683979,32626
1148,-0.5,5,-577.8579115683979,32631
1149,2.866666666666667,16,-574.9912449017312,32647
1150,-8.333333333333332,14,-583.3245782350646,32661
1151,3.2,20,-580.1245782350645,32681
1152,-2.0,7,-582.1245782350645,32688
1153,2.75,7,-579.3745782350645,32695
1154,0.0,16,-579.3745782350645,32711
1155,-1.6666666666666665,16,-581.0412449017311,32727
1156,1.6666666666666665,17,-579.3745782350645,32744
1157,-0.19999999999999984,15,-579.5745782350646,32759
1158,2.2,16,-577.3745782350645,32775
1159,7.75,32,-569.6245782350645,32807
1160,-2.3333333333333335,28,-571.9579115683979,32835
1161,5.0,8,-566.9579115683979,32843
1162,0.0,20,-566.9579115683979,32863
1163,1.1428571428571428,31,-565.8150544255408,32894
1164,2.1666666666666665,28,-563.6483877588742,32922
1165,-10.333333333333334,25,-573.9817210922075,32947
1166,5.0,10,-568.9817210922075,32957
1167,0.5,18,-568.4817210922075,32975
1168,-4.166666666666667,15,-572.6483877588742,32990
1169,-1.1363636363636362,8,-573.7847513952378,32998
1170,2.2,27,-571.5847513952377,33025
1171,0.33333333333333337,40,-571.2514180619044,33065
1172,-0.5,17,-571.7514180619044,33082
1173,6.166666666666666,19,-565.5847513952377,33101
1174,-1.25,33,-566.8347513952377,33134
1175,-0.16666666666666652,15,-567.0014180619044,33149
1176,-5.5,17,-572.5014180619044,33166
1177,0.44771241830065356,35,-572.0537056436037,33201
1178,-1.0,18,-573.0537056436037,33219
1179,-15.8,16,-588.8537056436037,33235
1180,-3.333333333333333,19,-592.1870389769371,33254
1181,0.0,4,-592.1870389769371,33258
1182,2.5,15,-589.6870389769371,33273
1183,-3.0,5,-592.6870389769371,33278
1184,-2.0,3,-594.6870389769371,33281
1185,-5.0,3,-599.6870389769371,33284
1186,3.0,5,-596.6870389769371,33289
1187,0.0,4,-596.6870389769371,33293
1188,0.0,3,-596.6870389769371,33296
1189,-2.966666666666667,10,-599.6537056436038,33306
1190,-5.0,18,-604.6537056436038,33324
1191,-4.8,33,-609.4537056436037,33357
1192,-4.6911764705882355,38,-614.144882114192,33395
1193,-1.0,17,-615.144882114192,33412
1194,-9.904761904761905,46,-625.0496440189539,33458
1195,11.4,24,-613.649644018954,33482
1196,-11.907692307692308,23,-625.5573363266462,33505
1197,0.5,65,-625.0573363266462,33570
1198,-7.25,54,-632.3073363266462,33624
1199,-3.0,18,-635.3073363266462,33642
1200,-8.0,14,-643.3073363266462,33656
1201,1.5,16,-641.8073363266462,33672
1202,-3.795454545454545,71,-645.6027908721007,33743
1203,-9.27450980392157,22,-654.8773006760223,33765
1204,6.916666666666668,41,-647.9606340093557,33806
1205,-10.0,50,-657.9606340093557,33856
1206,-1.5999999999999996,16,-659.5606340093557,33872
1207,-14.0,35,-673.5606340093557,33907
1208,-11.441176470588236,33,-685.001810479944,33940
1209,-14.166666666666668,82,-699.1684771466106,34022
1210,5.5,17,-693.6684771466106,34039
1211,-2.0,34,-695.6684771466106,34073
1212,-3.0,6,-698.6684771466106,34079
1213,2.833333333333333,18,-695.8351438132772,34097
1214,-8.916666666666666,51,-704.7518104799439,34148
1215,-4.0,15,-708.7518104799439,34163
1216,-7.5,15,-716.2518104799439,34178
1217,-6.0,32,-722.2518104799439,34210
1218,0.533333333333333,33,-721.7184771466106,34243
1219,-1.6428571428571435,32,-723.3613342894677,34275
1220,-5.904761904761905,21,-729.2660961942296,34296
1221,-7.0,18,-736.2660961942296,34314
1222,-3.0,4,-739.2660961942296,34318
1223,-4.0,13,-743.2660961942296,34331
1224,-2.6666666666666665,37,-745.9327628608962,34368
1225,4.0,16,-741.9327628608962,34384
1226,-5.3,57,-747.2327628608962,34441
1227,-4.401587301587302,46,-751.6343501624834,34487
1228,-2.833333333333334,34,-754.4676834958168,34521
1229,-17.9,52,-772.3676834958168,34573
1230,-5.2444444444444445,33,-777.6121279402612,34606
1231,-5.3,31,-782.9121279402611,34637
1232,-2.0,4,-784.9121279402611,34641
1233,1.1428571428571428,35,-783.769270797404,34676
1234,9.055555555555555,28,-774.7137152418485,34704
1235,0.0,43,-774.7137152418485,34747
1236,3.0,42,-771.7137152418485,34789
1237,-4.0,22,-775.7137152418485,34811
1238,-3.666666666666667,33,-779.3803819085151,34844
1239,3.0,38,-776.3803819085151,34882
1240,-4.821428571428572,15,-781.2018104799437,34897
1241,-4.0,16,-785.2018104799437,34913
1242,-8.5,38,-793.7018104799437,34951
1243,-2.5,18,-796.2018104799437,34969
1244,-3.6666666666666665,31,-799.8684771466103,35000
1245,-2.3333333333333335,27,-802.2018104799437,35027
1246,-4.5,15,-806.7018104799437,35042
1247,-0.33333333333333337,16,-807.035143813277,35058
1248,5.0,11,-802.035143813277,35069
1249,1.3555555555555556,98,-800.6795882577214,35167
1250,5.166666666666667,37,-795.5129215910548,35204
1251,-7.333333333333334,17,-802.8462549243882,35221
1252,0.0,14,-802.8462549243882,35235
1253,2.75,13,-800.0962549243882,35248
1254,4.2555555555555555,41,-795.8406993688326,35289
1255,2.533333333333333,41,-793.3073660354993,35330
1256,16.388888888888886,110,-776.9184771466104,35440
1257,10.2,35,-766.7184771466103,35475
1258,7.6111111111111125,68,-759.1073660354992,35543
1259,12.833333333333334,16,-746.2740327021659,35559
1260,0.0,19,-746.2740327021659,35578
1261,10.666666666666668,29,-735.6073660354992,35607
1262,2.4,74,-733.2073660354993,35681
1263,0.0,9,-733.2073660354993,35690
1264,2.5055555555555564,84,-730.7018104799437,35774
1265,-3.666666666666667,15,-734.3684771466103,35789
1266,3.2838509316770184,47,-731.0846262149333,35836
1267,5.555555555555555,33,-725.5290706593778,35869
1268,0.8333333333333333,26,-724.6957373260444,35895
1269,-5.0,11,-729.6957373260444,35906
1270,3.928571428571429,39,-725.767165897473,35945
1271,2.0,6,-723.767165897473,35951
1272,16.58888888888889,42,-707.1782770085841,35993
1273,10.0,41,-697.1782770085841,36034
1274,-2.0,15,-699.1782770085841,36049
1275,2.8,14,-696.3782770085842,36063
1276,-2.4666666666666663,53,-698.8449436752509,36116
1277,3.95,28,-694.8949436752508,36144
1278,1.0,35,-693.8949436752508,36179
1279,3.833333333333333,15,-690.0616103419175,36194
1280,-0.5,17,-690.5616103419175,36211
1281,-0.6666666666666667,20,-691.2282770085841,36231
1282,4.0,5,-687.2282770085841,36236
1283,-2.6666666666666665,34,-689.8949436752507,36270
1284,-7.8,31,-697.6949436752507,36301
1285,4.085714285714285,43,-693.6092293895364,36344
1286,-0.666666666666667,26,-694.275896056203,36370
1287,-7.587878787878788,40,-701.8637748440818,36410
1288,4.649350649350649,17,-697.2144241947312,36427
1289,-2.0,16,-699.2144241947312,36443
1290,6.5,32,-692.7144241947312,36475
1291,2.55,47,-690.1644241947313,36522
1292,7.666666666666666,36,-682.4977575280647,36558
1293,3.75,28,-678.7477575280647,36586
1294,-2.7023809523809526,35,-681.4501384804456,36621
1295,2.0,17,-679.4501384804456,36638
1296,-10.478571428571428,25,-689.928709909017,36663
1297,-7.716666666666667,52,-697.6453765756837,36715
1298,-8.61111111111111,27,-706.2564876867948,36742
1299,-5.214285714285714,27,-711.4707734010805,36769
1300,2.5,27,-708.9707734010805,36796
1301,0.20000000000000018,71,-708.7707734010804,36867
1302,10.5,36,-698.2707734010804,36903
1303,5.0,14,-693.2707734010804,36917
1304,-1.0,5,-694.2707734010804,36922
1305,4.2,8,-690.0707734010804,36930
1306,-3.5,10,-693.5707734010804,36940
1307,5.0,26,-688.5707734010804,36966
1308,-1.6666666666666667,21,-690.237440067747,36987
1309,10.0,30,-680.237440067747,37017
1310,-6.0,18,-686.237440067747,37035
1311,-3.428571428571429,14,-689.6660114963184,37049
1312,-1.5,17,-691.1660114963184,37066
1313,7.5,31,-683.6660114963184,37097
1314,-4.419668737060042,71,-688.0856802333785,37168
1315,1.5,17,-686.5856802333785,37185
1316,1.0,16,-685.5856802333785,37201
1317,1.9047619047619047,15,-683.6809183286166,37216
1318,-0.8571428571428571,14,-684.5380611857595,37230
1319,3.3571428571428577,22,-681.1809183286166,37252
1320,0.8571428571428572,36,-680.3237754714737,37288
1321,-0.16666666666666696,16,-680.4904421381403,37304
1322,7.628571428571428,44,-672.861870709569,37348
1323,-1.4,18,-674.2618707095689,37366
1324,2.7750000000000004,66,-671.486870709569,37432
1325,-1.2285714285714284,17,-672.7154421381404,37449
1326,2.0,14,-670.7154421381404,37463
1327,8.666666666666668,35,-662.0487754714737,37498
1328,14.4,30,-647.6487754714738,37528
1329,6.166666666666667,45,-641.4821088048071,37573
1330,-2.0,24,-643.4821088048071,37597
1331,8.571428571428571,17,-634.9106802333786,37614
1332,2.0,38,-632.9106802333786,37652
1333,3.666666666666667,42,-629.2440135667119,37694
1334,9.0,28,-620.2440135667119,37722
1335,1.166666666666667,32,-619.0773469000453,37754
1336,0.2666666666666667,16,-618.8106802333787,37770
1337,-10.933333333333332,87,-629.7440135667119,37857
1338,1.0,17,-628.7440135667119,37874
1339,6.0,14,-622.7440135667119,37888
1340,-2.0,23,-624.7440135667119,37911
1341,1.3111111111111118,24,-623.4329024556008,37935
1342,1.0,16,-622.4329024556008,37951
1343,8.571428571428571,15,-613.8614738841723,37966
1344,-1.6666666666666665,14,-615.5281405508389,37980
1345,5.5,27,-610.0281405508389,38007
1346,18.7,72,-591.3281405508388,38079
1347,5.0,52,-586.3281405508388,38131
1348,11.075,53,-575.2531405508388,38184
1349,0.0,10,-575.2531405508388,38194
1350,0.33333333333333304,21,-574.9198072175054,38215
1351,-3.0,18,-577.9198072175054,38233
1352,-0.13043478260869557,18,-578.0502420001142,38251
1353,0.39215686274509753,45,-577.6580851373691,38296
1354,-8.177655677655679,34,-585.8357408150248,38330
1355,-6.357142857142858,35,-592.1928836721677,38365
1356,1.0833333333333333,31,-591.1095503388343,38396
1357,5.671428571428571,32,-585.4381217674057,38428
1358,3.6,14,-581.8381217674057,38442
1359,2.238095238095238,30,-579.6000265293105,38472
1360,5.071428571428571,22,-574.528597957882,38494
1361,7.166666666666666,23,-567.3619312912153,38517
1362,5.071428571428571,18,-562.2905027197868,38535
1363,-2.375,43,-564.6655027197868,38578
1364,0.0,8,-564.6655027197868,38586
1365,6.571428571428571,36,-558.0940741483582,38622
1366,5.2,36,-552.8940741483582,38658
1367,10.014285714285714,33,-542.8797884340725,38691
1368,7.0,17,-535.8797884340725,38708
1369,10.666666666666666,47,-525.2131217674058,38755
1370,1.0333333333333332,63,-524.1797884340725,38818
1371,6.833333333333334,47,-517.3464551007391,38865
1372,4.0,16,-513.3464551007391,38881
1373,3.9000000000000004,24,-509.4464551007392,38905
1374,4.666666666666667,17,-504.7797884340725,38922
1375,3.904761904761905,14,-500.87502652931056,38936
1376,0.3999999999999999,32,-500.4750265293106,38968
1377,3.571428571428571,27,-496.903597957882,38995
1378,8.904761904761903,67,-487.9988360531201,39062
1379,-1.0,18,-488.9988360531201,39080
1380,0.6000000000000001,5,-488.3988360531201,39085
1381,0.25,52,-488.1488360531201,39137
1382,6.771428571428571,69,-481.37740748169153,39206
1383,-7.8999999999999995,52,-489.2774074816915,39258
1384,0.33333333333333337,18,-488.9440741483582,39276
1385,-3.2857142857142856,27,-492.2297884340725,39303
1386,-0.25,18,-492.4797884340725,39321
1387,6.0,38,-486.4797884340725,39359
1388,-1.8666666666666667,82,-488.34645510073915,39441
1389,1.8333333333333333,15,-486.51312176740583,39456
1390,-5.266666666666667,30,-491.7797884340725,39486
1391,1.5,16,-490.2797884340725,39502
1392,-9.13888888888889,27,-499.4186773229614,39529
1393,5.0,17,-494.4186773229614,39546
1394,-3.6666666666666665,14,-498.0853439896281,39560
1395,-6.1,17,-504.1853439896281,39577
1396,-7.083333333333334,15,-511.2686773229614,39592
1397,-6.766666666666667,15,-518.0353439896281,39607
1398,2.6166666666666667,53,-515.4186773229615,39660
1399,-1.0,27,-516.4186773229615,39687
1400,-9.290476190476191,30,-525.7091535134376,39717
1401,-3.0,20,-528.7091535134376,39737
1402,3.619047619047619,28,-525.09010589439,39765
1403,-2.8,20,-527.89010589439,39785
1404,-4.666666666666666,17,-532.5567725610566,39802
1405,-4.347619047619048,42,-536.9043916086757,39844
1406,-4.2,24,-541.1043916086758,39868
1407,-6.666666666666667,19,-547.7710582753424,39887
1408,-1.7999999999999998,7,-549.5710582753424,39894
1409,2.5333333333333337,22,-547.037724942009,39916
1410,3.25,40,-543.787724942009,39956
1411,1.0,18,-542.787724942009,39974
1412,1.3333333333333333,18,-541.4543916086757,39992
1413,2.447619047619048,72,-539.0067725610567,40064
1414,-10.55,19,-549.5567725610566,40083
1415,1.3333333333333333,9,-548.2234392277232,40092
1416,-2.5666666666666664,39,-550.79010589439,40131
1417,-1.0,16,-551.79010589439,40147
1418,2.0,17,-549.79010589439,40164
1419,3.185714285714286,15,-546.6043916086757,40179
1420,-0.1428571428571428,16,-546.7472487515328,40195
1421,-1.7142857142857142,3,-548.4615344658184,40198
1422,9.055555555555555,13,-539.4059789102629,40211
1423,3.0,32,-536.4059789102629,40243
1424,2.5,16,-533.9059789102629,40259
1425,0.0,16,-533.9059789102629,40275
1426,-1.0,16,-534.9059789102629,40291
1427,-5.833333333333333,34,-540.7393122435963,40325
1428,-3.3304347826086955,44,-544.0697470262049,40369
1429,2.033333333333333,16,-542.0364136928716,40385
1430,-1.7999999999999998,22,-543.8364136928716,40407
1431,-7.9,26,-551.7364136928716,40433
1432,-0.5054945054945057,13,-552.2419081983661,40446
1433,-4.347619047619047,17,-556.5895272459851,40463
1434,-1.0,15,-557.5895272459851,40478
1435,-1.8333333333333337,43,-559.4228605793185,40521
1436,1.0,14,-558.4228605793185,40535
1437,6.363636363636363,35,-552.0592242156821,40570
1438,7.271428571428571,20,-544.7877956442535,40590
1439,18.0,48,-526.7877956442535,40638
1440,3.571428571428571,16,-523.2163670728249,40654
1441,3.0,20,-520.2163670728249,40674
1442,4.333333333333333,61,-515.8830337394916,40735
1443,-3.333333333333333,7,-519.2163670728249,40742
1444,10.733333333333334,25,-508.4830337394916,40767
1445,2.2857142857142856,14,-506.1973194537773,40781
1446,-2.3333333333333335,15,-508.5306527871106,40796
1447,0.3333333333333335,17,-508.1973194537773,40813
1448,4.0588235294117645,28,-504.13849592436554,40841
1449,7.755555555555555,41,-496.38294036881,40882
1450,0.0,17,-496.38294036881,40899
1451,5.666666666666667,13,-490.7162737021433,40912
1452,5.166666666666667,33,-485.54960703547664,40945
1453,5.575,16,-479.97460703547665,40961
1454,0.24935064935064943,32,-479.725256386126,40993
1455,2.6,32,-477.12525638612595,41025
1456,6.0,34,-471.12525638612595,41059
1457,-4.966666666666667,16,-476.0919230527926,41075
1458,-1.8095238095238093,27,-477.9014468623164,41102
1459,1.5,15,-476.4014468623164,41117
1460,-0.20238095238095255,49,-476.60382781469735,41166
1461,0.0,18,-476.60382781469735,41184
1462,11.0,47,-465.60382781469735,41231
1463,5.333333333333333,61,-460.27049448136404,41292
1464,-4.0,14,-464.27049448136404,41306
1465,-1.5,16,-465.77049448136404,41322
1466,-17.0,29,-482.77049448136404,41351
1467,0.0,14,-482.77049448136404,41365
1468,1.066666666666667,25,-481.7038278146974,41390
1469,0.9230769230769229,19,-480.78075089162047,41409
1470,10.5,22,-470.28075089162047,41431
1471,-8.166666666666668,37,-478.44741755828716,41468
1472,-7.5,15,-485.94741755828716,41483
1473,-3.666666666666667,46,-489.61408422495384,41529
1474,1.0333333333333334,25,-488.5807508916205,41554
1475,-4.05,16,-492.6307508916205,41570
1476,-1.0,15,-493.6307508916205,41585
1477,-0.5,8,-494.1307508916205,41593
1478,-0.5,7,-494.6307508916205,41600
1479,-8.904761904761905,66,-503.5355127963824,41666
1480,1.0,1,-502.5355127963824,41667
1481,-7.5,35,-510.0355127963824,41702
1482,-5.0,34,-515.0355127963824,41736
1483,-3.3333333333333335,7,-518.3688461297157,41743
1484,1.0,7,-517.3688461297157,41750
1485,1.0,9,-516.3688461297157,41759
1486,-2.5,9,-518.8688461297157,41768
1487,-5.9411764705882355,21,-524.810022600304,41789
1488,3.333333333333333,16,-521.4766892669707,41805
1489,-4.0,18,-525.4766892669707,41823
1490,3.5,17,-521.9766892669707,41840
1491,-15.904761904761905,32,-537.8814511717326,41872
1492,-4.0,16,-541.8814511717326,41888
1493,1.128571428571429,35,-540.7528797431612,41923
1494,0.0,15,-540.7528797431612,41938
1495,-0.5,18,-541.2528797431612,41956
1496,-6.883333333333333,32,-548.1362130764945,41988
1497,-6.5,32,-554.6362130764945,42020
1498,-6.05,17,-560.6862130764945,42037
1499,0.6666666666666666,26,-560.0195464098279,42063
1500,-4.8277777777777775,49,-564.8473241876056,42112
1501,-11.226984126984128,32,-576.0743083145898,42144
1502,-12.0,16,-588.0743083145898,42160
1503,8.25,31,-579.8243083145898,42191
1504,2.5,19,-577.3243083145898,42210
1505,1.65,48,-575.6743083145898,42258
1506,-7.3,16,-582.9743083145897,42274
1507,1.666666666666666,46,-581.3076416479231,42320
1508,-8.833333333333332,22,-590.1409749812565,42342
1509,-1.5,12,-591.6409749812565,42354
1510,7.916666666666666,31,-583.7243083145898,42385
1511,9.142857142857142,71,-574.5814511717327,42456
1512,2.2,17,-572.3814511717327,42473
1513,3.333333333333334,67,-569.0481178383993,42540
1514,0.0,34,-569.0481178383993,42574
1515,-3.5,77,-572.5481178383993,42651
1516,2.25,31,-570.2981178383993,42682
1517,-1.7857142857142856,16,-572.0838321241137,42698
1518,-2.4102564102564106,42,-574.4940885343701,42740
1519,-4.333333333333334,16,-578.8274218677035,42756
1520,4.075,18,-574.7524218677034,42774
1521,-1.0,3,-575.7524218677034,42777
1522,0.4222222222222223,28,-575.3301996454812,42805
1523,4.795238095238095,51,-570.5349615502431,42856
1524,9.25,21,-561.2849615502431,42877
1525,-0.8888888888888888,11,-562.173850439132,42888
1526,5.363636363636363,15,-556.8102140754957,42903
1527,-0.5,15,-557.3102140754957,42918
1528,3.0,15,-554.3102140754957,42933
1529,8.083333333333332,33,-546.2268807421623,42966
1530,-0.2999999999999998,15,-546.5268807421622,42981
1531,1.8333333333333333,24,-544.6935474088289,43005
1532,0.8888888888888888,18,-543.80465851994,43023
1533,0.7000000000000002,30,-543.1046585199399,43053
1534,1.375,14,-541.7296585199399,43067
1535,-0.5499999999999996,49,-542.2796585199399,43116
1536,3.365591397849462,25,-538.9140671220904,43141
1537,1.333333333333333,33,-537.580733788757,43174
1538,-2.5,19,-540.080733788757,43193
1539,-18.46969696969697,68,-558.550430758454,43261
1540,-8.41025641025641,37,-566.9606871687105,43298
1541,-5.3,16,-572.2606871687104,43314
1542,-5.5,35,-577.7606871687104,43349
1543,-12.3,33,-590.0606871687104,43382
1544,2.0,16,-588.0606871687104,43398
1545,6.0,35,-582.0606871687104,43433
1546,2.0,17,-580.0606871687104,43450
1547,2.0,18,-578.0606871687104,43468
1548,0.0,7,-578.0606871687104,43475
1549,-18.704761904761906,111,-596.7654490734723,43586
1550,3.1666666666666665,68,-593.5987824068056,43654
1551,1.0,24,-592.5987824068056,43678
1552,8.7,31,-583.8987824068056,43709
1553,1.2588235294117647,28,-582.6399588773938,43737
1554,9.142857142857142,15,-573.4971017345367,43752
1555,-1.3333333333333333,25,-574.8304350678701,43777
1556,6.5,15,-568.3304350678701,43792
1557,-2.6944444444444446,34,-571.0248795123146,43826
1558,-1.8,15,-572.8248795123145,43841
1559,-4.333333333333334,19,-577.1582128456479,43860
1560,7.5,24,-569.6582128456479,43884
1561,5.7,51,-563.9582128456478,43935
1562,-2.6,37,-566.5582128456479,43972
1563,-5.5,38,-572.0582128456479,44010
1564,-1.7428571428571429,32,-573.801069988505,44042
1565,-8.857142857142858,17,-582.6582128456479,44059
1566,5.9,16,-576.7582128456479,44075
1567,-0.5,46,-577.2582128456479,44121
1568,0.0,11,-577.2582128456479,44132
1569,-3.5,16,-580.7582128456479,44148
1570,-3.2666666666666666,18,-584.0248795123146,44166
1571,-11.0,48,-595.0248795123146,44214
1572,3.3333333333333335,12,-591.6915461789812,44226
1573,5.5,54,-586.1915461789812,44280
1574,-1.5,28,-587.6915461789812,44308
1575,-1.0,18,-588.6915461789812,44326
1576,-4.290476190476191,33,-592.9820223694574,44359
1577,0.5,31,-592.4820223694574,44390
1578,2.6,17,-589.8820223694573,44407
1579,2.0,18,-587.8820223694573,44425
1580,1.4,41,-586.4820223694574,44466
1581,0.833333333333333,51,-585.648689036124,44517
1582,-4.966666666666666,34,-590.6153557027907,44551
1583,-4.454545454545455,44,-595.0699011573362,44595
1584,11.890476190476193,68,-583.17942496686,44663
1585,-1.0,17,-584.17942496686,44680
1586,1.0,20,-583.17942496686,44700
1587,7.0,39,-576.17942496686,44739
1588,-2.0,18,-578.17942496686,44757
1589,3.0,33,-575.17942496686,44790
1590,-2.5,47,-577.67942496686,44837
1591,2.0,6,-575.67942496686,44843
1592,-1.5,11,-577.17942496686,44854
1593,5.0,37,-572.17942496686,44891
1594,-2.0,18,-574.17942496686,44909
1595,-0.6666666666666665,16,-574.8460916335266,44925
1596,4.866666666666667,16,-569.9794249668599,44941
1597,2.0,21,-567.9794249668599,44962
1598,-11.333333333333332,22,-579.3127583001933,44984
1599,-6.0,13,-585.3127583001933,44997
1600,-2.5,80,-587.8127583001933,45077
1601,0.7000000000000002,18,-587.1127583001933,45095
1602,-9.0,19,-596.1127583001933,45114
1603,8.433333333333334,52,-587.67942496686,45166
1604,2.7,33,-584.9794249668599,45199
1605,8.38888888888889,48,-576.590536077971,45247
1606,0.0,2,-576.590536077971,45249
1607,10.433333333333334,79,-566.1572027446377,45328
1608,-5.333333333333333,41,-571.4905360779711,45369
1609,-2.0,19,-573.4905360779711,45388
1610,-6.0,16,-579.4905360779711,45404
1611,1.726190476190476,19,-577.7643456017806,45423
1612,-3.666666666666667,12,-581.4310122684473,45435
1613,8.166666666666666,17,-573.2643456017806,45452
1614,-0.5,16,-573.7643456017806,45468
1615,5.0,16,-568.7643456017806,45484
1616,0.6500000000000004,41,-568.1143456017807,45525
1617,0.0,28,-568.1143456017807,45553
1618,-0.6571428571428566,18,-568.7714884589235,45571
1619,-10.5,18,-579.2714884589235,45589
1620,3.0,20,-576.2714884589235,45609
1621,-5.377777777777778,41,-581.6492662367012,45650
1622,0.7142857142857144,23,-580.9349805224156,45673
1623,-1.583333333333334,25,-582.5183138557489,45698
1624,-4.0,32,-586.5183138557489,45730
1625,5.0,17,-581.5183138557489,45747
1626,-1.9,17,-583.4183138557489,45764
1627,4.666666666666667,62,-578.7516471890823,45826
1628,8.0,35,-570.7516471890823,45861
1629,5.80952380952381,47,-564.9421233795584,45908
1630,4.333333333333334,16,-560.6087900462251,45924
1631,-1.9444444444444446,25,-562.5532344906695,45949
1632,-6.611111111111111,35,-569.1643456017806,45984
1633,-4.166666666666666,30,-573.3310122684472,46014
1634,4.714285714285714,8,-568.6167265541616,46022
1635,3.1,33,-565.5167265541616,46055
1636,6.5,16,-559.0167265541616,46071
1637,-3.833333333333334,66,-562.8500598874949,46137
1638,-0.5,31,-563.3500598874949,46168
1639,2.033333333333333,46,-561.3167265541616,46214
1640,-8.333333333333332,16,-569.650059887495,46230
1641,-0.833333333333333,16,-570.4833932208284,46246
1642,1.0,17,-569.4833932208284,46263
1643,6.75,48,-562.7333932208284,46311
1644,3.5,17,-559.2333932208284,46328
1645,0.34285714285714297,15,-558.8905360779712,46343
1646,3.2833333333333328,48,-555.6072027446379,46391
1647,-3.0,15,-558.6072027446379,46406
1648,2.5,18,-556.1072027446379,46424
1649,-0.41666666666666696,48,-556.5238694113045,46472
1650,-2.0,18,-558.5238694113045,46490
1651,3.0,16,-555.5238694113045,46506
1652,-1.5833333333333335,64,-557.1072027446379,46570
1653,2.5,27,-554.6072027446379,46597
1654,0.5,37,-554.1072027446379,46634
1655,19.03333333333333,42,-535.0738694113046,46676
1656,-0.21843434343434298,54,-535.2923037547389,46730
1657,4.0,33,-531.2923037547389,46763
1658,-0.9,18,-532.1923037547389,46781
1659,2.761904761904762,27,-529.4303989928341,46808
1660,-7.0,13,-536.4303989928341,46821
1661,-6.25,36,-542.6803989928341,46857
1662,4.0,33,-538.6803989928341,46890
1663,-6.0,43,-544.6803989928341,46933
1664,-5.25,17,-549.9303989928341,46950
1665,-2.5,32,-552.4303989928341,46982
1666,-2.666666666666667,33,-555.0970656595007,47015
1667,1.5,25,-553.5970656595007,47040
1668,6.25,17,-547.3470656595007,47057
1669,-1.0,17,-548.3470656595007,47074
1670,-15.777777777777777,61,-564.1248434372785,47135
1671,-0.4,16,-564.5248434372785,47151
1672,2.0,13,-562.5248434372785,47164
1673,-4.833333333333334,31,-567.3581767706119,47195
1674,-6.1000000000000005,78,-573.4581767706119,47273
1675,4.0,12,-569.4581767706119,47285
1676,7.888888888888889,19,-561.569287881723,47304
1677,-4.6,16,-566.169287881723,47320
1678,0.3666666666666667,33,-565.8026212150563,47353
1679,0.7000000000000002,31,-565.1026212150563,47384
1680,-9.266666666666666,15,-574.3692878817229,47399
1681,-8.98792270531401,33,-583.3572105870369,47432
1682,-23.833333333333336,75,-607.1905439203703,47507
1683,-2.1,33,-609.2905439203703,47540
1684,1.0,14,-608.2905439203703,47554
1685,-10.666666666666666,25,-618.9572105870369,47579
1686,1.666666666666667,51,-617.2905439203703,47630
1687,-3.8,24,-621.0905439203702,47654
1688,-15.666666666666666,40,-636.7572105870369,47694
1689,-6.0,19,-642.7572105870369,47713
1690,4.0,17,-638.7572105870369,47730
1691,-0.5,46,-639.2572105870369,47776
1692,-0.5666666666666664,42,-639.8238772537036,47818
1693,-4.0,17,-643.8238772537036,47835
1694,-7.0,55,-650.8238772537036,47890
1695,-3.103030303030303,34,-653.9269075567339,47924
1696,-4.5,47,-658.4269075567339,47971
1697,-0.6944444444444446,54,-659.1213520011784,48025
1698,-1.1666666666666667,33,-660.288018667845,48058
1699,0.47619047619047583,35,-659.8118281916545,48093
1700,-3.5,15,-663.3118281916545,48108
1701,-5.0,20,-668.3118281916545,48128
1702,2.5,17,-665.8118281916545,48145
1703,1.0,17,-664.8118281916545,48162
1704,-0.833333333333333,48,-665.6451615249879,48210
1705,-9.857142857142858,19,-675.5023043821308,48229
1706,-7.666666666666667,34,-683.1689710487974,48263
1707,0.16666666666666696,35,-683.0023043821308,48298
1708,-3.0,19,-686.0023043821308,48317
1709,-10.555555555555555,50,-696.5578599376863,48367
1710,3.0555555555555554,99,-693.5023043821308,48466
1711,-6.449999999999999,24,-699.9523043821308,48490
1712,-3.8,16,-703.7523043821308,48506
1713,-5.800000000000001,66,-709.5523043821307,48572
1714,2.083333333333333,33,-707.4689710487974,48605
1715,-9.222222222222221,38,-716.6911932710195,48643
1716,13.7,51,-702.9911932710195,48694
1717,-4.133333333333334,46,-707.1245266043528,48740
1718,-0.916666666666667,26,-708.0411932710194,48766
1719,6.0,28,-702.0411932710194,48794
1720,1.666666666666667,35,-700.3745266043528,48829
1721,-1.125,33,-701.4995266043528,48862
1722,-7.300000000000001,32,-708.7995266043528,48894
1723,-4.0,15,-712.7995266043528,48909
1724,-4.0,17,-716.7995266043528,48926
1725,-0.5,31,-717.2995266043528,48957
1726,4.833333333333332,36,-712.4661932710194,48993
1727,-1.5,16,-713.9661932710194,49009
1728,-5.0,16,-718.9661932710194,49025
1729,-0.8,16,-719.7661932710193,49041
1730,-3.0238095238095237,36,-722.7900027948289,49077
1731,2.333333333333333,15,-720.4566694614955,49092
1732,-1.0,13,-721.4566694614955,49105
1733,-2.166666666666667,17,-723.6233361281621,49122
1734,-7.0,29,-730.6233361281621,49151
1735,1.0119658119658117,49,-729.6113703161963,49200
1736,1.0,16,-728.6113703161963,49216
1737,-12.9,27,-741.5113703161962,49243
1738,-1.6,18,-743.1113703161963,49261
1739,-3.0,12,-746.1113703161963,49273
1740,7.0,28,-739.1113703161963,49301
1741,-7.211111111111111,71,-746.3224814273074,49372
1742,-2.0,15,-748.3224814273074,49387
1743,-0.5,2,-748.8224814273074,49389
1744,2.2,30,-746.6224814273073,49419
1745,3.7555555555555555,23,-742.8669258717517,49442
1746,-2.0,20,-744.8669258717517,49462
1747,-6.647619047619049,36,-751.5145449193708,49498
1748,-8.625,72,-760.1395449193708,49570
1749,1.2,45,-758.9395449193707,49615
1750,-0.6666666666666665,22,-759.6062115860374,49637
1751,0.0,31,-759.6062115860374,49668
1752,6.0,16,-753.6062115860374,49684
1753,4.0,31,-749.6062115860374,49715
1754,-6.466666666666667,46,-756.0728782527041,49761
1755,-7.0,18,-763.0728782527041,49779
1756,0.0,34,-763.0728782527041,49813
1757,2.0,31,-761.0728782527041,49844
1758,-2.833333333333334,10,-763.9062115860374,49854
1759,-6.357142857142858,39,-770.2633544431803,49893
1760,1.0555555555555554,33,-769.2077988876248,49926
1761,-5.5,51,-774.7077988876248,49977
1762,-3.0,18,-777.7077988876248,49995
1763,-9.031652661064427,68,-786.7394515486892,50063
1764,-1.6,23,-788.3394515486892,50086
1765,2.0,31,-786.3394515486892,50117
1766,-0.666666666666667,17,-787.0061182153559,50134
1767,0.2,4,-786.8061182153558,50138
1768,-1.6666666666666667,12,-788.4727848820224,50150
1769,0.8095238095238095,7,-787.6632610724986,50157
1770,-2.0,3,-789.6632610724986,50160
1771,5.0,12,-784.6632610724986,50172
1772,1.666666666666667,35,-782.996594405832,50207
1773,-32.44395424836601,136,-815.440548654198,50343
1774,0.0,1,-815.440548654198,50344
1775,-5.5,14,-820.940548654198,50358
1776,3.8095238095238084,36,-817.1310248446741,50394
1777,-0.27450980392156854,56,-817.4055346485957,50450
1778,-6.999999999999999,20,-824.4055346485957,50470
1779,0.8888888888888888,36,-823.5166457597068,50506
1780,-8.076923076923077,17,-831.5935688366299,50523
1781,-9.0,35,-840.5935688366299,50558
1782,-3.0,15,-843.5935688366299,50573
1783,-9.133333333333335,25,-852.7269021699632,50598
1784,-4.0,13,-856.7269021699632,50611
1785,-1.0,14,-857.7269021699632,50625
1786,-6.5,29,-864.2269021699632,50654
1787,-8.100000000000001,24,-872.3269021699632,50678
1788,1.0,14,-871.3269021699632,50692
1789,1.5,16,-869.8269021699632,50708
1790,-3.0,12,-872.8269021699632,50720
1791,-1.4545454545454546,19,-874.2814476245087,50739
1792,0.19999999999999996,19,-874.0814476245087,50758
1793,-0.3333333333333333,34,-874.414780957842,50792
1794,-0.07692307692307687,28,-874.4917040347651,50820
1795,1.166666666666667,31,-873.3250373680985,50851
1796,0.0,2,-873.3250373680985,50853
1797,-2.7777777777777777,23,-876.1028151458763,50876
1798,-7.933333333333334,36,-884.0361484792096,50912
1799,-1.8,18,-885.8361484792096,50930
1800,-0.07142857142857117,13,-885.9075770506381,50943
1801,-0.8269230769230771,48,-886.7345001275612,50991
1802,3.0,13,-883.7345001275612,51004
1803,3.666666666666667,22,-880.0678334608946,51026
1804,4.475,16,-875.5928334608946,51042
1805,-11.55,35,-887.1428334608945,51077
1806,-4.75,44,-891.8928334608945,51121
1807,-6.0,34,-897.8928334608945,51155
1808,-4.0,13,-901.8928334608945,51168
1809,-3.5769230769230766,17,-905.4697565378176,51185
1810,-13.966666666666669,115,-919.4364232044843,51300
1811,-10.666666666666666,33,-930.1030898711509,51333
1812,0.33333333333333337,33,-929.7697565378176,51366
1813,3.708333333333334,32,-926.0614232044842,51398
1814,-3.5,42,-929.5614232044842,51440
1815,4.2,40,-925.3614232044841,51480
1816,9.071428571428571,26,-916.2899946330556,51506
1817,3.6666666666666665,13,-912.623327966389,51519
1818,4.333333333333334,33,-908.2899946330556,51552
1819,13.142857142857142,16,-895.1471374901985,51568
1820,3.0,12,-892.1471374901985,51580
1821,-4.666666666666666,34,-896.8138041568651,51614
1822,4.0,15,-892.8138041568651,51629
1823,4.5,34,-888.3138041568651,51663
1824,19.766666666666666,62,-868.5471374901985,51725
1825,-2.0,17,-870.5471374901985,51742
1826,14.9,78,-855.6471374901985,51820
1827,1.7222222222222223,53,-853.9249152679763,51873
1828,1.6666666666666667,10,-852.2582486013097,51883
1829,12.533333333333333,33,-839.7249152679764,51916
1830,8.333333333333334,32,-831.391581934643,51948
1831,-5.0,15,-836.391581934643,51963
1832,2.0,10,-834.391581934643,51973
1833,2.0,7,-832.391581934643,51980
1834,0.0,11,-832.391581934643,51991
1835,0.08333333333333326,18,-832.3082486013096,52009
1836,5.0,20,-827.3082486013096,52029
1837,-4.0,20,-831.3082486013096,52049
1838,1.0,7,-830.3082486013096,52056
1839,1.0,39,-829.3082486013096,52095
1840,-0.5,15,-829.8082486013096,52110
1841,-2.041666666666667,51,-831.8499152679763,52161
1842,4.90909090909091,42,-826.9408243588854,52203
1843,5.041666666666668,52,-821.8991576922188,52255
1844,-1.75,17,-823.6491576922188,52272
1845,7.0,38,-816.6491576922188,52310
1846,0.666666666666667,115,-815.9824910255521,52425
1847,2.0,16,-813.9824910255521,52441
1848,0.0,18,-813.9824910255521,52459
1849,-0.6666666666666666,42,-814.6491576922188,52501
1850,-13.933333333333334,61,-828.582491025552,52562
1851,-8.333333333333334,17,-836.9158243588854,52579
1852,-8.404761904761905,38,-845.3205862636473,52617
1853,6.666666666666666,26,-838.6539195969807,52643
1854,-5.9411764705882355,34,-844.595096067569,52677
1855,-6.004761904761905,94,-850.5998579723309,52771
1856,3.888888888888889,19,-846.710969083442,52790
1857,1.0,17,-845.710969083442,52807
1858,16.47222222222222,79,-829.2387468612199,52886
1859,-3.5238095238095237,17,-832.7625563850294,52903
1860,3.0,13,-829.7625563850294,52916
1861,4.0,30,-825.7625563850294,52946
1862,3.3333333333333335,4,-822.429223051696,52950
1863,-1.3333333333333335,12,-823.7625563850294,52962
1864,-1.5,29,-825.2625563850294,52991
1865,1.4,19,-823.8625563850294,53010
1866,4.80952380952381,16,-819.0530325755055,53026
1867,2.0,18,-817.0530325755055,53044
1868,4.4857142857142875,30,-812.5673182897913,53074
1869,0.0,2,-812.5673182897913,53076
1870,0.0,13,-812.5673182897913,53089
1871,7.2,33,-805.3673182897912,53122
1872,0.5083333333333331,32,-804.8589849564579,53154
1873,1.1666666666666667,16,-803.6923182897913,53170
1874,2.5,18,-801.1923182897913,53188
1875,22.476190476190474,39,-778.7161278136008,53227
1876,4.166666666666667,40,-774.5494611469342,53267
1877,-4.0,26,-778.5494611469342,53293
1878,-3.836363636363637,20,-782.3858247832978,53313
1879,0.5625,57,-781.8233247832978,53370
1880,2.0,17,-779.8233247832978,53387
1881,0.0,9,-779.8233247832978,53396
1882,-1.5,27,-781.3233247832978,53423
1883,3.9999999999999996,18,-777.3233247832978,53441
1884,9.0,14,-768.3233247832978,53455
1885,-3.111111111111111,17,-771.4344358944089,53472
1886,5.0,18,-766.4344358944089,53490
1887,6.0,13,-760.4344358944089,53503
1888,1.0,16,-759.4344358944089,53519
1889,-7.333333333333334,16,-766.7677692277423,53535
1890,-5.166666666666667,30,-771.9344358944089,53565
1891,-4.309523809523809,15,-776.2439597039328,53580
1892,7.0,25,-769.2439597039328,53605
1893,3.4638888888888886,77,-765.7800708150439,53682
1894,2.25,23,-763.5300708150439,53705
1895,-4.0,17,-767.5300708150439,53722
1896,5.0,19,-762.5300708150439,53741
1897,5.5,22,-757.0300708150439,53763
1898,-8.5,41,-765.5300708150439,53804
1899,3.833333333333333,16,-761.6967374817106,53820
1900,-4.5,5,-766.1967374817106,53825
1901,-1.0,14,-767.1967374817106,53839
1902,-3.5,22,-770.6967374817106,53861
1903,12.666666666666666,36,-758.0300708150439,53897
1904,5.133333333333334,38,-752.8967374817106,53935
1905,3.009090909090909,68,-749.8876465726197,54003
1906,-1.5,15,-751.3876465726197,54018
1907,3.583333333333333,77,-747.8043132392863,54095
1908,7.333333333333334,32,-740.470979905953,54127
1909,4.0,8,-736.470979905953,54135
1910,3.583333333333333,55,-732.8876465726196,54190
1911,6.5,18,-726.3876465726196,54208
1912,8.2,18,-718.1876465726195,54226
1913,0.0,9,-718.1876465726195,54235
1914,-7.333333333333334,9,-725.5209799059529,54244
1915,0.20000000000000018,18,-725.3209799059529,54262
1916,5.0,33,-720.3209799059529,54295
1917,1.0,7,-719.3209799059529,54302
1918,4.0,4,-715.3209799059529,54306
1919,0.8333333333333339,35,-714.4876465726195,54341
1920,0.0,1,-714.4876465726195,54342
1921,1.0238095238095237,15,-713.46383704881,54357
1922,14.5,110,-698.96383704881,54467
1923,3.3888888888888893,30,-695.5749481599211,54497
1924,-2.8333333333333335,15,-698.4082814932544,54512
1925,0.0,16,-698.4082814932544,54528
1926,2.95,27,-695.4582814932544,54555
1927,-6.0,19,-701.4582814932544,54574
1928,-2.0,4,-703.4582814932544,54578
1929,1.0,16,-702.4582814932544,54594
1930,1.1238095238095243,47,-701.3344719694448,54641
1931,4.8088235294117645,31,-696.5256484400331,54672
1932,-3.0,19,-699.5256484400331,54691
1933,-1.0,20,-700.5256484400331,54711
1934,4.555555555555555,24,-695.9700928844776,54735
1935,4.222222222222221,52,-691.7478706622554,54787
1936,-2.4,35,-694.1478706622554,54822
1937,0.5,17,-693.6478706622554,54839
1938,-6.0,34,-699.6478706622554,54873
1939,0.44999999999999996,31,-699.1978706622554,54904
1940,0.0,15,-699.1978706622554,54919
1941,-0.666666666666667,50,-699.864537328922,54969
1942,-2.2666666666666666,50,-702.1312039955886,55019
1943,-0.666666666666667,33,-702.7978706622553,55052
1944,-1.0,16,-703.7978706622553,55068
1945,6.0,15,-697.7978706622553,55083
1946,3.0476190476190483,32,-694.7502516146362,55115
1947,-3.75,65,-698.5002516146362,55180
1948,6.366666666666666,17,-692.1335849479696,55197
1949,11.0,28,-681.1335849479696,55225
1950,3.0,15,-678.1335849479696,55240
1951,0.0,13,-678.1335849479696,55253
1952,6.5,35,-671.6335849479696,55288
1953,6.833333333333334,17,-664.8002516146362,55305
1954,4.0,16,-660.8002516146362,55321
1955,2.0,33,-658.8002516146362,55354
1956,9.333333333333334,31,-649.4669182813028,55385
1957,4.833333333333333,36,-644.6335849479694,55421
1958,0.0,7,-644.6335849479694,55428
1959,-2.3,39,-646.9335849479694,55467
1960,-1.0,14,-647.9335849479694,55481
1961,5.166666666666667,93,-642.7669182813028,55574
1962,-3.404761904761906,77,-646.1716801860647,55651
1963,1.0,16,-645.1716801860647,55667
1964,3.533333333333333,50,-641.6383468527314,55717
1965,0.0,31,-641.6383468527314,55748
1966,-2.8,41,-644.4383468527313,55789
1967,1.0,15,-643.4383468527313,55804
1968,1.166666666666667,61,-642.2716801860647,55865
1969,1.3333333333333335,25,-640.9383468527313,55890
1970,2.0,33,-638.9383468527313,55923
1971,6.5,35,-632.4383468527313,55958
1972,6.2,19,-626.2383468527313,55977
1973,3.2,5,-623.0383468527313,55982
1974,1.0,8,-622.0383468527313,55990
1975,-4.0,47,-626.0383468527313,56037
1976,1.0,34,-625.0383468527313,56071
1977,6.0,27,-619.0383468527313,56098
1978,23.333333333333332,98,-595.7050135193979,56196
1979,3.875,18,-591.8300135193979,56214
1980,3.0,16,-588.8300135193979,56230
1981,-3.0,19,-591.8300135193979,56249
1982,5.523809523809524,48,-586.3062039955884,56297
1983,7.666666666666666,49,-578.6395373289217,56346
1984,5.333333333333334,14,-573.3062039955884,56360
1985,-1.916666666666667,17,-575.222870662255,56377
1986,-2.666666666666667,15,-577.8895373289216,56392
1987,0.5,21,-577.3895373289216,56413
1988,-2.5,42,-579.8895373289216,56455
1989,5.0,30,-574.8895373289216,56485
1990,1.25,14,-573.6395373289216,56499
1991,6.033333333333333,22,-567.6062039955883,56521
1992,-2.5,19,-570.1062039955883,56540
1993,-8.0,27,-578.1062039955883,56567
1994,-1.9047619047619047,33,-580.0109659003502,56600
1995,7.666666666666667,47,-572.3442992336836,56647
1996,-0.25,36,-572.5942992336836,56683
1997,-7.0,25,-579.5942992336836,56708
1998,3.0,26,-576.5942992336836,56734
1999,5.766666666666666,72,-570.827632567017,56806
2000,-1.5,65,-572.327632567017,56871
2001,-3.666666666666667,31,-575.9942992336836,56902
2002,3.5,33,-572.4942992336836,56935
2003,-5.357142857142858,31,-577.8514420908265,56966
2004,-1.0,34,-578.8514420908265,57000
2005,-0.4,11,-579.2514420908265,57011
2006,-1.0,18,-580.2514420908265,57029
2007,9.0,35,-571.2514420908265,57064
2008,4.0,32,-567.2514420908265,57096
2009,-9.107142857142858,66,-576.3585849479693,57162
2010,-2.55,58,-578.9085849479693,57220
2011,-6.0,14,-584.9085849479693,57234
2012,4.0,15,-580.9085849479693,57249
2013,-0.6666666666666665,37,-581.5752516146359,57286
2014,-3.0,19,-584.5752516146359,57305
2015,6.2,18,-578.3752516146359,57323
2016,2.4761904761904763,28,-575.8990611384454,57351
2017,0.8333333333333335,16,-575.065727805112,57367
2018,0.9166666666666661,62,-574.1490611384454,57429
2019,5.714285714285714,33,-568.4347754241597,57462
2020,2.0,18,-566.4347754241597,57480
2021,0.7,33,-565.7347754241597,57513
2022,7.25,39,-558.4847754241597,57552
2023,10.833333333333334,53,-547.6514420908263,57605
2024,1.725,18,-545.9264420908263,57623
2025,4.666666666666667,45,-541.2597754241597,57668
2026,-2.0,36,-543.2597754241597,57704
2027,5.0,27,-538.2597754241597,57731
2028,9.833333333333334,29,-528.4264420908263,57760
2029,10.708333333333334,24,-517.7181087574929,57784
2030,-6.857142857142858,48,-524.5752516146358,57832
2031,7.083333333333334,15,-517.4919182813024,57847
2032,6.0,14,-511.49191828130245,57861
2033,-0.2999999999999998,21,-511.79191828130246,57882
2034,6.5,30,-505.29191828130246,57912
2035,-4.0,28,-509.29191828130246,57940
2036,1.0,9,-508.29191828130246,57949
2037,-2.8,15,-511.09191828130247,57964
2038,-4.904761904761905,17,-515.9966801860644,57981
2039,-7.0,17,-522.9966801860644,57998
2040,0.5333333333333334,9,-522.4633468527311,58007
2041,0.0,8,-522.4633468527311,58015
2042,-2.0,39,-524.4633468527311,58054
2043,-1.6666666666666667,16,-526.1300135193977,58070
2044,2.0,18,-524.1300135193977,58088
2045,-3.5,31,-527.6300135193977,58119
2046,-8.0,35,-535.6300135193977,58154
2047,3.0,16,-532.6300135193977,58170
2048,-2.388888888888889,20,-535.0189024082866,58190
2049,-6.5,64,-541.5189024082866,58254
2050,-3.0,14,-544.5189024082866,58268
2051,-7.404761904761905,21,-551.9236643130486,58289
2052,-15.143478260869564,48,-567.0671425739181,58337
2053,-0.7999999999999998,16,-567.867142573918,58353
2054,-14.433333333333335,31,-582.3004759072513,58384
2055,3.166666666666666,30,-579.1338092405847,58414
2056,-1.0,17,-580.1338092405847,58431
2057,-2.0,14,-582.1338092405847,58445
2058,-4.166666666666666,24,-586.3004759072513,58469
2059,6.0,18,-580.3004759072513,58487
2060,-11.433333333333334,80,-591.7338092405846,58567
2061,-2.666666666666667,22,-594.4004759072512,58589
2062,-9.383333333333335,53,-603.7838092405846,58642
2063,10.583333333333334,45,-593.2004759072512,58687
2064,-8.5,52,-601.7004759072512,58739
2065,-6.333333333333334,16,-608.0338092405846,58755
2066,-5.916666666666666,32,-613.9504759072512,58787
2067,0.0,24,-613.9504759072512,58811
2068,3.0,32,-610.9504759072512,58843
2069,5.142857142857143,33,-605.8076187643941,58876
2070,-2.3333333333333335,69,-608.1409520977274,58945
2071,-8.466666666666667,65,-616.6076187643941,59010
2072,-1.857142857142857,50,-618.464761621537,59060
2073,0.5,18,-617.964761621537,59078
2074,0.0,2,-617.964761621537,59080
2075,0.0,17,-617.964761621537,59097
2076,1.5,3,-616.464761621537,59100
2077,-2.0,15,-618.464761621537,59115
2078,-4.966666666666667,64,-623.4314282882037,59179
2079,-4.5,38,-627.9314282882037,59217
2080,-13.847619047619048,93,-641.7790473358227,59310
2081,8.666666666666666,43,-633.1123806691561,59353
2082,2.0,19,-631.1123806691561,59372
2083,2.5,18,-628.6123806691561,59390
2084,-5.633333333333333,21,-634.2457140024894,59411
2085,-11.716666666666667,52,-645.9623806691561,59463
2086,1.4999999999999991,41,-644.4623806691561,59504
2087,11.238095238095237,15,-633.2242854310609,59519
2088,-3.5,17,-636.7242854310609,59536
2089,-8.666666666666668,15,-645.3909520977276,59551
2090,4.4,13,-640.9909520977276,59564
2091,3.0,17,-637.9909520977276,59581
2092,-9.0,33,-646.9909520977276,59614
2093,5.444444444444445,34,-641.5465076532831,59648
2094,1.1,36,-640.4465076532831,59684
2095,-2.0,16,-642.4465076532831,59700
2096,-3.9,17,-646.3465076532831,59717
2097,-2.133333333333333,33,-648.4798409866164,59750
2098,-4.466666666666666,57,-652.9465076532831,59807
2099,-5.15,43,-658.0965076532831,59850
2100,-2.5,5,-660.5965076532831,59855
2101,-5.666666666666667,28,-666.2631743199497,59883
2102,-5.583333333333333,18,-671.8465076532831,59901
2103,0.0,2,-671.8465076532831,59903
2104,-7.0,18,-678.8465076532831,59921
2105,-11.833333333333332,31,-690.6798409866165,59952
2106,2.666666666666667,46,-688.0131743199498,59998
2107,-0.5,14,-688.5131743199498,60012
2108,-2.8,16,-691.3131743199498,60028
2109,5.5,17,-685.8131743199498,60045
2110,-7.266666666666667,51,-693.0798409866164,60096
2111,-4.704761904761904,17,-697.7846028913783,60113
2112,1.5333333333333332,20,-696.251269558045,60133
2113,-10.444444444444445,16,-706.6957140024895,60149
2114,0.5,17,-706.1957140024895,60166
2115,8.0,50,-698.1957140024895,60216
2116,3.5,47,-694.6957140024895,60263
2117,-3.333333333333333,38,-698.0290473358228,60301
2118,-4.0,32,-702.0290473358228,60333
2119,2.7,23,-699.3290473358228,60356
2120,-7.6,16,-706.9290473358228,60372
2121,1.5,31,-705.4290473358228,60403
2122,-2.9999999999999996,33,-708.4290473358228,60436
2123,0.0588235294117645,40,-708.3702238064111,60476
2124,-6.0,50,-714.3702238064111,60526
2125,-2.083333333333333,23,-716.4535571397445,60549
2126,-2.857142857142857,16,-719.3106999968874,60565
2127,-5.0,17,-724.3106999968874,60582
2128,2.0595238095238093,32,-722.2511761873635,60614
2129,-2.5,33,-724.7511761873635,60647
2130,0.2898550724637685,14,-724.4613211148998,60661
2131,-12.633333333333333,47,-737.0946544482331,60708
2132,11.0,86,-726.0946544482331,60794
2133,3.8666666666666667,35,-722.2279877815664,60829
2134,0.0,7,-722.2279877815664,60836
2135,-10.0,26,-732.2279877815664,60862
2136,-14.436363636363637,86,-746.66435141793,60948
2137,-4.133333333333334,39,-750.7976847512633,60987
2138,-5.38562091503268,25,-756.183305666296,61012
2139,6.7,29,-749.4833056662959,61041
2140,5.1,30,-744.3833056662959,61071
2141,-5.333333333333334,17,-749.7166389996293,61088
2142,-7.711764705882354,18,-757.4284037055116,61106
2143,-5.0,13,-762.4284037055116,61119
2144,-2.8,17,-765.2284037055116,61136
2145,0.0,16,-765.2284037055116,61152
2146,-10.036363636363637,35,-775.2647673418752,61187
2147,1.5,55,-773.7647673418752,61242
2148,-1.9999999999999996,16,-775.7647673418752,61258
2149,-1.8000000000000003,51,-777.5647673418752,61309
2150,-2.8,34,-780.3647673418751,61343
2151,-1.0,19,-781.3647673418751,61362
2152,-3.0,4,-784.3647673418751,61366
2153,3.0,30,-781.3647673418751,61396
2154,-4.0,16,-785.3647673418751,61412
2155,-4.841176470588235,57,-790.2059438124634,61469
2156,-11.142857142857142,51,-801.3488009553205,61520
2157,-6.416666666666666,49,-807.7654676219871,61569
2158,-4.0,22,-811.7654676219871,61591
2159,-2.6904761904761902,14,-814.4559438124633,61605
2160,-4.75,54,-819.2059438124633,61659
2161,-5.3304347826086955,35,-824.5363785950719,61694
2162,-2.0,52,-826.5363785950719,61746
2163,-1.666666666666667,35,-828.2030452617386,61781
2164,7.5,30,-820.7030452617386,61811
2165,-3.0,30,-823.7030452617386,61841
2166,2.0555555555555554,18,-821.647489706183,61859
2167,5.428571428571429,16,-816.2189182776116,61875
2168,2.3333333333333335,17,-813.8855849442782,61892
2169,0.0,16,-813.8855849442782,61908
2170,-1.3333333333333333,13,-815.2189182776116,61921
2171,2.6666666666666665,33,-812.552251610945,61954
2172,-2.3,17,-814.8522516109449,61971
2173,-9.6,20,-824.4522516109449,61991
2174,-2.4,10,-826.8522516109449,62001
2175,4.0,31,-822.8522516109449,62032
2176,14.866666666666667,30,-807.9855849442782,62062
2177,3.5,15,-804.4855849442782,62077
2178,7.5,54,-796.9855849442782,62131
2179,2.3666666666666667,32,-794.6189182776116,62163
2180,6.5,17,-788.1189182776116,62180
2181,-7.0,20,-795.1189182776116,62200
2182,-5.666666666666667,29,-800.7855849442782,62229
2183,-1.0,17,-801.7855849442782,62246
2184,0.8666666666666668,34,-800.9189182776115,62280
2185,4.309523809523809,31,-796.6093944680877,62311
2186,0.25,41,-796.3593944680877,62352
2187,-7.298319327731093,97,-803.6577137958187,62449
2188,3.1666666666666665,59,-800.4910471291521,62508
2189,4.809523809523809,51,-795.6815233196282,62559
2190,-6.0,35,-801.6815233196282,62594
2191,0.6666666666666665,23,-801.0148566529616,62617
2192,3.0,24,-798.0148566529616,62641
2193,8.866666666666667,65,-789.1481899862949,62706
2194,4.642857142857143,45,-784.5053328434378,62751
2195,-0.33333333333333304,47,-784.8386661767712,62798
2196,2.8888888888888893,88,-781.9497772878823,62886
2197,-3.0277777777777777,16,-784.9775550656601,62902
2198,8.808823529411764,63,-776.1687315362484,62965
2199,9.746031746031747,33,-766.4226997902167,62998
2200,-0.6666666666666665,16,-767.0893664568833,63014
2201,2.0,16,-765.0893664568833,63030
2202,-0.08333333333333348,19,-765.1726997902167,63049
2203,7.666666666666666,22,-757.5060331235501,63071
2204,-2.333333333333333,17,-759.8393664568835,63088
2205,-0.5,18,-760.3393664568835,63106
2206,-8.0,33,-768.3393664568835,63139
2207,1.0,48,-767.3393664568835,63187
2208,1.5,33,-765.8393664568835,63220
2209,-8.7,23,-774.5393664568835,63243
2210,-1.0,15,-775.5393664568835,63258
2211,-6.5,32,-782.0393664568835,63290
2212,-0.26666666666666683,32,-782.3060331235502,63322
2213,-5.0,26,-787.3060331235502,63348
2214,2.0,18,-785.3060331235502,63366
2215,6.199999999999999,51,-779.1060331235501,63417
2216,5.1111111111111125,20,-773.994922012439,63437
2217,1.0,32,-772.994922012439,63469
2218,6.333333333333333,84,-766.6615886791056,63553
2219,3.5666666666666664,31,-763.0949220124389,63584
2220,-12.285714285714285,55,-775.3806362981533,63639
2221,3.7638888888888893,70,-771.6167474092643,63709
2222,-4.0,15,-775.6167474092643,63724
2223,-2.0,4,-777.6167474092643,63728
2224,-2.4,12,-780.0167474092643,63740
2225,1.0,4,-779.0167474092643,63744
2226,-0.33333333333333326,12,-779.3500807425977,63756
2227,5.0,15,-774.3500807425977,63771
2228,1.0166666666666666,24,-773.333414075931,63795
2229,-3.25,66,-776.583414075931,63861
2230,1.6666666666666665,14,-774.9167474092644,63875
2231,1.5333333333333337,16,-773.3834140759311,63891
2232,3.0,76,-770.3834140759311,63967
2233,2.672459893048128,57,-767.710954182883,64024
2234,-2.8333333333333335,33,-770.5442875162164,64057
2235,-1.777777777777778,53,-772.3220652939942,64110
2236,-3.0,23,-775.3220652939942,64133
2237,-1.5,20,-776.8220652939942,64153
2238,0.833333333333333,64,-775.9887319606609,64217
2239,8.2,35,-767.7887319606608,64252
2240,-2.0,2,-769.7887319606608,64254
2241,-3.0,15,-772.7887319606608,64269
2242,1.0,32,-771.7887319606608,64301
2243,5.833333333333333,31,-765.9553986273274,64332
2244,-2.0,5,-767.9553986273274,64337
2245,5.123076923076923,16,-762.8323217042505,64353
2246,3.333333333333333,50,-759.4989883709171,64403
2247,2.35,9,-757.1489883709171,64412
2248,0.0,8,-757.1489883709171,64420
2249,-2.8,41,-759.948988370917,64461
2250,10.0,16,-749.948988370917,64477
2251,-3.133333333333333,32,-753.0823217042504,64509
2252,-3.0,5,-756.0823217042504,64514
2253,2.0,20,-754.0823217042504,64534
2254,-1.0,11,-755.0823217042504,64545
2255,2.5,15,-752.5823217042504,64560
2256,-0.30000000000000004,40,-752.8823217042503,64600
2257,12.0,52,-740.8823217042503,64652
2258,16.183333333333334,35,-724.698988370917,64687
2259,-1.0,9,-725.698988370917,64696
2260,1.2000000000000002,26,-724.498988370917,64722
2261,-0.8,16,-725.298988370917,64738
2262,7.5,34,-717.798988370917,64772
2263,1.5,18,-716.298988370917,64790
2264,-1.380952380952381,18,-717.6799407518694,64808
2265,-1.0,17,-718.6799407518694,64825
2266,1.8888888888888888,19,-716.7910518629805,64844
2267,5.366666666666667,53,-711.4243851963138,64897
2268,-1.0,18,-712.4243851963138,64915
2269,-2.0,33,-714.4243851963138,64948
2270,-1.5,16,-715.9243851963138,64964
2271,2.0588235294117645,41,-713.8655616669021,65005
2272,-5.752380952380952,95,-719.617942619283,65100
2273,5.0,39,-714.617942619283,65139
2274,0.0,4,-714.617942619283,65143
2275,4.0,28,-710.617942619283,65171
2276,9.366666666666667,96,-701.2512759526163,65267
2277,2.1666666666666665,27,-699.0846092859497,65294
2278,0.0,15,-699.0846092859497,65309
2279,3.1666666666666665,15,-695.917942619283,65324
2280,0.0,16,-695.917942619283,65340
2281,7.0,28,-688.917942619283,65368
2282,1.0,15,-687.917942619283,65383
2283,-1.4666666666666668,15,-689.3846092859498,65398
2284,0.0,18,-689.3846092859498,65416
2285,7.083333333333332,90,-682.3012759526164,65506
2286,2.0,12,-680.3012759526164,65518
2287,5.566666666666666,34,-674.7346092859497,65552
2288,-3.0,18,-677.7346092859497,65570
2289,12.833333333333334,32,-664.9012759526163,65602
2290,5.166666666666666,18,-659.7346092859497,65620
2291,-0.6666666666666666,16,-660.4012759526163,65636
2292,3.523809523809524,41,-656.8774664288068,65677
2293,5.888888888888888,25,-650.9885775399179,65702
2294,-1.0,14,-651.9885775399179,65716
2295,2.2,35,-649.7885775399178,65751
2296,-3.166666666666667,37,-652.9552442065844,65788
2297,3.0,29,-649.9552442065844,65817
2298,-14.636363636363637,62,-664.5916078429481,65879
2299,-5.166666666666667,32,-669.7582745096147,65911
2300,4.0,18,-665.7582745096147,65929
2301,-0.1428571428571428,16,-665.9011316524718,65945
2302,-4.0,15,-669.9011316524718,65960
2303,-9.833333333333334,18,-679.7344649858052,65978
2304,-4.0,17,-683.7344649858052,65995
2305,-2.6666666666666665,25,-686.4011316524718,66020
2306,2.9047619047619047,16,-683.4963697477099,66036
2307,-2.166666666666666,52,-685.6630364143765,66088
2308,-2.3333333333333335,15,-687.9963697477099,66103
2309,1.5,15,-686.4963697477099,66118
2310,2.0,20,-684.4963697477099,66138
2311,-2.4,18,-686.8963697477099,66156
2312,-1.0,17,-687.8963697477099,66173
2313,5.0,16,-682.8963697477099,66189
2314,-1.0,24,-683.8963697477099,66213
2315,-16.376923076923077,70,-700.2732928246329,66283
2316,-7.376190476190477,33,-707.6494833008234,66316
2317,-4.666666666666667,19,-712.31614996749,66335
2318,-4.0,18,-716.31614996749,66353
2319,-4.833333333333334,34,-721.1494833008234,66387
2320,0.05882352941176472,15,-721.0906597714117,66402
2321,8.0,21,-713.0906597714117,66423
2322,1.6666666666666665,20,-711.423993104745,66443
2323,-8.0,32,-719.423993104745,66475
2324,5.388888888888888,16,-714.0351042158561,66491
2325,-10.3,48,-724.3351042158561,66539
2326,-7.5,27,-731.8351042158561,66566
2327,1.3333333333333335,16,-730.5017708825227,66582
2328,-13.13809523809524,31,-743.639866120618,66613
2329,1.1666666666666667,35,-742.4731994539513,66648
2330,-12.0,43,-754.4731994539513,66691
2331,3.166666666666667,16,-751.3065327872847,66707
2332,-2.9333333333333336,8,-754.239866120618,66715
2333,2.0,10,-752.239866120618,66725
2334,0.0,25,-752.239866120618,66750
2335,4.5,15,-747.739866120618,66765
2336,0.05555555555555536,32,-747.6843105650624,66797
2337,9.166666666666666,49,-738.5176438983958,66846
2338,2.0,5,-736.5176438983958,66851
2339,6.2,11,-730.3176438983958,66862
2340,5.0,15,-725.3176438983958,66877
2341,4.0,50,-721.3176438983958,66927
2342,0.33333333333333304,33,-720.9843105650624,66960
2343,3.8333333333333335,47,-717.150977231729,67007
2344,-3.5935064935064935,45,-720.7444837252356,67052
2345,-9.0,24,-729.7444837252356,67076
2346,-9.5,32,-739.2444837252356,67108
2347,2.0,5,-737.2444837252356,67113
2348,4.0,13,-733.2444837252356,67126
2349,6.5,33,-726.7444837252356,67159
2350,-1.0,17,-727.7444837252356,67176
2351,1.0,8,-726.7444837252356,67184
2352,3.1666666666666665,23,-723.5778170585689,67207
2353,3.416666666666666,28,-720.1611503919023,67235
2354,-6.3,38,-726.4611503919023,67273
2355,5.333333333333334,28,-721.1278170585689,67301
2356,-1.6666666666666667,15,-722.7944837252355,67316
2357,2.0,20,-720.7944837252355,67336
2358,3.0,36,-717.7944837252355,67372
2359,2.375,17,-715.4194837252355,67389
2360,-2.0,13,-717.4194837252355,67402
2361,4.0,16,-713.4194837252355,67418
2362,1.0,31,-712.4194837252355,67449
2363,-1.5,20,-713.9194837252355,67469
2364,1.0999999999999996,118,-712.8194837252355,67587
2365,-1.0,19,-713.8194837252355,67606
2366,-4.0,16,-717.8194837252355,67622
2367,2.0,17,-715.8194837252355,67639
2368,1.3666666666666671,33,-714.4528170585688,67672
2369,-2.5,31,-716.9528170585688,67703
2370,0.9999999999999998,12,-715.9528170585688,67715
2371,-6.0,52,-721.9528170585688,67767
2372,-1.7333333333333334,41,-723.6861503919022,67808
2373,-1.5916666666666672,135,-725.2778170585689,67943
2374,6.25,36,-719.0278170585689,67979
2375,0.0,8,-719.0278170585689,67987
2376,4.333333333333334,20,-714.6944837252355,68007
2377,-3.0,45,-717.6944837252355,68052
2378,6.125,21,-711.5694837252355,68073
2379,3.666666666666666,15,-707.9028170585689,68088
2380,7.0,15,-700.9028170585689,68103
2381,7.0,34,-693.9028170585689,68137
2382,-1.25,34,-695.1528170585689,68171
2383,2.256410256410256,17,-692.8964068021586,68188
2384,-4.46969696969697,63,-697.3661037718556,68251
2385,-2.9444444444444446,101,-700.3105482163,68352
2386,-0.9047619047619047,32,-701.215310121062,68384
2387,-18.6,28,-719.815310121062,68412
2388,-1.0,15,-720.815310121062,68427
2389,-4.0,15,-724.815310121062,68442
2390,-8.0,31,-732.815310121062,68473
2391,-11.636363636363637,30,-744.4516737574256,68503
2392,-12.25,29,-756.7016737574256,68532
2393,7.0,16,-749.7016737574256,68548
2394,1.0,20,-748.7016737574256,68568
2395,6.5,20,-742.2016737574256,68588
2396,-3.6666666666666665,20,-745.8683404240923,68608
2397,0.8333333333333333,14,-745.0350070907589,68622
2398,-2.9047619047619047,31,-747.9397689955208,68653
2399,2.333333333333333,18,-745.6064356621874,68671
2400,-4.0,16,-749.6064356621874,68687
2401,-3.2666666666666666,16,-752.8731023288541,68703
2402,-3.833333333333333,15,-756.7064356621875,68718
2403,2.0,32,-754.7064356621875,68750
2404,-2.0666666666666664,33,-756.7731023288542,68783
2405,3.5,8,-753.2731023288542,68791
2406,0.0,10,-753.2731023288542,68801
2407,3.3333333333333335,16,-749.9397689955208,68817
2408,1.6666666666666665,15,-748.2731023288542,68832
2409,-7.0,30,-755.2731023288542,68862
2410,2.0,15,-753.2731023288542,68877
2411,-5.166666666666667,22,-758.4397689955208,68899
2412,8.5,16,-749.9397689955208,68915
2413,12.5,15,-737.4397689955208,68930
2414,3.333333333333334,37,-734.1064356621874,68967
2415,6.0,28,-728.1064356621874,68995
2416,-11.0,16,-739.1064356621874,69011
2417,0.19999999999999996,17,-738.9064356621874,69028
2418,-2.875,36,-741.7814356621874,69064
2419,-16.666666666666668,31,-758.448102328854,69095
2420,0.5833333333333335,16,-757.8647689955206,69111
2421,3.666666666666666,17,-754.198102328854,69128
2422,-3.5,32,-757.698102328854,69160
2423,-1.8,16,-759.498102328854,69176
2424,4.083333333333333,88,-755.4147689955206,69264
2425,7.5,31,-747.9147689955206,69295
2426,-3.076923076923077,33,-750.9916920724437,69328
2427,5.5,34,-745.4916920724437,69362
2428,5.0,16,-740.4916920724437,69378
2429,6.6,49,-733.8916920724437,69427
2430,2.2,15,-731.6916920724436,69442
2431,-10.75,50,-742.4416920724436,69492
2432,0.7666666666666666,32,-741.675025405777,69524
2433,4.333333333333334,35,-737.3416920724436,69559
2434,3.0,32,-734.3416920724436,69591
2435,-5.5,15,-739.8416920724436,69606
2436,2.0,20,-737.8416920724436,69626
2437,0.08333333333333348,44,-737.7583587391102,69670
2438,2.5785714285714283,68,-735.1797873105388,69738
2439,2.0,10,-733.1797873105388,69748
2440,2.35,18,-730.8297873105388,69766
2441,-2.6666666666666665,16,-733.4964539772054,69782
2442,0.5,17,-732.9964539772054,69799
2443,11.833333333333334,31,-721.163120643872,69830
2444,-1.303030303030303,29,-722.4661509469023,69859
2445,-3.0,16,-725.4661509469023,69875
2446,6.0,18,-719.4661509469023,69893
2447,-7.65,104,-727.1161509469023,69997
2448,4.2,16,-722.9161509469022,70013
2449,13.75,53,-709.1661509469022,70066
2450,-1.0,7,-710.1661509469022,70073
2451,-5.0,18,-715.1661509469022,70091
2452,1.1731601731601726,42,-713.992990773742,70133
2453,-4.0,16,-717.992990773742,70149
2454,1.0,17,-716.992990773742,70166
2455,3.0,15,-713.992990773742,70181
2456,5.333333333333334,16,-708.6596574404086,70197
2457,8.666666666666668,34,-699.992990773742,70231
2458,-5.833333333333334,34,-705.8263241070754,70265
2459,2.0,15,-703.8263241070754,70280
2460,2.9523809523809526,22,-700.8739431546944,70302
2461,-4.833333333333333,31,-705.7072764880278,70333
2462,1.0,29,-704.7072764880278,70362
2463,2.6666666666666665,19,-702.0406098213612,70381
2464,-5.741176470588235,30,-707.7817862919494,70411
2465,-1.5333333333333337,15,-709.3151196252827,70426
2466,-4.309523809523809,17,-713.6246434348066,70443
2467,1.0,17,-712.6246434348066,70460
2468,2.166666666666667,15,-710.4579767681399,70475
2469,1.6,21,-708.8579767681399,70496
2470,3.0,51,-705.8579767681399,70547
2471,-0.7420634920634919,50,-706.6000402602034,70597
2472,13.088888888888889,64,-693.5111513713146,70661
2473,-4.5,19,-698.0111513713146,70680
2474,6.2,38,-691.8111513713145,70718
2475,-0.666666666666667,16,-692.4778180379811,70734
2476,-5.0,16,-697.4778180379811,70750
2477,-2.0,15,-699.4778180379811,70765
2478,-4.533333333333333,17,-704.0111513713144,70782
2479,4.0,32,-700.0111513713144,70814
2480,-0.7745098039215683,35,-700.785661175236,70849
2481,2.3333333333333335,16,-698.4523278419026,70865
2482,-2.25,14,-700.7023278419026,70879
2483,-2.0,15,-702.7023278419026,70894
2484,-2.8,18,-705.5023278419026,70912
2485,-1.1333333333333335,18,-706.6356611752359,70930
2486,7.0,16,-699.6356611752359,70946
2487,0.0,20,-699.6356611752359,70966
2488,-5.166666666666667,17,-704.8023278419025,70983
2489,0.3999999999999999,16,-704.4023278419025,70999
2490,3.2416666666666667,16,-701.1606611752359,71015
2491,1.7254901960784315,18,-699.4351709791574,71033
2492,-4.266666666666667,27,-703.7018376458241,71060
2493,3.0,25,-700.7018376458241,71085
2494,-10.876923076923077,33,-711.5787607227471,71118
2495,0.75,15,-710.8287607227471,71133
2496,9.375,14,-701.4537607227471,71147
2497,-3.0,16,-704.4537607227471,71163
2498,5.0,15,-699.4537607227471,71178
2499,-0.22857142857142843,15,-699.6823321513185,71193
2500,1.9142857142857146,34,-697.7680464370328,71227
2501,5.800000000000001,29,-691.9680464370329,71256
2502,-0.5,46,-692.4680464370329,71302
2503,-1.0,17,-693.4680464370329,71319
2504,-0.666666666666667,29,-694.1347131036995,71348
2505,-1.3,16,-695.4347131036994,71364
2506,-6.75,19,-702.1847131036994,71383
2507,-5.0,14,-707.1847131036994,71397
2508,-3.8,31,-710.9847131036994,71428
2509,-3.1666666666666665,17,-714.151379770366,71445
2510,1.6666666666666665,32,-712.4847131036994,71477
2511,-0.6666666666666667,29,-713.151379770366,71506
2512,-2.0,15,-715.151379770366,71521
2513,-6.666666666666667,17,-721.8180464370326,71538
2514,0.0,19,-721.8180464370326,71557
2515,0.833333333333333,34,-720.9847131036993,71591
2516,10.2,17,-710.7847131036992,71608
2517,-2.5,18,-713.2847131036992,71626
2518,7.6190476190476195,24,-705.6656654846516,71650
2519,-2.0,16,-707.6656654846516,71666
2520,18.833333333333336,28,-688.8323321513183,71694
2521,1.0,16,-687.8323321513183,71710
2522,4.0,29,-683.8323321513183,71739
2523,-5.5,37,-689.3323321513183,71776
2524,7.5,24,-681.8323321513183,71800
2525,6.0,18,-675.8323321513183,71818
2526,-2.0,4,-677.8323321513183,71822
2527,-1.7047619047619045,22,-679.5370940560802,71844
2528,2.5,32,-677.0370940560802,71876
2529,8.0,31,-669.0370940560802,71907
2530,5.533333333333333,34,-663.5037607227468,71941
2531,-6.101432880844646,30,-669.6051936035915,71971
2532,-3.1666666666666665,35,-672.7718602702581,72006
2533,4.0,36,-668.7718602702581,72042
2534,3.0,14,-665.7718602702581,72056
2535,0.41666666666666696,58,-665.3551936035915,72114
2536,2.733333333333334,19,-662.6218602702581,72133
2537,0.5,16,-662.1218602702581,72149
2538,2.0,16,-660.1218602702581,72165
2539,-1.8888888888888888,13,-662.010749159147,72178
2540,-7.1,16,-669.1107491591471,72194
2541,2.0,17,-667.1107491591471,72211
2542,-3.25,17,-670.3607491591471,72228
2543,0.0,1,-670.3607491591471,72229
2544,0.0,1,-670.3607491591471,72230
2545,-0.5,4,-670.8607491591471,72234
2546,-1.0,6,-671.8607491591471,72240
2547,6.685714285714286,56,-665.1750348734328,72296
2548,-0.5,15,-665.6750348734328,72311
2549,3.80952380952381,26,-661.8655110639089,72337
2550,1.0,15,-660.8655110639089,72352
2551,2.7857142857142856,37,-658.0797967781946,72389
2552,-4.833333333333333,35,-662.913130111528,72424
2553,-9.25,49,-672.163130111528,72473
2554,0.0,14,-672.163130111528,72487
2555,1.0,8,-671.163130111528,72495
2556,-7.916666666666667,23,-679.0797967781946,72518
2557,2.333333333333333,32,-676.7464634448612,72550
2558,-1.7047619047619045,17,-678.4512253496231,72567
2559,-2.4047619047619047,21,-680.855987254385,72588
2560,0.5,19,-680.355987254385,72607
2561,-1.0,18,-681.355987254385,72625
2562,-2.5999999999999996,18,-683.955987254385,72643
2563,6.0,60,-677.955987254385,72703
2564,8.333333333333334,34,-669.6226539210517,72737
2565,2.0,17,-667.6226539210517,72754
2566,0.0,67,-667.6226539210517,72821
2567,1.0,4,-666.6226539210517,72825
2568,3.0,11,-663.6226539210517,72836
2569,-8.095238095238097,80,-671.7178920162897,72916
2570,2.0,10,-669.7178920162897,72926
2571,6.2,35,-663.5178920162897,72961
2572,-5.271307798481711,71,-668.7891998147715,73032
2573,1.0,20,-667.7891998147715,73052
2574,-2.7936507936507935,40,-670.5828506084223,73092
2575,1.6904761904761907,39,-668.8923744179461,73131
2576,3.5,34,-665.3923744179461,73165
2577,-10.333333333333334,31,-675.7257077512795,73196
2578,-0.7666666666666668,23,-676.4923744179462,73219
2579,-2.0,19,-678.4923744179462,73238
2580,-6.5,17,-684.9923744179462,73255
2581,-3.0,8,-687.9923744179462,73263
2582,-3.25,28,-691.2423744179462,73291
2583,-7.0,18,-698.2423744179462,73309
2584,-4.0,14,-702.2423744179462,73323
2585,-6.5,17,-708.7423744179462,73340
2586,-5.857142857142858,20,-714.599517275089,73360
2587,-2.0,18,-716.599517275089,73378
2588,-2.0,31,-718.599517275089,73409
2589,-0.4166666666666665,18,-719.0161839417557,73427
2590,-3.8,16,-722.8161839417556,73443
2591,2.0,8,-720.8161839417556,73451
2592,-1.0,8,-721.8161839417556,73459
2593,-7.177777777777778,24,-728.9939617195334,73483
2594,-7.80952380952381,16,-736.8034855290573,73499
2595,-1.0,18,-737.8034855290573,73517
2596,-4.904761904761905,65,-742.7082474338192,73582
2597,1.8333333333333335,30,-740.8749141004859,73612
2598,4.650793650793651,36,-736.2241204496922,73648
2599,-2.0,17,-738.2241204496922,73665
2600,-3.5,27,-741.7241204496922,73692
2601,-1.666666666666667,22,-743.3907871163589,73714
2602,0.75,17,-742.6407871163589,73731
2603,2.7333333333333334,16,-739.9074537830255,73747
2604,2.0,20,-737.9074537830255,73767
2605,-0.5999999999999996,21,-738.5074537830255,73788
2606,6.5,20,-732.0074537830255,73808
2607,-2.0,9,-734.0074537830255,73817
2608,8.363636363636363,27,-725.6438174193892,73844
2609,7.0,18,-718.6438174193892,73862
2610,-4.238095238095238,29,-722.8819126574843,73891
2611,0.09523809523809534,13,-722.7866745622463,73904
2612,-1.0,23,-723.7866745622463,73927
2613,2.0,12,-721.7866745622463,73939
2614,-0.875,78,-722.6616745622463,74017
2615,-2.0,8,-724.6616745622463,74025
2616,4.333333333333334,17,-720.3283412289129,74042
2617,-0.6071428571428572,16,-720.9354840860558,74058
2618,1.1428571428571428,17,-719.7926269431987,74075
2619,-2.0,24,-721.7926269431987,74099
2620,2.6969696969696964,10,-719.0956572462289,74109
2621,1.4000000000000004,35,-717.695657246229,74144
2622,4.363636363636363,35,-713.3320208825926,74179
2623,-3.166666666666667,33,-716.4986875492592,74212
2624,-1.0,16,-717.4986875492592,74228
2625,-1.0,9,-718.4986875492592,74237
2626,0.5,56,-717.9986875492592,74293
2627,-3.133333333333333,18,-721.1320208825925,74311
2628,2.166666666666667,17,-718.9653542159259,74328
2629,5.0,30,-713.9653542159259,74358
2630,1.0,16,-712.9653542159259,74374
2631,-7.0,15,-719.9653542159259,74389
2632,2.0588235294117645,17,-717.9065306865142,74406
2633,7.5,23,-710.4065306865142,74429
2634,1.5,15,-708.9065306865142,74444
2635,4.0,17,-704.9065306865142,74461
2636,-5.904761904761905,59,-710.8112925912761,74520
2637,-7.5,16,-718.3112925912761,74536
2638,4.800000000000001,128,-713.5112925912762,74664
2639,7.9,17,-705.6112925912762,74681
2640,33.27142857142857,148,-672.3398640198476,74829
2641,13.22857142857143,79,-659.1112925912762,74908
2642,11.0,21,-648.1112925912762,74929
2643,1.2,11,-646.9112925912762,74940
2644,17.797619047619044,66,-629.1136735436571,75006
2645,10.057142857142857,52,-619.0565306865143,75058
2646,-5.8,25,-624.8565306865142,75083
2647,-3.0,18,-627.8565306865142,75101
2648,12.0,23,-615.8565306865142,75124
2649,-1.2613636363636365,18,-617.1178943228779,75142
2650,-1.5,7,-618.6178943228779,75149
2651,5.0,28,-613.6178943228779,75177
2652,-1.0,15,-614.6178943228779,75192
2653,3.0,18,-611.6178943228779,75210
2654,5.166666666666666,57,-606.4512276562112,75267
2655,-0.4,11,-606.8512276562112,75278
2656,2.0,4,-604.8512276562112,75282
2657,6.666666666666667,28,-598.1845609895446,75310
2658,-1.3333333333333333,5,-599.517894322878,75315
2659,2.0,16,-597.517894322878,75331
2660,3.0,25,-594.517894322878,75356
2661,-4.8,26,-599.3178943228779,75382
2662,-4.0,19,-603.3178943228779,75401
2663,-5.166666666666666,23,-608.4845609895445,75424
2664,1.75,17,-606.7345609895445,75441
2665,1.8666666666666663,82,-604.8678943228779,75523
2666,-2.5,16,-607.3678943228779,75539
2667,-10.166666666666668,65,-617.5345609895445,75604
2668,6.5,15,-611.0345609895445,75619
2669,7.0,38,-604.0345609895445,75657
2670,-7.0,32,-611.0345609895445,75689
2671,-13.3,27,-624.3345609895445,75716
2672,-10.873809523809523,50,-635.208370513354,75766
2673,-2.0,18,-637.208370513354,75784
2674,0.0,7,-637.208370513354,75791
2675,1.5952380952380953,15,-635.6131324181159,75806
2676,-6.0,29,-641.6131324181159,75835
2677,-3.0,10,-644.6131324181159,75845
2678,1.6,17,-643.0131324181159,75862
2679,-2.5,17,-645.5131324181159,75879
2680,0.2999999999999998,25,-645.213132418116,75904
2681,0.0,16,-645.213132418116,75920
2682,5.0476190476190474,49,-640.1655133704969,75969
2683,1.9333333333333331,34,-638.2321800371636,76003
2684,3.533333333333334,17,-634.6988467038303,76020
2685,0.0,18,-634.6988467038303,76038
2686,-1.4857142857142855,24,-636.1845609895446,76062
2687,-0.6666666666666665,24,-636.8512276562112,76086
2688,-3.9999999999999996,26,-640.8512276562112,76112
2689,-0.6666666666666666,1,-641.5178943228779,76113
2690,0.0,4,-641.5178943228779,76117
2691,0.0,3,-641.5178943228779,76120
2692,-3.0,27,-644.5178943228779,76147
2693,0.75,23,-643.7678943228779,76170
2694,-5.333333333333334,27,-649.1012276562112,76197
2695,-5.6,16,-654.7012276562112,76213
2696,-13.55656108597285,69,-668.2577887421841,76282
2697,4.5,6,-663.7577887421841,76288
2698,0.7,17,-663.057788742184,76305
2699,0.0,17,-663.057788742184,76322
2700,0.20000000000000018,32,-662.857788742184,76354
2701,2.0,5,-660.857788742184,76359
2702,-1.4666666666666666,11,-662.3244554088507,76370
2703,-6.0,17,-668.3244554088507,76387
2704,-0.666666666666667,36,-668.9911220755173,76423
2705,-5.275,56,-674.2661220755173,76479
2706,-1.9411764705882353,31,-676.2072985461056,76510
2707,-10.488095238095237,17,-686.6953937842007,76527
2708,2.333333333333334,17,-684.3620604508674,76544
2709,0.0,16,-684.3620604508674,76560
2710,-9.833333333333334,43,-694.1953937842007,76603
2711,-0.8333333333333335,33,-695.0287271175341,76636
2712,-4.2,20,-699.2287271175342,76656
2713,4.0,17,-695.2287271175342,76673
2714,-6.466666666666667,36,-701.6953937842009,76709
2715,-9.857142857142858,19,-711.5525366413437,76728
2716,5.4,34,-706.1525366413438,76762
2717,-8.0,15,-714.1525366413438,76777
2718,1.833333333333333,54,-712.3192033080104,76831
2719,-5.8238095238095235,33,-718.1430128318199,76864
2720,4.25,3,-713.8930128318199,76867
2721,3.333333333333333,29,-710.5596794984865,76896
2722,-2.0,16,-712.5596794984865,76912
2723,2.666666666666667,20,-709.8930128318199,76932
2724,-6.0,24,-715.8930128318199,76956
2725,-1.5,17,-717.3930128318199,76973
2726,-0.9444444444444444,52,-718.3374572762643,77025
2727,-6.0,18,-724.3374572762643,77043
2728,-2.8809523809523814,35,-727.2184096572167,77078
2729,-3.666666666666667,16,-730.8850763238834,77094
2730,2.0588235294117645,16,-728.8262527944717,77110
2731,-8.244444444444445,37,-737.0706972389161,77147
2732,-3.0,16,-740.0706972389161,77163
2733,-2.5,17,-742.5706972389161,77180
2734,-3.9696969696969697,25,-746.5403942086131,77205
2735,0.0,8,-746.5403942086131,77213
2736,-1.6666666666666667,7,-748.2070608752797,77220
2737,0.0,11,-748.2070608752797,77231
2738,0.0,1,-748.2070608752797,77232
2739,-1.0,7,-749.2070608752797,77239
2740,-3.0,9,-752.2070608752797,77248
2741,4.0,8,-748.2070608752797,77256
2742,-2.5,16,-750.7070608752797,77272
2743,-8.0,17,-758.7070608752797,77289
2744,-6.226923076923077,51,-764.9339839522028,77340
2745,1.5,6,-763.4339839522028,77346
2746,-2.3333333333333335,11,-765.7673172855361,77357
2747,-1.0,3,-766.7673172855361,77360
2748,2.0588235294117645,14,-764.7084937561244,77374
2749,-1.553030303030304,73,-766.2615240591547,77447
2750,-1.3333333333333335,14,-767.594857392488,77461
2751,2.2857142857142856,17,-765.3091431067737,77478
2752,4.0,15,-761.3091431067737,77493
2753,0.33333333333333326,17,-760.9758097734403,77510
2754,-4.666666666666667,16,-765.642476440107,77526
2755,0.20000000000000018,14,-765.4424764401069,77540
2756,-8.30952380952381,66,-773.7520002496308,77606
2757,-5.0,32,-778.7520002496308,77638
2758,-2.5,12,-781.2520002496308,77650
2759,2.0,23,-779.2520002496308,77673
2760,0.0,2,-779.2520002496308,77675
2761,2.5999999999999996,55,-776.6520002496308,77730
2762,10.5,35,-766.1520002496308,77765
2763,-1.0,30,-767.1520002496308,77795
2764,-4.333333333333333,35,-771.4853335829641,77830
2765,-1.6666666666666667,17,-773.1520002496308,77847
2766,-6.75,30,-779.9020002496308,77877
2767,-9.4,16,-789.3020002496307,77893
2768,-4.5,35,-793.8020002496307,77928
2769,-0.5,16,-794.3020002496307,77944
2770,-3.0,38,-797.3020002496307,77982
2771,-2.0,18,-799.3020002496307,78000
2772,-0.15387488328664778,26,-799.4558751329174,78026
2773,-15.636363636363637,54,-815.092238769281,78080
2774,1.7666666666666675,54,-813.3255721026144,78134
2775,-9.25,74,-822.5755721026144,78208
2776,-5.5,35,-828.0755721026144,78243
2777,1.0,15,-827.0755721026144,78258
2778,-1.0,16,-828.0755721026144,78274
2779,-5.5,17,-833.5755721026144,78291
2780,-2.333333333333333,32,-835.9089054359478,78323
2781,4.5,22,-831.4089054359478,78345
2782,1.0,14,-830.4089054359478,78359
2783,2.0,15,-828.4089054359478,78374
2784,2.866666666666667,70,-825.5422387692811,78444
2785,12.0,47,-813.5422387692811,78491
2786,-6.3,56,-819.842238769281,78547
2787,-3.841666666666666,45,-823.6839054359477,78592
2788,-9.0,46,-832.6839054359477,78638
2789,1.523809523809524,17,-831.1600959121382,78655
2790,-2.0,4,-833.1600959121382,78659
2791,-0.6666666666666666,4,-833.8267625788048,78663
2792,-1.8,9,-835.6267625788048,78672
2793,-2.6333333333333333,17,-838.2600959121381,78689
2794,0.8571428571428572,35,-837.4029530549952,78724
2795,0.0,18,-837.4029530549952,78742
2796,-4.309523809523809,18,-841.7124768645191,78760
2797,-2.0,15,-843.7124768645191,78775
2798,1.0,17,-842.7124768645191,78792
2799,-2.0,19,-844.7124768645191,78811
2800,-6.4,25,-851.1124768645191,78836
2801,-1.0,26,-852.1124768645191,78862
2802,2.833333333333333,16,-849.2791435311857,78878
2803,4.0,16,-845.2791435311857,78894
2804,1.0,15,-844.2791435311857,78909
2805,-1.3333333333333333,6,-845.6124768645191,78915
2806,-1.3333333333333333,9,-846.9458101978524,78924
2807,-8.833333333333332,53,-855.7791435311858,78977
2808,0.8,20,-854.9791435311859,78997
2809,8.0,25,-846.9791435311859,79022
2810,-0.10784313725490224,64,-847.0869866684408,79086
2811,-1.0,17,-848.0869866684408,79103
2812,-2.0,16,-850.0869866684408,79119
2813,-0.33333333333333304,9,-850.4203200017741,79128
2814,-2.4,14,-852.8203200017741,79142
2815,5.366666666666666,12,-847.4536533351074,79154
2816,8.141666666666666,54,-839.3119866684408,79208
2817,2.0,18,-837.3119866684408,79226
2818,3.0,20,-834.3119866684408,79246
2819,-5.630434782608695,35,-839.9424214510495,79281
2820,16.496918767507,57,-823.4455026835425,79338
2821,5.0,17,-818.4455026835425,79355
2822,-0.6000000000000001,20,-819.0455026835425,79375
2823,-0.5,17,-819.5455026835425,79392
2824,1.8333333333333335,18,-817.7121693502091,79410
2825,-6.047619047619048,15,-823.7597883978282,79425
2826,-6.000000000000002,26,-829.7597883978282,79451
2827,1.5,48,-828.2597883978282,79499
2828,4.333333333333333,46,-823.9264550644948,79545
2829,0.392156862745098,34,-823.5342982017497,79579
2830,5.9,35,-817.6342982017497,79614
2831,3.7555555555555564,47,-813.8787426461942,79661
2832,-1.0,18,-814.8787426461942,79679
2833,-3.0,17,-817.8787426461942,79696
2834,-8.22689075630252,34,-826.1056334024967,79730
2835,-0.6666666666666667,17,-826.7723000691633,79747
2836,-0.9999999999999996,32,-827.7723000691633,79779
2837,0.0,19,-827.7723000691633,79798
2838,1.125,19,-826.6473000691633,79817
2839,-6.295238095238094,52,-832.9425381644014,79869
2840,-10.666666666666666,120,-843.609204831068,79989
2841,-3.3333333333333335,31,-846.9425381644014,80020
2842,-6.05,69,-852.9925381644014,80089
2843,4.0,15,-848.9925381644014,80104
2844,8.631469979296066,29,-840.3610681851053,80133
2845,-2.5,16,-842.8610681851053,80149
2846,-9.333333333333334,38,-852.1944015184387,80187
2847,-7.641176470588237,102,-859.8355779890269,80289
2848,9.866666666666667,57,-849.9689113223602,80346
2849,-5.5,43,-855.4689113223602,80389
2850,3.8,33,-851.6689113223603,80422
2851,-2.8,17,-854.4689113223602,80439
2852,-9.0,13,-863.4689113223602,80452
2853,-5.5,17,-868.9689113223602,80469
2854,-1.25,17,-870.2189113223602,80486
2855,0.0,24,-870.2189113223602,80510
2856,-0.5,9,-870.7189113223602,80519
2857,-8.333333333333334,17,-879.0522446556936,80536
2858,1.5,18,-877.5522446556936,80554
2859,0.5,19,-877.0522446556936,80573
2860,0.0,17,-877.0522446556936,80590
2861,-0.14285714285714324,32,-877.1951017985507,80622
2862,0.25,16,-876.9451017985507,80638
2863,3.6666666666666665,14,-873.2784351318841,80652
2864,0.6666666666666666,17,-872.6117684652174,80669
2865,-4.0,20,-876.6117684652174,80689
2866,0.0,1,-876.6117684652174,80690
2867,-2.6666666666666665,7,-879.2784351318841,80697
2868,-0.6666666666666667,10,-879.9451017985507,80707
2869,2.388888888888889,17,-877.5562129096618,80724
2870,4.033333333333333,31,-873.5228795763285,80755
2871,-4.444444444444445,32,-877.9673240207729,80787
2872,-2.6,17,-880.567324020773,80804
2873,-3.7142857142857144,17,-884.2816097350586,80821
2874,-0.41666666666666696,62,-884.6982764017253,80883
2875,-5.809523809523809,16,-890.5078002112491,80899
2876,3.0666666666666655,50,-887.4411335445824,80949
2877,-15.891666666666667,49,-903.332800211249,80998
2878,-0.6666666666666667,18,-903.9994668779157,81016
2879,-9.0,15,-912.9994668779157,81031
2880,-11.283333333333333,34,-924.282800211249,81065
2881,-4.4,10,-928.682800211249,81075
2882,1.0,35,-927.682800211249,81110
2883,-2.0,4,-929.682800211249,81114
2884,0.5333333333333333,14,-929.1494668779156,81128
2885,-7.0,15,-936.1494668779156,81143
2886,2.0,13,-934.1494668779156,81156
2887,1.6666666666666665,15,-932.482800211249,81171
2888,-0.7999999999999998,17,-933.282800211249,81188
2889,-2.0,20,-935.282800211249,81208
2890,-1.5,13,-936.782800211249,81221
2891,6.2,33,-930.5828002112489,81254
2892,1.0,16,-929.5828002112489,81270
2893,4.0,19,-925.5828002112489,81289
2894,-1.4666666666666663,41,-927.0494668779156,81330
2895,-1.0,14,-928.0494668779156,81344
2896,9.873015873015873,44,-918.1764510048997,81388
2897,7.0,16,-911.1764510048997,81404
2898,1.8333333333333335,14,-909.3431176715663,81418
2899,-2.0,34,-911.3431176715663,81452
2900,-4.4411764705882355,14,-915.7842941421546,81466
2901,-0.5833333333333334,7,-916.367627475488,81473
2902,0.0,11,-916.367627475488,81484
2903,1.6969696969696968,15,-914.6706577785183,81499
2904,-1.0,14,-915.6706577785183,81513
2905,0.4230769230769229,28,-915.2475808554414,81541
2906,6.733333333333333,33,-908.514247522108,81574
2907,0.0,15,-908.514247522108,81589
2908,3.666666666666667,14,-904.8475808554414,81603
2909,0.5,15,-904.3475808554414,81618
2910,3.6761904761904765,15,-900.6713903792509,81633
2911,1.3333333333333333,15,-899.3380570459175,81648
2912,11.5,40,-887.8380570459175,81688
2913,-3.354166666666667,73,-891.1922237125841,81761
2914,0.0,17,-891.1922237125841,81778
2915,-3.0,31,-894.1922237125841,81809
2916,-6.0,15,-900.1922237125841,81824
2917,-6.8277777777777775,52,-907.0200014903619,81876
2918,1.206349206349206,19,-905.8136522840127,81895
2919,-1.0000000000000002,53,-906.8136522840127,81948
2920,-1.0,17,-907.8136522840127,81965
2921,0.5588235294117647,16,-907.254828754601,81981
2922,-4.0,17,-911.254828754601,81998
2923,0.3428571428571428,32,-910.9119716117439,82030
2924,3.0,17,-907.9119716117439,82047
2925,-6.4,16,-914.3119716117438,82063
2926,-5.904761904761905,17,-920.2167335165058,82080
2927,-3.05,16,-923.2667335165057,82096
2928,5.083333333333333,16,-918.1834001831724,82112
2929,-3.1666666666666665,50,-921.350066849839,82162
2930,-4.5,27,-925.850066849839,82189
2931,-5.0,19,-930.850066849839,82208
2932,-1.75,19,-932.600066849839,82227
2933,-5.5,16,-938.100066849839,82243
2934,-5.0,16,-943.100066849839,82259
2935,-3.0,16,-946.100066849839,82275
2936,-4.0,16,-950.100066849839,82291
2937,-8.5,16,-958.600066849839,82307
2938,-1.5,18,-960.100066849839,82325
2939,-6.5,37,-966.600066849839,82362
2940,5.0,14,-961.600066849839,82376
2941,-5.0,31,-966.600066849839,82407
2942,0.0,18,-966.600066849839,82425
2943,-10.166666666666666,34,-976.7667335165056,82459
2944,2.0,6,-974.7667335165056,82465
2945,2.666666666666667,56,-972.100066849839,82521
2946,3.75,16,-968.350066849839,82537
2947,14.222222222222221,48,-954.1278446276168,82585
2948,0.0,12,-954.1278446276168,82597
2949,-2.0,19,-956.1278446276168,82616
2950,-2.904761904761905,32,-959.0326065323787,82648
2951,-2.8571428571428577,15,-961.8897493895216,82663
2952,-5.666666666666666,18,-967.5564160561883,82681
2953,1.0,32,-966.5564160561883,82713
2954,2.0,15,-964.5564160561883,82728
2955,16.62857142857143,45,-947.9278446276169,82773
2956,1.5,17,-946.4278446276169,82790
2957,3.0,16,-943.4278446276169,82806
2958,4.0,18,-939.4278446276169,82824
2959,2.5,32,-936.9278446276169,82856
2960,5.867857142857144,43,-931.0599874847597,82899
2961,-3.0,25,-934.0599874847597,82924
2962,-5.0,9,-939.0599874847597,82933
2963,1.666666666666667,90,-937.3933208180931,83023
2964,2.0,14,-935.3933208180931,83037
2965,3.3333333333333335,16,-932.0599874847597,83053
2966,1.4142857142857144,21,-930.645701770474,83074
2967,3.0,13,-927.645701770474,83087
2968,4.392156862745098,40,-923.253544907729,83127
2969,-0.3333333333333333,7,-923.5868782410623,83134
2970,2.0,23,-921.5868782410623,83157
2971,3.7555555555555555,31,-917.8313226855067,83188
2972,-1.244047619047619,15,-919.0753703045543,83203
2973,3.0,13,-916.0753703045543,83216
2974,0.0,16,-916.0753703045543,83232
2975,3.0,29,-913.0753703045543,83261
2976,3.3333333333333335,14,-909.742036971221,83275
2977,6.0,17,-903.742036971221,83292
2978,3.0,31,-900.742036971221,83323
2979,1.0,33,-899.742036971221,83356
2980,5.175,17,-894.567036971221,83373
2981,-7.0,22,-901.567036971221,83395
2982,1.0,29,-900.567036971221,83424
2983,-1.5357142857142856,52,-902.1027512569353,83476
2984,5.666666666666666,63,-896.4360845902687,83539
2985,-6.0,26,-902.4360845902687,83565
2986,0.5,15,-901.9360845902687,83580
2987,-4.333333333333333,33,-906.2694179236021,83613
2988,1.5,33,-904.7694179236021,83646
2989,5.75,16,-899.0194179236021,83662
2990,0.3333333333333333,16,-898.6860845902687,83678
2991,1.8571428571428572,16,-896.8289417331258,83694
2992,3.833333333333333,35,-892.9956083997924,83729
2993,-2.5,17,-895.4956083997924,83746
2994,-3.226890756302521,31,-898.722499156095,83777
2995,-0.5,23,-899.222499156095,83800
2996,0.14285714285714285,4,-899.0796420132378,83804
2997,-1.0,13,-900.0796420132378,83817
2998,0.0,29,-900.0796420132378,83846
2999,-5.504761904761905,26,-905.5844039179998,83872
3000,7.0,17,-898.5844039179998,83889
3001,-2.0,16,-900.5844039179998,83905
3002,-0.2666666666666666,29,-900.8510705846664,83934
3003,2.8888888888888884,29,-897.9621816957775,83963
3004,-0.9666666666666663,41,-898.9288483624442,84004
3005,-4.0,12,-902.9288483624442,84016
3006,3.6,4,-899.3288483624442,84020
3007,3.25,13,-896.0788483624442,84033
3008,7.5,21,-888.5788483624442,84054
3009,0.0,4,-888.5788483624442,84058
3010,-2.0,15,-890.5788483624442,84073
3011,3.75,22,-886.8288483624442,84095
3012,-1.0,13,-887.8288483624442,84108
3013,3.333333333333333,29,-884.4955150291108,84137
3014,-2.5,16,-886.9955150291108,84153
3015,6.785714285714286,19,-880.2098007433965,84172
3016,-2.1666666666666665,19,-882.3764674100631,84191
3017,0.5,18,-881.8764674100631,84209
3018,3.0,35,-878.8764674100631,84244
3019,2.4702380952380953,34,-876.406229314825,84278
3020,-2.75,82,-879.156229314825,84360
3021,-0.7000000000000002,18,-879.8562293148251,84378
3022,3.0833333333333335,17,-876.7728959814917,84395
3023,3.0,16,-873.7728959814917,84411
3024,1.1333333333333333,52,-872.6395626481584,84463
3025,0.0,16,-872.6395626481584,84479
3026,-1.5,17,-874.1395626481584,84496
3027,-12.153030303030302,66,-886.2925929511887,84562
3028,-7.75,53,-894.0425929511887,84615
3029,-12.30952380952381,35,-906.3521167607125,84650
3030,-4.0,24,-910.3521167607125,84674
3031,3.8,14,-906.5521167607126,84688
3032,2.476190476190476,18,-904.0759262845221,84706
3033,6.571428571428571,16,-897.5044977130935,84722
3034,-7.333333333333334,34,-904.8378310464269,84756
3035,-2.7142857142857144,34,-907.5521167607126,84790
3036,-2.0,20,-909.5521167607126,84810
3037,5.666666666666667,31,-903.885450094046,84841
3038,-1.0,19,-904.885450094046,84860
3039,1.642857142857142,49,-903.2425929511888,84909
3040,2.5,38,-900.7425929511888,84947
3041,-4.458333333333334,86,-905.2009262845222,85033
3042,2.6666666666666665,17,-902.5342596178556,85050
3043,3.0588235294117627,36,-899.4754360884439,85086
3044,-11.5,30,-910.9754360884439,85116
3045,4.2,16,-906.7754360884438,85132
3046,-3.0,54,-909.7754360884438,85186
3047,-1.5,25,-911.2754360884438,85211
3048,11.0,18,-900.2754360884438,85229
3049,5.5,13,-894.7754360884438,85242
3050,0.0,16,-894.7754360884438,85258
3051,-7.499999999999998,49,-902.2754360884438,85307
3052,0.0,16,-902.2754360884438,85323
3053,0.8921568627450984,47,-901.3832792256987,85370
3054,-7.916666666666667,44,-909.2999458923654,85414
3055,0.3333333333333333,4,-908.966612559032,85418
3056,12.333333333333334,37,-896.6332792256986,85455
3057,1.6666666666666665,36,-894.966612559032,85491
3058,-4.0,23,-898.966612559032,85514
3059,-8.607843137254902,47,-907.5744556962869,85561
3060,6.833333333333333,50,-900.7411223629535,85611
3061,-7.888888888888889,38,-908.6300112518425,85649
3062,-4.5,17,-913.1300112518425,85666
3063,0.7142857142857144,34,-912.4157255375568,85700
3064,0.8928571428571432,44,-911.5228683946997,85744
3065,-5.055555555555555,26,-916.5784239502552,85770
3066,-19.75,66,-936.3284239502552,85836
3067,-4.488095238095239,86,-940.8165191883504,85922
3068,2.142857142857143,28,-938.6736620454933,85950
3069,9.0,53,-929.6736620454933,86003
3070,-0.8095238095238093,48,-930.4831858550172,86051
3071,2.5555555555555554,32,-927.9276302994616,86083
3072,-2.5,41,-930.4276302994616,86124
3073,-6.7,35,-937.1276302994617,86159
3074,-3.3,16,-940.4276302994616,86175
3075,-4.25,19,-944.6776302994616,86194
3076,2.0,17,-942.6776302994616,86211
3077,-6.5,18,-949.1776302994616,86229
3078,7.0,24,-942.1776302994616,86253
3079,5.0,18,-937.1776302994616,86271
3080,1.0,12,-936.1776302994616,86283
3081,3.3499999999999996,62,-932.8276302994616,86345
3082,-3.7857142857142856,30,-936.6133445851759,86375
3083,-3.0,51,-939.6133445851759,86426
3084,1.5555555555555554,15,-938.0577890296204,86441
3085,-3.488888888888889,46,-941.5466779185093,86487
3086,9.582539682539682,99,-931.9641382359696,86586
3087,-4.25,18,-936.2141382359696,86604
3088,-1.5,11,-937.7141382359696,86615
3089,-9.101587301587301,33,-946.8157255375569,86648
3090,-7.166666666666666,33,-953.9823922042235,86681
3091,-4.633333333333333,113,-958.6157255375568,86794
3092,-13.0,34,-971.6157255375568,86828
3093,5.5,36,-966.1157255375568,86864
3094,-6.118954248366013,76,-972.2346797859228,86940
3095,-10.458333333333334,16,-982.6930131192562,86956
3096,2.0454545454545454,16,-980.6475585738017,86972
3097,-9.0,34,-989.6475585738017,87006
3098,2.0,15,-987.6475585738017,87021
3099,-3.0,6,-990.6475585738017,87027
3100,3.0,13,-987.6475585738017,87040
3101,-5.0,28,-992.6475585738017,87068
3102,3.5833333333333335,29,-989.0642252404683,87097
3103,7.761904761904763,44,-981.3023204785635,87141
3104,-5.633333333333333,31,-986.9356538118968,87172
3105,7.0,55,-979.9356538118968,87227
3106,6.300000000000001,34,-973.6356538118969,87261
3107,3.0,8,-970.6356538118969,87269
3108,2.5555555555555554,13,-968.0800982563413,87282
3109,-0.19999999999999996,20,-968.2800982563414,87302
3110,-8.131652661064425,67,-976.4117509174058,87369
3111,3.5,31,-972.9117509174058,87400
3112,-5.523809523809525,38,-978.4355604412153,87438
3113,-1.0,16,-979.4355604412153,87454
3114,1.1428571428571428,12,-978.2927032983582,87466
3115,0.0,15,-978.2927032983582,87481
3116,-7.333333333333333,18,-985.6260366316916,87499
3117,0.2666666666666666,33,-985.3593699650249,87532
3118,5.0,15,-980.3593699650249,87547
3119,-4.233333333333334,68,-984.5927032983583,87615
3120,-7.874999999999999,65,-992.4677032983583,87680
3121,7.0,28,-985.4677032983583,87708
3122,-1.0,23,-986.4677032983583,87731
3123,-0.10952380952381091,92,-986.5772271078821,87823
3124,-3.8,15,-990.377227107882,87838
3125,2.4000000000000004,34,-987.9772271078821,87872
3126,-3.0,17,-990.9772271078821,87889
3127,-1.6428571428571428,25,-992.6200842507392,87914
3128,-6.0,24,-998.6200842507392,87938
3129,-2.333333333333333,65,-1000.9534175840726,88003
3130,-18.941176470588236,53,-1019.8945940546608,88056
3131,-26.166666666666664,77,-1046.0612607213275,88133
3132,1.9642857142857144,67,-1044.0969750070417,88200
3133,-4.8,34,-1048.8969750070416,88234
3134,-8.0,19,-1056.8969750070416,88253
3135,-3.0,17,-1059.8969750070416,88270
3136,6.65,45,-1053.2469750070416,88315
3137,0.0,8,-1053.2469750070416,88323
3138,9.5,46,-1043.7469750070416,88369
3139,2.25,46,-1041.4969750070416,88415
3140,1.3571428571428572,17,-1040.1398321498987,88432
3141,5.033333333333331,83,-1035.1064988165654,88515
3142,-1.3333333333333335,70,-1036.4398321498986,88585
3143,0.0,16,-1036.4398321498986,88601
3144,-6.636363636363637,36,-1043.0761957862624,88637
3145,-6.0,15,-1049.0761957862624,88652
3146,-1.4,18,-1050.4761957862625,88670
3147,-1.0,32,-1051.4761957862625,88702
3148,-3.8571428571428577,16,-1055.3333386434053,88718
3149,-1.5,15,-1056.8333386434053,88733
3150,2.0,15,-1054.8333386434053,88748
3151,-0.19999999999999996,19,-1055.0333386434054,88767
3152,-1.0,14,-1056.0333386434054,88781
3153,-5.5,26,-1061.5333386434054,88807
3154,0.5,28,-1061.0333386434054,88835
3155,1.6666666666666667,42,-1059.3666719767386,88877
3156,2.6666666666666665,14,-1056.700005310072,88891
3157,-1.0434782608695652,19,-1057.7434835709414,88910
3158,-2.0,17,-1059.7434835709414,88927
3159,-5.0,15,-1064.7434835709414,88942
3160,-2.3333333333333335,16,-1067.0768169042747,88958
3161,2.3499999999999996,16,-1064.7268169042748,88974
3162,-13.8,55,-1078.5268169042747,89029
3163,0.0,10,-1078.5268169042747,89039
3164,0.0,8,-1078.5268169042747,89047
3165,1.5,15,-1077.0268169042747,89062
3166,-7.333333333333334,34,-1084.360150237608,89096
3167,-3.0,18,-1087.360150237608,89114
3168,-0.25,9,-1087.610150237608,89123
3169,1.0,8,-1086.610150237608,89131
3170,-3.25,60,-1089.860150237608,89191
3171,-5.3,18,-1095.160150237608,89209
3172,1.0,17,-1094.160150237608,89226
3173,-2.0,18,-1096.160150237608,89244
3174,0.0,19,-1096.160150237608,89263
3175,0.0,17,-1096.160150237608,89280
3176,0.25,32,-1095.910150237608,89312
3177,-8.5,35,-1104.410150237608,89347
3178,0.7777777777777768,31,-1103.63237245983,89378
3179,-4.857142857142858,14,-1108.489515316973,89392
3180,0.0,15,-1108.489515316973,89407
3181,-5.5,31,-1113.989515316973,89438
3182,-1.5,8,-1115.489515316973,89446
3183,-9.857142857142858,39,-1125.3466581741159,89485
3184,-10.089285714285715,115,-1135.4359438884017,89600
3185,0.05882352941176472,16,-1135.37712035899,89616
3186,5.0,15,-1130.37712035899,89631
3187,-7.633333333333334,100,-1138.0104536923234,89731
3188,3.416666666666667,49,-1134.5937870256566,89780
3189,-3.0,25,-1137.5937870256566,89805
3190,0.0,14,-1137.5937870256566,89819
3191,0.2857142857142858,10,-1137.3080727399424,89829
3192,-3.0,67,-1140.3080727399424,89896
3193,0.16666666666666663,18,-1140.1414060732757,89914
3194,3.3333333333333335,27,-1136.8080727399424,89941
3195,-0.5,13,-1137.3080727399424,89954
3196,0.20000000000000018,42,-1137.1080727399424,89996
3197,-1.0,29,-1138.1080727399424,90025
3198,2.4499999999999993,32,-1135.6580727399423,90057
3199,1.7333333333333332,31,-1133.924739406609,90088
3200,-6.8,16,-1140.724739406609,90104
3201,2.0,14,-1138.724739406609,90118
3202,-0.2999999999999998,14,-1139.024739406609,90132
3203,0.0,34,-1139.024739406609,90166
3204,1.5,36,-1137.524739406609,90202
3205,0.0,13,-1137.524739406609,90215
3206,1.0,17,-1136.524739406609,90232
3207,5.0,27,-1131.524739406609,90259
3208,-1.8,6,-1133.3247394066088,90265
3209,3.7,65,-1129.6247394066088,90330
3210,0.0,30,-1129.6247394066088,90360
3211,-7.875,18,-1137.4997394066088,90378
3212,-1.6000000000000005,34,-1139.0997394066087,90412
3213,-3.3333333333333335,18,-1142.433072739942,90430
3214,-9.0,9,-1151.433072739942,90439
3215,0.16666666666666652,25,-1151.2664060732752,90464
3216,-3.166666666666667,19,-1154.433072739942,90483
3217,11.833333333333334,31,-1142.5997394066087,90514
3218,-4.888888888888889,37,-1147.4886282954976,90551
3219,-5.0,24,-1152.4886282954976,90575
3220,2.619047619047619,17,-1149.86958067645,90592
3221,-7.0,34,-1156.86958067645,90626
3222,-1.1333333333333337,128,-1158.0029140097834,90754
3223,3.5,41,-1154.5029140097834,90795
3224,0.16666666666666652,34,-1154.3362473431166,90829
3225,0.35714285714285765,50,-1153.9791044859737,90879
3226,8.2,21,-1145.7791044859737,90900
3227,1.75,29,-1144.0291044859737,90929
3228,1.5,24,-1142.5291044859737,90953
3229,0.8928571428571423,55,-1141.6362473431166,91008
3230,-5.0,33,-1146.6362473431166,91041
3231,-2.9333333333333336,47,-1149.56958067645,91088
3232,-3.0,23,-1152.56958067645,91111
3233,-2.0,2,-1154.56958067645,91113
3234,-4.0,7,-1158.56958067645,91120
3235,-6.75,19,-1165.31958067645,91139
3236,-7.0,17,-1172.31958067645,91156
3237,4.80952380952381,30,-1167.510056866926,91186
3238,-2.666666666666667,13,-1170.1767235335928,91199
3239,3.0,16,-1167.1767235335928,91215
3240,0.0,10,-1167.1767235335928,91225
3241,4.5,8,-1162.6767235335928,91233
3242,-3.0,18,-1165.6767235335928,91251
3243,-4.0,14,-1169.6767235335928,91265
3244,-7.0,35,-1176.6767235335928,91300
3245,1.4619658119658112,81,-1175.214757721627,91381
3246,3.5,36,-1171.714757721627,91417
3247,-7.3,76,-1179.014757721627,91493
3248,-3.0,39,-1182.014757721627,91532
3249,-11.5,35,-1193.514757721627,91567
3250,5.0,17,-1188.514757721627,91584
3251,2.552380952380952,39,-1185.962376769246,91623
3252,-4.0,9,-1189.962376769246,91632
3253,-4.0,10,-1193.962376769246,91642
3254,0.5,14,-1193.462376769246,91656
3255,-1.8,9,-1195.262376769246,91665
3256,-4.833333333333333,30,-1200.0957101025792,91695
3257,0.33333333333333326,15,-1199.762376769246,91710
3258,-3.291666666666667,27,-1203.0540434359127,91737
3259,-5.527777777777779,50,-1208.5818212136905,91787
3260,0.09999999999999998,19,-1208.4818212136906,91806
3261,-4.333333333333333,34,-1212.815154547024,91840
3262,2.0,30,-1210.815154547024,91870
3263,-3.7142857142857144,15,-1214.5294402613097,91885
3264,-6.190476190476191,66,-1220.7199164517858,91951
3265,6.214285714285714,35,-1214.5056307375,91986
3266,-2.0,17,-1216.5056307375,92003
3267,-13.5,32,-1230.0056307375,92035
3268,-3.3,43,-1233.3056307375,92078
3269,-4.0,17,-1237.3056307375,92095
3270,-2.0,4,-1239.3056307375,92099
3271,-3.5,26,-1242.8056307375,92125
3272,3.333333333333333,19,-1239.4722974041667,92144
3273,-10.833333333333332,25,-1250.3056307375,92169
3274,-5.907843137254902,74,-1256.213473874755,92243
3275,4.0,33,-1252.213473874755,92276
3276,5.0588235294117645,52,-1247.1546503453433,92328
3277,6.95,34,-1240.2046503453432,92362
3278,7.0,15,-1233.2046503453432,92377
3279,-6.0,16,-1239.2046503453432,92393
3280,-4.0,14,-1243.2046503453432,92407
3281,5.5,33,-1237.7046503453432,92440
3282,-9.5,30,-1247.2046503453432,92470
3283,-16.752380952380953,68,-1263.9570312977241,92538
3284,4.0,27,-1259.9570312977241,92565
3285,-1.0,8,-1260.9570312977241,92573
3286,-2.0,16,-1262.9570312977241,92589
3287,-1.6666666666666665,18,-1264.6236979643909,92607
3288,-16.666666666666664,51,-1281.2903646310576,92658
3289,9.0,14,-1272.2903646310576,92672
3290,14.88888888888889,34,-1257.4014757421687,92706
3291,2.428571428571429,32,-1254.9729043135974,92738
3292,0.0,17,-1254.9729043135974,92755
3293,-2.7,47,-1257.6729043135974,92802
3294,1.8888888888888886,17,-1255.7840154247085,92819
3295,3.888888888888889,16,-1251.8951265358196,92835
3296,2.0,32,-1249.8951265358196,92867
3297,6.3,87,-1243.5951265358196,92954
3298,-7.0,16,-1250.5951265358196,92970
3299,0.10000000000000009,17,-1250.4951265358197,92987
3300,-0.11904761904761951,38,-1250.6141741548674,93025
3301,11.714285714285715,30,-1238.8998884405817,93055
3302,-1.375,39,-1240.2748884405817,93094
3303,-9.833333333333334,31,-1250.108221773915,93125
3304,-10.5,32,-1260.608221773915,93157
3305,2.0,30,-1258.608221773915,93187
3306,-2.083333333333334,14,-1260.6915551072482,93201
3307,-9.5,35,-1270.1915551072482,93236
3308,-1.0,17,-1271.1915551072482,93253
3309,4.666666666666666,19,-1266.5248884405814,93272
3310,-3.6666666666666665,20,-1270.1915551072482,93292
3311,0.0,17,-1270.1915551072482,93309
3312,-2.0,15,-1272.1915551072482,93324
3313,1.333333333333334,51,-1270.858221773915,93375
3314,5.0,8,-1265.858221773915,93383
3315,2.0,3,-1263.858221773915,93386
3316,-7.5,24,-1271.358221773915,93410
3317,-3.25,30,-1274.608221773915,93440
3318,-7.0,17,-1281.608221773915,93457
3319,-9.5,18,-1291.108221773915,93475
3320,0.0,22,-1291.108221773915,93497
3321,1.3333333333333335,47,-1289.7748884405817,93544
3322,-3.666666666666667,18,-1293.4415551072484,93562
3323,5.0,19,-1288.4415551072484,93581
3324,-4.9411764705882355,21,-1293.3827315778367,93602
3325,-4.0,13,-1297.3827315778367,93615
3326,-9.057142857142857,16,-1306.4398744349796,93631
3327,0.0,15,-1306.4398744349796,93646
3328,4.5,16,-1301.9398744349796,93662
3329,0.25,34,-1301.6898744349796,93696
3330,-0.3333333333333339,65,-1302.023207768313,93761
3331,4.666666666666667,13,-1297.3565411016461,93774
3332,14.299999999999999,68,-1283.0565411016462,93842
3333,-7.857142857142858,34,-1290.913683958789,93876
3334,-3.5,32,-1294.413683958789,93908
3335,-0.8611111111111112,31,-1295.2747950699002,93939
3336,-0.6666666666666665,17,-1295.941461736567,93956
3337,-2.75,31,-1298.691461736567,93987
3338,-6.666666666666667,25,-1305.3581284032336,94012
3339,-14.666666666666668,52,-1320.0247950699004,94064
3340,-11.130952380952381,20,-1331.1557474508527,94084
3341,5.666666666666666,16,-1325.489080784186,94100
3342,-1.740476190476191,34,-1327.229556974662,94134
3343,-8.583333333333332,15,-1335.8128903079953,94149
3344,-5.0,13,-1340.8128903079953,94162
3345,4.625,33,-1336.1878903079953,94195
3346,-2.333333333333333,18,-1338.5212236413286,94213
3347,11.0,35,-1327.5212236413286,94248
3348,-0.4,16,-1327.9212236413287,94264
3349,-5.057142857142857,20,-1332.9783664984716,94284
3350,4.116666666666667,44,-1328.861699831805,94328
3351,2.6388888888888884,33,-1326.222810942916,94361
3352,4.5,18,-1321.722810942916,94379
3353,12.0,34,-1309.722810942916,94413
3354,-1.0,18,-1310.722810942916,94431
3355,0.25,34,-1310.472810942916,94465
3356,7.199999999999999,15,-1303.272810942916,94480
3357,-4.0,19,-1307.272810942916,94499
3358,-0.7777777777777777,36,-1308.050588720694,94535
3359,-2.0,15,-1310.050588720694,94550
3360,-9.599206349206348,30,-1319.6497950699002,94580
3361,-8.07142857142857,34,-1327.7212236413288,94614
3362,-6.0,16,-1333.7212236413288,94630
3363,-16.133333333333333,67,-1349.8545569746623,94697
3364,-8.1,16,-1357.9545569746622,94713
3365,-3.3611111111111116,35,-1361.3156680857733,94748
3366,-1.0,15,-1362.3156680857733,94763
3367,1.1428571428571428,19,-1361.1728109429162,94782
3368,-6.5,34,-1367.6728109429162,94816
3369,-4.86031746031746,24,-1372.5331284032336,94840
3370,-10.515873015873016,34,-1383.0490014191066,94874
3371,2.5,35,-1380.5490014191066,94909
3372,-2.0,17,-1382.5490014191066,94926
3373,-4.0,15,-1386.5490014191066,94941
3374,-8.5,31,-1395.0490014191066,94972
3375,7.5,89,-1387.5490014191066,95061
3376,2.333333333333334,16,-1385.2156680857734,95077
3377,-6.966666666666667,50,-1392.18233475244,95127
3378,-0.666666666666667,15,-1392.8490014191068,95142
3379,-4.833333333333333,33,-1397.68233475244,95175
3380,1.7000000000000002,27,-1395.98233475244,95202
3381,-3.0,15,-1398.98233475244,95217
3382,4.0,16,-1394.98233475244,95233
3383,4.2,19,-1390.78233475244,95252
3384,1.5,13,-1389.28233475244,95265
3385,2.0,15,-1387.28233475244,95280
3386,4.7,41,-1382.58233475244,95321
3387,0.8333333333333333,20,-1381.7490014191067,95341
3388,2.0,13,-1379.7490014191067,95354
3389,-1.6666666666666665,16,-1381.4156680857734,95370
3390,0.5,18,-1380.9156680857734,95388
3391,10.433333333333334,62,-1370.48233475244,95450
3392,-4.928571428571429,61,-1375.4109061810113,95511
3393,1.5,27,-1373.9109061810113,95538
3394,-4.0,16,-1377.9109061810113,95554
3395,-4.833333333333334,16,-1382.7442395143446,95570
3396,1.0,11,-1381.7442395143446,95581
3397,-2.0,15,-1383.7442395143446,95596
3398,-1.0,7,-1384.7442395143446,95603
3399,-6.857142857142858,52,-1391.6013823714875,95655
3400,-5.199999999999999,56,-1396.8013823714875,95711
3401,-8.55952380952381,17,-1405.3609061810114,95728
3402,-9.0,34,-1414.3609061810114,95762
3403,-3.0,17,-1417.3609061810114,95779
3404,1.0,19,-1416.3609061810114,95798
3405,3.8333333333333335,16,-1412.5275728476781,95814
3406,-1.8333333333333335,20,-1414.3609061810114,95834
3407,0.0,2,-1414.3609061810114,95836
3408,-1.5,9,-1415.8609061810114,95845
3409,1.0,12,-1414.8609061810114,95857
3410,-1.0,37,-1415.8609061810114,95894
3411,-0.2000000000000004,46,-1416.0609061810114,95940
3412,-8.4,40,-1424.4609061810115,95980
3413,-0.16666666666666696,55,-1424.6275728476783,96035
3414,3.7,36,-1420.9275728476782,96071
3415,-1.5,33,-1422.4275728476782,96104
3416,-3.6666666666666665,34,-1426.094239514345,96138
3417,1.0,15,-1425.094239514345,96153
3418,-1.5999999999999999,17,-1426.6942395143449,96170
3419,-2.0,15,-1428.6942395143449,96185
3420,6.5,33,-1422.1942395143449,96218
3421,4.25,18,-1417.9442395143449,96236
3422,1.0,31,-1416.9442395143449,96267
3423,-2.4545454545454546,33,-1419.3987849688904,96300
3424,1.75,32,-1417.6487849688904,96332
3425,3.2,18,-1414.4487849688903,96350
3426,12.866666666666667,34,-1401.5821183022238,96384
3427,5.0,45,-1396.5821183022238,96429
3428,7.2,29,-1389.3821183022237,96458
3429,8.0,25,-1381.3821183022237,96483
3430,3.5,15,-1377.8821183022237,96498
3431,-3.8,16,-1381.6821183022237,96514
3432,-3.3,37,-1384.9821183022236,96551
3433,-1.6666666666666667,40,-1386.6487849688904,96591
3434,-19.3,54,-1405.9487849688903,96645
3435,25.333333333333336,58,-1380.615451635557,96703
3436,-1.0,16,-1381.615451635557,96719
3437,5.983333333333333,35,-1375.6321183022237,96754
3438,-10.25,18,-1385.8821183022237,96772
3439,5.333333333333334,18,-1380.5487849688905,96790
3440,-2.0,15,-1382.5487849688905,96805
3441,7.0,18,-1375.5487849688905,96823
3442,-2.5,33,-1378.0487849688905,96856
3443,-4.125,15,-1382.1737849688905,96871
3444,-4.0,29,-1386.1737849688905,96900
3445,-1.666666666666667,38,-1387.8404516355572,96938
3446,-6.9,47,-1394.7404516355573,96985
3447,7.888888888888889,23,-1386.8515627466684,97008
3448,2.5,33,-1384.3515627466684,97041
3449,-7.8,36,-1392.1515627466683,97077
3450,-5.166666666666667,75,-1397.318229413335,97152
3451,-5.0,51,-1402.318229413335,97203
3452,-2.0,5,-1404.318229413335,97208
3453,0.0,4,-1404.318229413335,97212
3454,1.5,9,-1402.818229413335,97221
3455,-9.0,37,-1411.818229413335,97258
3456,-2.5,16,-1414.318229413335,97274
3457,0.0,19,-1414.318229413335,97293
3458,3.5625,33,-1410.755729413335,97326
3459,-5.0,5,-1415.755729413335,97331
3460,1.0,12,-1414.755729413335,97343
3461,-4.053030303030303,32,-1418.8087597163653,97375
3462,3.333333333333333,27,-1415.475426383032,97402
3463,-4.803030303030304,35,-1420.2784566860623,97437
3464,0.5,11,-1419.7784566860623,97448
3465,1.2000000000000002,17,-1418.5784566860623,97465
3466,6.212121212121213,68,-1412.366335473941,97533
3467,0.0,2,-1412.366335473941,97535
3468,-12.023809523809524,48,-1424.3901449977507,97583
3469,-11.898809523809522,65,-1436.2889545215603,97648
3470,-2.0,29,-1438.2889545215603,97677
3471,6.0,74,-1432.2889545215603,97751
3472,6.5,32,-1425.7889545215603,97783
3473,0.5333333333333332,14,-1425.255621188227,97797
3474,2.0,20,-1423.255621188227,97817
3475,-1.3333333333333333,13,-1424.5889545215603,97830
3476,0.9880952380952378,36,-1423.600859283465,97866
3477,-3.0,31,-1426.600859283465,97897
3478,0.19999999999999996,13,-1426.400859283465,97910
3479,-7.833333333333334,58,-1434.2341926167983,97968
3480,-3.5500000000000007,66,-1437.7841926167982,98034
3481,-1.2222222222222223,14,-1439.0064148390204,98048
3482,4.888888888888889,35,-1434.1175259501315,98083
3483,2.6238095238095243,51,-1431.493716426322,98134
3484,5.333333333333333,16,-1426.1603830929887,98150
3485,-7.166666666666667,17,-1433.3270497596554,98167
3486,-5.5,32,-1438.8270497596554,98199
3487,5.166666666666667,46,-1433.6603830929887,98245
3488,-5.5140692640692635,23,-1439.174452357058,98268
3489,8.866666666666667,28,-1430.3077856903915,98296
3490,7.25,31,-1423.0577856903915,98327
3491,3.666666666666666,15,-1419.3911190237247,98342
3492,-8.4375,33,-1427.8286190237247,98375
3493,3.366666666666667,53,-1424.4619523570582,98428
3494,-1.0,18,-1425.4619523570582,98446
3495,0.833333333333333,73,-1424.628619023725,98519
3496,-5.3,51,-1429.9286190237249,98570
3497,1.0,18,-1428.9286190237249,98588
3498,-1.6363636363636362,19,-1430.5649826600886,98607
3499,0.25555555555555537,30,-1430.3094271045331,98637
3500,3.333333333333334,32,-1426.9760937711999,98669
3501,9.0,46,-1417.9760937711999,98715
3502,3.0,16,-1414.9760937711999,98731
3503,-3.0,18,-1417.9760937711999,98749
3504,-3.9333333333333336,15,-1421.9094271045333,98764
3505,-4.166666666666666,17,-1426.0760937712,98781
3506,-11.941176470588236,51,-1438.0172702417883,98832
3507,1.7888888888888892,17,-1436.2283813528995,98849
3508,-13.777777777777779,64,-1450.0061591306774,98913
3509,6.476190476190476,19,-1443.529968654487,98932
3510,6.0,30,-1437.529968654487,98962
3511,4.0,19,-1433.529968654487,98981
3512,0.0,14,-1433.529968654487,98995
3513,-5.214285714285714,17,-1438.7442543687728,99012
3514,-4.833333333333334,24,-1443.577587702106,99036
3515,-3.191919191919192,18,-1446.7695068940252,99054
3516,-4.5,17,-1451.2695068940252,99071
3517,3.0999999999999996,73,-1448.1695068940253,99144
3518,-0.6666666666666666,35,-1448.836173560692,99179
3519,-3.0,21,-1451.836173560692,99200
3520,-2.8333333333333335,55,-1454.6695068940253,99255
3521,-5.5,16,-1460.1695068940253,99271
3522,-2.3333333333333335,16,-1462.5028402273585,99287
3523,0.5,19,-1462.0028402273585,99306
3524,-5.666666666666666,33,-1467.6695068940253,99339
3525,-6.625,15,-1474.2945068940253,99354
3526,1.0,18,-1473.2945068940253,99372
3527,-2.166666666666667,45,-1475.461173560692,99417
3528,1.1111111111111112,32,-1474.350062449581,99449
3529,0.0,2,-1474.350062449581,99451
3530,0.0,15,-1474.350062449581,99466
3531,1.0,19,-1473.350062449581,99485
3532,-6.633333333333333,25,-1479.9833957829144,99510
3533,0.19999999999999996,8,-1479.7833957829143,99518
3534,-10.11111111111111,39,-1489.8945068940254,99557
3535,1.5,45,-1488.3945068940254,99602
3536,-1.8333333333333335,23,-1490.2278402273587,99625
3537,-4.666666666666666,31,-1494.8945068940254,99656
3538,0.0,16,-1494.8945068940254,99672
3539,1.3333333333333335,34,-1493.5611735606922,99706
3540,1.8,16,-1491.7611735606922,99722
3541,-1.8333333333333335,16,-1493.5945068940255,99738
3542,-1.0,19,-1494.5945068940255,99757
3543,-2.3333333333333335,18,-1496.9278402273587,99775
3544,-2.666666666666667,29,-1499.5945068940255,99804
3545,-6.5,27,-1506.0945068940255,99831
3546,-2.8,62,-1508.8945068940254,99893
3547,-1.8,9,-1510.6945068940254,99902
3548,-5.300000000000001,72,-1515.9945068940253,99974
3549,2.5,17,-1513.4945068940253,99991
3550,-0.22222222222222227,19,-1513.7167291162475,100010
3551,-8.0,18,-1521.7167291162475,100028
3552,-4.0,17,-1525.7167291162475,100045
3553,0.5,23,-1525.2167291162475,100068
3554,-9.333333333333332,22,-1534.5500624495808,100090
3555,-0.5,21,-1535.0500624495808,100111
3556,0.7142857142857144,37,-1534.335776735295,100148
3557,-4.857142857142858,17,-1539.1929195924379,100165
3558,0.0,16,-1539.1929195924379,100181
3559,-2.0,15,-1541.1929195924379,100196
3560,0.0,16,-1541.1929195924379,100212
3561,-3.0,44,-1544.1929195924379,100256
3562,3.0,29,-1541.1929195924379,100285
3563,-3.0476190476190474,77,-1544.240538640057,100362
3564,1.5,16,-1542.740538640057,100378
3565,-15.8,36,-1558.5405386400569,100414
3566,-3.5,37,-1562.0405386400569,100451
3567,3.333333333333333,17,-1558.7072053067236,100468
3568,-2.466666666666667,28,-1561.1738719733903,100496
3569,-7.0,16,-1568.1738719733903,100512
3570,4.0,14,-1564.1738719733903,100526
3571,-1.333333333333334,59,-1565.5072053067236,100585
3572,-9.875,35,-1575.3822053067236,100620
3573,2.0,16,-1573.3822053067236,100636
3574,-2.4411764705882355,55,-1575.8233817773119,100691
3575,1.6,33,-1574.223381777312,100724
3576,-17.0,52,-1591.223381777312,100776
3577,10.376190476190477,68,-1580.8471913011215,100844
3578,-6.0,36,-1586.8471913011215,100880
3579,-6.4714285714285715,40,-1593.31861987255,100920
3580,4.333333333333333,32,-1588.9852865392168,100952
3581,-1.166666666666667,20,-1590.1519532058835,100972
3582,-6.083333333333334,68,-1596.2352865392168,101040
3583,-5.0,34,-1601.2352865392168,101074
3584,5.5,15,-1595.7352865392168,101089
3585,-2.9047619047619047,17,-1598.6400484439787,101106
3586,-4.0,29,-1602.6400484439787,101135
3587,-4.5,9,-1607.1400484439787,101144
3588,-4.0,9,-1611.1400484439787,101153
3589,-3.8095238095238093,13,-1614.9495722535025,101166
3590,-3.0,9,-1617.9495722535025,101175
3591,1.0,9,-1616.9495722535025,101184
3592,0.33333333333333304,34,-1616.6162389201693,101218
3593,-2.888888888888889,33,-1619.5051278090582,101251
3594,0.0,37,-1619.5051278090582,101288
3595,-1.2142857142857144,16,-1620.719413523344,101304
3596,-4.333333333333333,34,-1625.0527468566772,101338
3597,-4.8,30,-1629.8527468566772,101368
3598,-9.043478260869566,69,-1638.8962251175467,101437
3599,0.75,32,-1638.1462251175467,101469
3600,-0.4285714285714286,16,-1638.574796546118,101485
3601,3.0,15,-1635.574796546118,101500
3602,-6.333333333333334,33,-1641.9081298794513,101533
3603,-0.75,49,-1642.6581298794513,101582
3604,-0.5,21,-1643.1581298794513,101603
3605,4.0,31,-1639.1581298794513,101634
3606,-8.091666666666667,32,-1647.249796546118,101666
3607,2.0416666666666665,27,-1645.2081298794512,101693
3608,8.428571428571427,32,-1636.77955845088,101725
3609,-3.0,8,-1639.77955845088,101733
3610,-1.0,8,-1640.77955845088,101741
3611,13.033333333333331,109,-1627.7462251175466,101850
3612,-3.0,36,-1630.7462251175466,101886
3613,-1.0,17,-1631.7462251175466,101903
3614,2.0,22,-1629.7462251175466,101925
3615,-7.625,43,-1637.3712251175466,101968
3616,-5.333333333333334,13,-1642.7045584508799,101981
3617,-5.190476190476191,36,-1647.895034641356,102017
3618,-1.25,50,-1649.145034641356,102067
3619,-12.660256410256409,75,-1661.8052910516124,102142
3620,-6.5,11,-1668.3052910516124,102153
3621,0.8444444444444446,25,-1667.460846607168,102178
3622,-11.633986928104575,42,-1679.0948335352725,102220
3623,-13.083333333333332,33,-1692.1781668686058,102253
3624,-4.339285714285714,17,-1696.5174525828916,102270
3625,2.177777777777778,16,-1694.3396748051139,102286
3626,-6.416666666666667,44,-1700.7563414717806,102330
3627,-8.0,34,-1708.7563414717806,102364
3628,-1.0,16,-1709.7563414717806,102380
3629,-10.0,18,-1719.7563414717806,102398
3630,3.0,16,-1716.7563414717806,102414
3631,-10.0,52,-1726.7563414717806,102466
3632,-1.0,15,-1727.7563414717806,102481
3633,-1.0000000000000004,34,-1728.7563414717806,102515
3634,-6.133333333333333,61,-1734.889674805114,102576
3635,-1.0,17,-1735.889674805114,102593
3636,-0.8333333333333335,18,-1736.7230081384473,102611
3637,-5.75,16,-1742.4730081384473,102627
3638,3.0,14,-1739.4730081384473,102641
3639,-3.6666666666666665,16,-1743.139674805114,102657
3640,-0.5,16,-1743.639674805114,102673
3641,-2.0,17,-1745.639674805114,102690
3642,-9.436363636363637,20,-1755.0760384414777,102710
3643,-2.0,18,-1757.0760384414777,102728
3644,-2.2500000000000004,17,-1759.3260384414777,102745
3645,-2.833333333333334,19,-1762.159371774811,102764
3646,-3.166666666666666,17,-1765.3260384414777,102781
3647,-1.0,14,-1766.3260384414777,102795
3648,4.0,17,-1762.3260384414777,102812
3649,-6.166666666666666,18,-1768.4927051081445,102830
3650,-2.75,17,-1771.2427051081445,102847
3651,-2.7142857142857144,17,-1773.9569908224303,102864
3652,-4.0,17,-1777.9569908224303,102881
3653,-2.5,34,-1780.4569908224303,102915
3654,-4.5,17,-1784.9569908224303,102932
3655,0.0,16,-1784.9569908224303,102948
3656,-14.744444444444444,83,-1799.7014352668748,103031
3657,0.22916666666666696,17,-1799.472268600208,103048
3658,-7.633333333333333,30,-1807.1056019335415,103078
3659,0.6666666666666667,16,-1806.4389352668748,103094
3660,0.0,5,-1806.4389352668748,103099
3661,2.0,23,-1804.4389352668748,103122
3662,-2.0,18,-1806.4389352668748,103140
3663,-1.0,16,-1807.4389352668748,103156
3664,-2.0,4,-1809.4389352668748,103160
3665,-2.1,19,-1811.5389352668747,103179
3666,-0.6666666666666665,18,-1812.2056019335414,103197
3667,-7.299999999999999,69,-1819.5056019335414,103266
3668,-11.0,66,-1830.5056019335414,103332
3669,-2.666666666666667,41,-1833.172268600208,103373
3670,-0.20000000000000007,16,-1833.3722686002081,103389
3671,-2.0,15,-1835.3722686002081,103404
3672,3.5,66,-1831.8722686002081,103470
3673,11.1,45,-1820.7722686002082,103515
3674,9.166666666666666,32,-1811.6056019335415,103547
3675,2.342857142857143,32,-1809.2627447906843,103579
3676,13.533333333333333,80,-1795.729411457351,103659
3677,3.8333333333333335,35,-1791.8960781240178,103694
3678,-0.5,18,-1792.3960781240178,103712
3679,2.333333333333333,17,-1790.0627447906845,103729
3680,-4.0,15,-1794.0627447906845,103744
3681,-1.0,10,-1795.0627447906845,103754
3682,0.5,19,-1794.5627447906845,103773
3683,-2.0,39,-1796.5627447906845,103812
3684,-5.4571428571428555,30,-1802.0198876478273,103842
3685,4.1,17,-1797.9198876478274,103859
3686,0.7714285714285716,17,-1797.148459076399,103876
3687,-24.666666666666664,119,-1821.8151257430657,103995
3688,-3.0,14,-1824.8151257430657,104009
3689,-9.666666666666668,43,-1834.4817924097324,104052
3690,-1.4666666666666663,16,-1835.948459076399,104068
3691,3.0,2,-1832.948459076399,104070
3692,1.0,23,-1831.948459076399,104093
3693,-5.5,36,-1837.448459076399,104129
3694,-1.25,32,-1838.698459076399,104161
3695,-4.244444444444445,101,-1842.9429035208436,104262
3696,6.5,14,-1836.4429035208436,104276
3697,-1.3333333333333333,16,-1837.776236854177,104292
3698,-3.0,18,-1840.776236854177,104310
3699,2.3333333333333335,25,-1838.4429035208436,104335
3700,-1.625,18,-1840.0679035208436,104353
3701,4.0,18,-1836.0679035208436,104371
3702,-2.0,33,-1838.0679035208436,104404
3703,-15.700000000000001,72,-1853.7679035208437,104476
3704,-1.333333333333333,58,-1855.101236854177,104534
3705,-14.1,49,-1869.2012368541768,104583
3706,7.7,49,-1861.5012368541768,104632
3707,0.0,17,-1861.5012368541768,104649
3708,-3.1111111111111116,48,-1864.6123479652879,104697
3709,-5.3,24,-1869.9123479652878,104721
3710,-4.583333333333334,31,-1874.495681298621,104752
3711,7.133333333333333,48,-1867.3623479652877,104800
3712,6.142857142857143,30,-1861.2194908224305,104830
3713,3.333333333333333,18,-1857.8861574890973,104848
3714,1.6666666666666667,15,-1856.2194908224305,104863
3715,7.5,34,-1848.7194908224305,104897
3716,2.0,33,-1846.7194908224305,104930
3717,0.0,17,-1846.7194908224305,104947
3718,-0.06666666666666654,51,-1846.7861574890971,104998
3719,7.7,39,-1839.086157489097,105037
3720,-3.0,35,-1842.086157489097,105072
3721,4.5,16,-1837.586157489097,105088
3722,-12.442857142857141,61,-1850.0290146319542,105149
3723,14.866666666666669,37,-1835.1623479652876,105186
3724,-13.166666666666668,33,-1848.3290146319544,105219
3725,-11.479638009049774,36,-1859.808652641004,105255
3726,7.375,31,-1852.433652641004,105286
3727,11.2,45,-1841.233652641004,105331
3728,-1.0,27,-1842.233652641004,105358
3729,4.7,34,-1837.533652641004,105392
3730,-1.0,18,-1838.533652641004,105410
3731,3.733333333333333,130,-1834.8003193076706,105540
3732,7.8999999999999995,50,-1826.9003193076705,105590
3733,3.0,21,-1823.9003193076705,105611
3734,0.0,14,-1823.9003193076705,105625
3735,5.95,22,-1817.9503193076705,105647
3736,0.33333333333333337,13,-1817.6169859743372,105660
3737,-25.904761904761905,245,-1843.5217478790992,105905
3738,-1.0,15,-1844.5217478790992,105920
3739,1.0636363636363635,17,-1843.4581115154629,105937
3740,-1.0,31,-1844.4581115154629,105968
3741,-0.5,13,-1844.9581115154629,105981
3742,-3.6666666666666665,30,-1848.6247781821296,106011
3743,0.4119047619047622,64,-1848.212873420225,106075
3744,-1.1666666666666665,34,-1849.3795400868917,106109
3745,-3.0,16,-1852.3795400868917,106125
3746,-0.9999999999999998,33,-1853.3795400868917,106158
3747,13.566666666666666,78,-1839.812873420225,106236
3748,-8.42857142857143,35,-1848.2414448487964,106271
3749,10.666666666666668,31,-1837.5747781821296,106302
3750,5.666666666666667,51,-1831.908111515463,106353
3751,-10.666666666666668,47,-1842.5747781821296,106400
3752,-7.499999999999999,38,-1850.0747781821296,106438
3753,0.45238095238095255,15,-1849.6223972297487,106453
3754,-4.0,27,-1853.6223972297487,106480
3755,-1.0,9,-1854.6223972297487,106489
3756,1.4,8,-1853.2223972297486,106497
3757,2.427777777777778,5,-1850.794619451971,106502
3758,1.0,4,-1849.794619451971,106506
3759,0.0,33,-1849.794619451971,106539
3760,2.5,34,-1847.294619451971,106573
3761,-1.0,17,-1848.294619451971,106590
3762,-4.714285714285714,15,-1853.0089051662567,106605
3763,1.1428571428571428,32,-1851.8660480233996,106637
3764,1.0,26,-1850.8660480233996,106663
3765,-8.666666666666668,17,-1859.5327146900663,106680
3766,-2.5,18,-1862.0327146900663,106698
3767,-2.666666666666667,16,-1864.699381356733,106714
3768,3.0,12,-1861.699381356733,106726
3769,-0.8999999999999999,14,-1862.5993813567331,106740
3770,0.0,18,-1862.5993813567331,106758
3771,-13.1,32,-1875.699381356733,106790
3772,0.19999999999999996,12,-1875.499381356733,106802
3773,2.333333333333333,20,-1873.1660480233998,106822
3774,-4.5,39,-1877.6660480233998,106861
3775,-9.761904761904763,33,-1887.4279527853046,106894
3776,-1.0,15,-1888.4279527853046,106909
3777,0.3666666666666667,33,-1888.061286118638,106942
3778,-8.904761904761905,48,-1896.9660480234,106990
3779,-0.9411764705882355,18,-1897.9072244939882,107008
3780,0.0,18,-1897.9072244939882,107026
3781,-4.0,29,-1901.9072244939882,107055
3782,0.7124999999999999,42,-1901.1947244939881,107097
3783,1.3333333333333333,40,-1899.8613911606549,107137
3784,-1.0,10,-1900.8613911606549,107147
3785,-0.5,16,-1901.3613911606549,107163
3786,-12.936363636363637,48,-1914.2977547970186,107211
3787,5.5588235294117645,33,-1908.7389312676069,107244
3788,6.0,50,-1902.7389312676069,107294
3789,-9.233333333333333,17,-1911.9722646009402,107311
3790,0.25,34,-1911.7222646009402,107345
3791,-2.766666666666666,47,-1914.4889312676069,107392
3792,-17.75,23,-1932.2389312676069,107415
3793,-6.133333333333333,29,-1938.3722646009403,107444
3794,-1.6666666666666667,19,-1940.038931267607,107463
3795,-0.5,48,-1940.538931267607,107511
3796,-3.666666666666667,16,-1944.2055979342738,107527
3797,0.6666666666666665,32,-1943.538931267607,107559
3798,4.033333333333333,27,-1939.5055979342737,107586
3799,-3.976190476190477,52,-1943.481788410464,107638
3800,-4.076923076923077,20,-1947.5587114873872,107658
3801,4.0,36,-1943.5587114873872,107694
3802,-6.466666666666667,64,-1950.025378154054,107758
3803,-3.4444444444444446,27,-1953.4698225984982,107785
3804,0.6071428571428572,18,-1952.8626797413554,107803
3805,-3.5,26,-1956.3626797413554,107829
3806,-6.0,32,-1962.3626797413554,107861
3807,1.0,20,-1961.3626797413554,107881
3808,-2.0,13,-1963.3626797413554,107894
3809,2.2222222222222223,36,-1961.1404575191332,107930
3810,-2.5,12,-1963.6404575191332,107942
3811,-5.809523809523809,18,-1969.449981328657,107960
3812,-1.0,3,-1970.449981328657,107963
3813,-1.25,14,-1971.699981328657,107977
3814,0.25,13,-1971.449981328657,107990
3815,2.6666666666666665,33,-1968.7833146619903,108023
3816,1.0,32,-1967.7833146619903,108055
3817,0.0,18,-1967.7833146619903,108073
3818,-2.0,16,-1969.7833146619903,108089
3819,3.75,21,-1966.0333146619903,108110
3820,-2.5,17,-1968.5333146619903,108127
3821,-8.0,17,-1976.5333146619903,108144
3822,4.0,19,-1972.5333146619903,108163
3823,-9.0,39,-1981.5333146619903,108202
3824,-18.014285714285712,35,-1999.547600376276,108237
3825,-1.0,17,-2000.547600376276,108254
3826,0.8642857142857148,53,-1999.6833146619904,108307
3827,-0.5,18,-2000.1833146619904,108325
3828,-1.6666666666666665,34,-2001.8499813286571,108359
3829,1.6666666666666665,24,-2000.1833146619904,108383
3830,7.333333333333333,36,-1992.8499813286571,108419
3831,1.0,16,-1991.8499813286571,108435
3832,0.0,2,-1991.8499813286571,108437
3833,-4.0,19,-1995.8499813286571,108456
3834,-4.5,18,-2000.3499813286571,108474
3835,19.33333333333333,64,-1981.0166479953239,108538
3836,11.0,43,-1970.0166479953239,108581
3837,6.555555555555555,60,-1963.4610924397682,108641
3838,-3.1333333333333337,24,-1966.5944257731016,108665
3839,-10.5,16,-1977.0944257731016,108681
3840,0.3333333333333333,34,-1976.7610924397684,108715
3841,0.7999999999999998,15,-1975.9610924397684,108730
3842,-2.25,17,-1978.2110924397684,108747
3843,-5.433333333333334,46,-1983.6444257731018,108793
3844,-0.3333333333333335,15,-1983.977759106435,108808
3845,-1.0,21,-1984.977759106435,108829
3846,-10.0,23,-1994.977759106435,108852
3847,-3.7142857142857144,17,-1998.6920448207209,108869
3848,-10.555555555555555,31,-2009.2476003762765,108900
3849,-5.5,33,-2014.7476003762765,108933
3850,-1.8333333333333337,48,-2016.5809337096098,108981
3851,-2.666666666666667,35,-2019.2476003762765,109016
3852,-9.276190476190475,33,-2028.523790852467,109049
3853,2.3636363636363633,15,-2026.1601544888308,109064
3854,0.0,4,-2026.1601544888308,109068
3855,0.6000000000000001,13,-2025.560154488831,109081
3856,3.5588235294117645,34,-2022.0013309594192,109115
3857,0.5454545454545454,16,-2021.4558764139647,109131
3858,-2.3333333333333335,18,-2023.789209747298,109149
3859,-16.083333333333332,64,-2039.8725430806312,109213
3860,-14.857142857142858,50,-2054.729685937774,109263
3861,3.0,27,-2051.729685937774,109290
3862,4.466666666666666,32,-2047.2630192711072,109322
3863,-9.0,32,-2056.263019271107,109354
3864,1.1,15,-2055.1630192711073,109369
3865,-6.412698412698413,35,-2061.5757176838056,109404
3866,0.0,23,-2061.5757176838056,109427
3867,-3.333333333333334,69,-2064.909051017139,109496
3868,-13.366666666666667,79,-2078.275717683806,109575
3869,0.09523809523809534,17,-2078.180479588568,109592
3870,-8.5,34,-2086.680479588568,109626
3871,-7.857142857142858,48,-2094.5376224457104,109674
3872,-2.666666666666667,18,-2097.204289112377,109692
3873,2.0,48,-2095.204289112377,109740
3874,9.366666666666665,45,-2085.83762244571,109785
3875,-7.968253968253968,38,-2093.805876413964,109823
3876,-3.0,31,-2096.805876413964,109854
3877,-3.0,16,-2099.805876413964,109870
3878,4.142857142857142,24,-2095.663019271107,109894
3879,-4.0,24,-2099.663019271107,109918
3880,-9.0,49,-2108.663019271107,109967
3881,5.787878787878788,15,-2102.875140483228,109982
3882,-1.4666666666666663,34,-2104.3418071498945,110016
3883,4.5,32,-2099.8418071498945,110048
3884,-9.0,16,-2108.8418071498945,110064
3885,-10.0,34,-2118.8418071498945,110098
3886,-8.0,19,-2126.8418071498945,110117
3887,-0.6666666666666666,8,-2127.508473816561,110125
3888,-4.0,9,-2131.508473816561,110134
3889,5.595238095238095,34,-2125.913235721323,110168
3890,-4.0,12,-2129.913235721323,110180
3891,-9.1,33,-2139.013235721323,110213
3892,5.333333333333333,46,-2133.6799023879894,110259
3893,-2.5,15,-2136.1799023879894,110274
3894,-0.875,19,-2137.0549023879894,110293
3895,2.0,16,-2135.0549023879894,110309
3896,-25.666666666666668,49,-2160.721569054656,110358
3897,-4.5,15,-2165.221569054656,110373
3898,-15.666666666666666,33,-2180.8882357213224,110406
3899,-0.25,17,-2181.1382357213224,110423
3900,-8.0,15,-2189.1382357213224,110438
3901,-16.133333333333333,54,-2205.2715690546556,110492
3902,-12.166666666666668,42,-2217.438235721322,110534
3903,-7.0,21,-2224.438235721322,110555
3904,-9.333333333333332,28,-2233.7715690546556,110583
3905,-2.609523809523809,47,-2236.3810928641797,110630
3906,-5.0,17,-2241.3810928641797,110647
3907,3.0,16,-2238.3810928641797,110663
3908,-5.928571428571429,32,-2244.309664292751,110695
3909,-5.0,11,-2249.309664292751,110706
3910,-2.1666666666666665,17,-2251.4763309594177,110723
3911,6.25,33,-2245.2263309594177,110756
3912,-0.25,65,-2245.4763309594177,110821
3913,-3.3333333333333335,26,-2248.809664292751,110847
3914,-1.4166666666666665,17,-2250.2263309594177,110864
3915,-6.0,15,-2256.2263309594177,110879
3916,-3.9166666666666665,15,-2260.1429976260843,110894
3917,-3.0238095238095237,16,-2263.166807149894,110910
3918,0.5714285714285714,17,-2262.5953785784654,110927
3919,-2.857142857142857,15,-2265.452521435608,110942
3920,-5.0,9,-2270.452521435608,110951
3921,-4.5,10,-2274.952521435608,110961
3922,-3.0,6,-2277.952521435608,110967
3923,4.1499999999999995,73,-2273.802521435608,111040
3924,-4.333333333333333,32,-2278.1358547689415,111072
3925,1.6666666666666665,35,-2276.469188102275,111107
3926,-4.0,18,-2280.469188102275,111125
3927,8.75,40,-2271.719188102275,111165
3928,-4.0,15,-2275.719188102275,111180
3929,-10.5,50,-2286.219188102275,111230
3930,-1.8888888888888888,16,-2288.1080769911637,111246
3931,0.033333333333333215,20,-2288.0747436578304,111266
3932,2.0,36,-2286.0747436578304,111302
3933,1.6666666666666667,20,-2284.408076991164,111322
3934,-5.0,19,-2289.408076991164,111341
3935,-12.104166666666666,36,-2301.5122436578304,111377
3936,-7.4411764705882355,15,-2308.9534201284187,111392
3937,-29.3768115942029,88,-2338.3302317226216,111480
3938,-9.05,24,-2347.380231722622,111504
3939,-0.5428571428571427,24,-2347.923088865479,111528
3940,0.19999999999999996,9,-2347.723088865479,111537
3941,-2.5,16,-2350.223088865479,111553
3942,-3.5,31,-2353.723088865479,111584
3943,6.8,32,-2346.923088865479,111616
3944,2.0,15,-2344.923088865479,111631
3945,5.9,31,-2339.0230888654787,111662
3946,-1.5,14,-2340.5230888654787,111676
3947,-6.416666666666666,19,-2346.939755532145,111695
3948,-5.666666666666666,14,-2352.6064221988117,111709
3949,4.642857142857143,33,-2347.9635650559544,111742
3950,0.0,17,-2347.9635650559544,111759
3951,-6.666666666666666,34,-2354.630231722621,111793
3952,6.0,14,-2348.630231722621,111807
3953,-12.933333333333334,108,-2361.5635650559543,111915
3954,2.5,16,-2359.0635650559543,111931
3955,4.0,15,-2355.0635650559543,111946
3956,0.8160173160173159,34,-2354.247547739937,111980
3957,-2.5,16,-2356.747547739937,111996
3958,-3.0,19,-2359.747547739937,112015
3959,1.5,28,-2358.247547739937,112043
3960,-5.333333333333334,15,-2363.5808810732706,112058
3961,0.0,32,-2363.5808810732706,112090
3962,-5.111111111111111,38,-2368.691992184382,112128
3963,-5.822222222222223,30,-2374.514214406604,112158
3964,-6.0,69,-2380.514214406604,112227
3965,-16.685714285714287,77,-2397.1999286923183,112304
3966,-3.6666666666666665,20,-2400.866595358985,112324
3967,-3.361111111111111,42,-2404.227706470096,112366
3968,-4.095238095238096,36,-2408.322944565334,112402
3969,3.0,23,-2405.322944565334,112425
3970,-3.0,16,-2408.322944565334,112441
3971,-4.4,18,-2412.7229445653343,112459
3972,1.666666666666666,51,-2411.0562778986678,112510
3973,-3.466666666666666,23,-2414.5229445653345,112533
3974,3.357142857142857,17,-2411.165801708192,112550
3975,1.5,31,-2409.665801708192,112581
3976,1.75,20,-2407.915801708192,112601
3977,-3.8,29,-2411.715801708192,112630
3978,3.8625,34,-2407.853301708192,112664
3979,3.7333333333333334,26,-2404.1199683748587,112690
3980,-8.833333333333332,35,-2412.953301708192,112725
3981,1.0588235294117647,8,-2411.8944781787804,112733
3982,5.0,16,-2406.8944781787804,112749
3983,-2.4000000000000004,17,-2409.2944781787805,112766
3984,0.0,29,-2409.2944781787805,112795
3985,3.5,25,-2405.7944781787805,112820
3986,-2.0,14,-2407.7944781787805,112834
3987,2.5,32,-2405.2944781787805,112866
3988,0.0,17,-2405.2944781787805,112883
3989,-9.033333333333335,86,-2414.327811512114,112969
3990,-18.083333333333336,32,-2432.4111448454473,113001
3991,-10.266666666666666,51,-2442.677811512114,113052
3992,-7.0,18,-2449.677811512114,113070
3993,11.583333333333332,67,-2438.0944781787807,113137
3994,-5.5,15,-2443.5944781787807,113152
3995,2.083333333333333,46,-2441.5111448454472,113198
3996,-2.888888888888889,15,-2444.400033734336,113213
3997,1.5,16,-2442.900033734336,113229
3998,-2.0,22,-2444.900033734336,113251
3999,-2.0,17,-2446.900033734336,113268
4000,2.2,16,-2444.700033734336,113284
4001,8.811111111111112,33,-2435.888922623225,113317
4002,1.9333333333333331,18,-2433.9555892898916,113335
4003,7.698412698412699,43,-2426.257176591479,113378
4004,-18.803030303030305,66,-2445.0602068945095,113444
4005,-6.0,17,-2451.0602068945095,113461
4006,-6.688888888888889,35,-2457.7490957833984,113496
4007,-4.630434782608695,17,-2462.379530566007,113513
4008,-7.0,50,-2469.379530566007,113563
4009,-9.3,25,-2478.679530566007,113588
4010,-1.0,17,-2479.679530566007,113605
4011,-5.5,20,-2485.179530566007,113625
4012,-1.6666666666666665,14,-2486.8461972326736,113639
4013,-5.0,20,-2491.8461972326736,113659
4014,-6.0,7,-2497.8461972326736,113666
4015,-4.0,7,-2501.8461972326736,113673
4016,-1.0,6,-2502.8461972326736,113679
4017,-8.05,29,-2510.896197232674,113708
4018,7.0,16,-2503.896197232674,113724
4019,1.0,9,-2502.896197232674,113733
4020,-3.857142857142857,23,-2506.7533400898164,113756
4021,-5.133333333333333,16,-2511.8866734231497,113772
4022,5.065934065934066,14,-2506.8207393572156,113786
4023,-7.404761904761905,53,-2514.2255012619776,113839
4024,-9.785714285714285,21,-2524.011215547692,113860
4025,1.0,9,-2523.011215547692,113869
4026,-2.0,18,-2525.011215547692,113887
4027,-2.1500000000000004,83,-2527.161215547692,113970
4028,-3.5,43,-2530.661215547692,114013
4029,-2.6666666666666665,35,-2533.3278822143584,114048
4030,-4.0,16,-2537.3278822143584,114064
4031,-3.333333333333333,17,-2540.661215547692,114081
4032,-27.133333333333333,87,-2567.794548881025,114168
4033,3.888888888888889,27,-2563.9056599921364,114195
4034,-5.666666666666667,15,-2569.572326658803,114210
4035,-6.266666666666667,32,-2575.83899332547,114242
4036,-1.6666666666666665,20,-2577.5056599921363,114262
4037,-2.8,25,-2580.3056599921365,114287
4038,-0.14285714285714324,35,-2580.448517134994,114322
4039,-5.0,37,-2585.448517134994,114359
4040,-2.0,16,-2587.448517134994,114375
4041,10.078787878787878,47,-2577.369729256206,114422
4042,6.0,18,-2571.369729256206,114440
4043,2.0,15,-2569.369729256206,114455
4044,-3.75,18,-2573.119729256206,114473
4045,5.166666666666667,46,-2567.9530625895395,114519
4046,-5.458333333333334,48,-2573.411395922873,114567
4047,4.0,36,-2569.411395922873,114603
4048,-0.33333333333333326,9,-2569.7447292562065,114612
4049,-3.3333333333333335,27,-2573.07806258954,114639
4050,-1.0,17,-2574.07806258954,114656
