Sentence,AFINN Score of Sentence,Sentence Word Count,Total AFINN Score,Total Words
1,11.0,25,11.0,25
2,0.4,28,11.4,53
3,-2.5,12,8.9,65
4,-12.583333333333334,21,-3.6833333333333336,86
5,-0.8333333333333339,38,-4.5166666666666675,124
6,2.6,30,-1.9166666666666674,154
7,2.333333333333333,33,0.41666666666666563,187
8,7.2,28,7.616666666666665,215
9,0.5,35,8.116666666666665,250
10,0.0,21,8.116666666666665,271
11,-4.5,25,3.6166666666666654,296
12,0.5,40,4.116666666666665,336
13,7.416666666666667,48,11.533333333333331,384
14,0.833333333333333,30,12.366666666666664,414
15,-7.833333333333333,36,4.5333333333333306,450
16,-7.666666666666667,26,-3.1333333333333364,476
17,2.0,20,-1.1333333333333364,496
18,15.5,35,14.366666666666664,531
19,2.142857142857143,28,16.509523809523806,559
20,-2.220446049250313e-16,29,16.509523809523806,588
21,4.083333333333333,24,20.592857142857138,612
22,1.9999999999999998,44,22.592857142857138,656
23,10.81904761904762,28,33.41190476190476,684
24,2.25,24,35.66190476190476,708
25,-4.0,29,31.661904761904758,737
26,0.0,20,31.661904761904758,757
27,4.0,47,35.66190476190476,804
28,6.791666666666666,36,42.45357142857142,840
29,-0.5,15,41.95357142857142,855
30,0.0,4,41.95357142857142,859
31,1.75,29,43.70357142857142,888
32,-1.75,8,41.95357142857142,896
33,2.0,16,43.95357142857142,912
34,1.0,6,44.95357142857142,918
35,0.0,13,44.95357142857142,931
36,0.0,1,44.95357142857142,932
37,-6.5,3,38.45357142857142,935
38,-7.942857142857142,27,30.51071428571428,962
39,-6.071428571428571,13,24.43928571428571,975
40,2.5,5,26.93928571428571,980
41,4.0,29,30.93928571428571,1009
42,-3.0,11,27.93928571428571,1020
43,2.0,14,29.93928571428571,1034
44,-3.571428571428571,6,26.36785714285714,1040
45,-4.75,10,21.61785714285714,1050
46,-0.9047619047619049,13,20.713095238095235,1063
47,-8.666666666666668,36,12.046428571428567,1099
48,-5.4,10,6.646428571428567,1109
49,-1.8333333333333333,17,4.813095238095234,1126
50,-5.25,19,-0.4369047619047661,1145
51,-4.964285714285714,34,-5.4011904761904805,1179
52,4.0,14,-1.4011904761904805,1193
53,1.0,20,-0.40119047619048054,1213
54,5.0,21,4.5988095238095195,1234
55,-3.333333333333333,11,1.2654761904761864,1245
56,1.0,21,2.2654761904761864,1266
57,-0.3333333333333339,21,1.9321428571428525,1287
58,-1.0,19,0.9321428571428525,1306
59,-1.0,12,-0.0678571428571475,1318
60,0.0,4,-0.0678571428571475,1322
61,-1.8,17,-1.8678571428571475,1339
62,-3.333333333333333,19,-5.20119047619048,1358
63,-2.0,11,-7.20119047619048,1369
64,-1.0,24,-8.20119047619048,1393
65,4.2,13,-4.001190476190479,1406
66,0.8088235294117647,26,-3.192366946778715,1432
67,-1.75,11,-4.942366946778715,1443
68,1.5,6,-3.442366946778715,1449
69,2.833333333333333,24,-0.6090336134453818,1473
70,-2.6666666666666665,52,-3.2757002801120483,1525
71,2.25,21,-1.0257002801120483,1546
72,2.95,24,1.924299719887952,1570
73,-1.0,31,0.9242997198879519,1601
74,2.0,9,2.924299719887952,1610
75,3.0,18,5.9242997198879515,1628
76,-6.0,8,-0.07570028011204855,1636
77,-1.25,15,-1.3257002801120485,1651
78,-0.75,10,-2.0757002801120485,1661
79,0.0,9,-2.0757002801120485,1670
80,-0.8245098039215684,22,-2.900210084033617,1692
81,-0.6153846153846154,7,-3.5155946994182323,1699
82,3.583333333333333,36,0.06773863391510071,1735
83,4.128571428571429,33,4.19631006248653,1768
84,-10.5,43,-6.30368993751347,1811
85,2.3846153846153846,7,-3.9190745528980853,1818
86,5.333333333333334,28,1.4142587804352487,1846
87,-0.9411764705882353,13,0.4730823098470134,1859
88,-0.6666666666666666,8,-0.19358435681965325,1867
89,6.0,17,5.806415643180347,1884
90,0.33333333333333326,12,6.13974897651368,1896
91,-1.6666666666666667,10,4.473082309847013,1906
92,2.0,8,6.473082309847013,1914
93,0.09523809523809534,21,6.5683204050851085,1935
94,2.0,9,8.568320405085109,1944
95,0.0,9,8.568320405085109,1953
96,-3.0,12,5.5683204050851085,1965
97,1.0,12,6.5683204050851085,1977
98,0.3333333333333333,4,6.9016537384184415,1981
99,-1.0,5,5.9016537384184415,1986
100,-1.0,7,4.9016537384184415,1993
101,-5.0,20,-0.09834626158155846,2013
102,-8.0,32,-8.098346261581558,2045
103,8.9,31,0.8016537384184428,2076
104,-11.5,26,-10.698346261581557,2102
105,-2.0,32,-12.698346261581557,2134
106,-14.433333333333334,35,-27.131679594914893,2169
107,0.6666666666666665,33,-26.465012928248225,2202
108,-2.5,25,-28.965012928248225,2227
109,-5.0,21,-33.96501292824823,2248
110,6.5,27,-27.46501292824823,2275
111,8.666666666666668,16,-18.79834626158156,2291
112,2.4,37,-16.398346261581562,2328
113,2.0,2,-14.398346261581562,2330
114,0.0,4,-14.398346261581562,2334
115,-1.7999999999999998,6,-16.198346261581563,2340
116,4.0,38,-12.198346261581563,2378
117,-3.6666666666666665,29,-15.865012928248229,2407
118,1.4285714285714286,34,-14.4364414996768,2441
119,-1.0,23,-15.4364414996768,2464
120,-1.8333333333333333,14,-17.269774833010132,2478
121,-2.0,26,-19.269774833010132,2504
122,0.3333333333333333,2,-18.9364414996768,2506
123,0.0,4,-18.9364414996768,2510
124,-1.25,30,-20.1864414996768,2540
125,1.0,8,-19.1864414996768,2548
126,2.2,3,-16.9864414996768,2551
127,-0.5,9,-17.4864414996768,2560
128,-0.5,12,-17.9864414996768,2572
129,0.0,3,-17.9864414996768,2575
130,1.0,4,-16.9864414996768,2579
131,3.0,2,-13.9864414996768,2581
132,-1.0,23,-14.9864414996768,2604
133,4.625,24,-10.3614414996768,2628
134,4.375,8,-5.9864414996768005,2636
135,-7.071428571428573,28,-13.057870071105373,2664
136,1.6666666666666665,9,-11.391203404438707,2673
137,0.0,2,-11.391203404438707,2675
138,3.0,11,-8.391203404438707,2686
139,1.0,12,-7.391203404438707,2698
140,0.0,1,-7.391203404438707,2699
141,-3.0,9,-10.391203404438707,2708
142,0.0,9,-10.391203404438707,2717
143,0.5,10,-9.891203404438707,2727
144,0.20000000000000018,5,-9.691203404438706,2732
145,-2.0,2,-11.691203404438706,2734
146,-1.5,18,-13.191203404438706,2752
147,3.8333333333333335,14,-9.357870071105372,2766
148,-5.038095238095237,43,-14.395965309200609,2809
149,0.0,1,-14.395965309200609,2810
150,-2.5,8,-16.89596530920061,2818
151,1.6666666666666665,10,-15.229298642533942,2828
152,-0.75,22,-15.979298642533942,2850
153,-1.0,6,-16.97929864253394,2856
154,-1.0,2,-17.97929864253394,2858
155,-2.966666666666667,10,-20.94596530920061,2868
156,2.0,9,-18.94596530920061,2877
157,-3.0,7,-21.94596530920061,2884
158,-2.9047619047619047,15,-24.850727213962514,2899
159,-2.0,10,-26.850727213962514,2909
160,3.666666666666667,36,-23.184060547295847,2945
161,4.95,26,-18.234060547295847,2971
162,-0.621428571428571,42,-18.855489118724417,3013
163,-2.0,12,-20.855489118724417,3025
164,0.75,19,-20.105489118724417,3044
165,-1.0,7,-21.105489118724417,3051
166,0.0,4,-21.105489118724417,3055
167,0.0,1,-21.105489118724417,3056
168,2.0,3,-19.105489118724417,3059
169,-4.0,10,-23.105489118724417,3069
170,-2.0,6,-25.105489118724417,3075
171,-1.0,5,-26.105489118724417,3080
172,0.3333333333333333,2,-25.772155785391085,3082
173,0.0,9,-25.772155785391085,3091
174,0.0,1,-25.772155785391085,3092
175,0.0,4,-25.772155785391085,3096
176,0.0,2,-25.772155785391085,3098
177,2.0,11,-23.772155785391085,3109
178,7.0,19,-16.772155785391085,3128
179,-0.2333333333333334,30,-17.00548911872442,3158
180,0.0,32,-17.00548911872442,3190
181,-2.0,4,-19.00548911872442,3194
182,-0.25,8,-19.25548911872442,3202
183,4.933333333333334,38,-14.322155785391086,3240
184,-0.4444444444444444,15,-14.76660022983553,3255
185,1.0,5,-13.76660022983553,3260
186,0.666666666666667,17,-13.099933563168864,3277
187,-0.7333333333333332,17,-13.833266896502197,3294
188,-5.4,26,-19.233266896502197,3320
189,3.878787878787879,21,-15.354479017714318,3341
190,-1.5,23,-16.85447901771432,3364
191,0.0,3,-16.85447901771432,3367
192,1.0,23,-15.854479017714318,3390
193,2.0,12,-13.854479017714318,3402
194,0.1111111111111111,20,-13.743367906603208,3422
195,-1.0,22,-14.743367906603208,3444
196,1.0,22,-13.743367906603208,3466
197,-0.5,34,-14.243367906603208,3500
198,-5.5,27,-19.743367906603208,3527
199,-2.25,14,-21.993367906603208,3541
200,-1.0,40,-22.993367906603208,3581
201,-4.0,10,-26.993367906603208,3591
202,0.3333333333333333,3,-26.660034573269876,3594
203,0.5333333333333334,16,-26.12670123993654,3610
204,0.0,6,-26.12670123993654,3616
205,0.33333333333333326,12,-25.79336790660321,3628
206,-0.4,6,-26.193367906603207,3634
207,-0.4,7,-26.593367906603206,3641
208,4.833333333333334,10,-21.76003457326987,3651
209,4.0,18,-17.76003457326987,3669
210,2.0,9,-15.76003457326987,3678
211,9.0,15,-6.76003457326987,3693
212,0.0,4,-6.76003457326987,3697
213,3.75,17,-3.01003457326987,3714
214,-1.0,12,-4.01003457326987,3726
215,-2.0,6,-6.01003457326987,3732
216,0.0,2,-6.01003457326987,3734
217,-3.4,10,-9.41003457326987,3744
218,0.0,6,-9.41003457326987,3750
219,-3.0,6,-12.41003457326987,3756
220,-3.75,8,-16.16003457326987,3764
221,-0.1428571428571428,10,-16.30289171612701,3774
222,3.0,8,-13.30289171612701,3782
223,-6.333333333333333,18,-19.636225049460343,3800
224,0.9333333333333336,19,-18.70289171612701,3819
225,3.0,20,-15.70289171612701,3839
226,-2.25,10,-17.95289171612701,3849
227,-5.0,2,-22.95289171612701,3851
228,-2.0,5,-24.95289171612701,3856
229,3.0,10,-21.95289171612701,3866
230,1.0,15,-20.95289171612701,3881
231,-2.6666666666666665,11,-23.619558382793677,3892
232,0.0,1,-23.619558382793677,3893
233,0.0,1,-23.619558382793677,3894
234,-2.0,10,-25.619558382793677,3904
235,0.0,3,-25.619558382793677,3907
236,0.0,10,-25.619558382793677,3917
237,1.0,3,-24.619558382793677,3920
238,-1.8333333333333333,7,-26.45289171612701,3927
239,-9.666666666666668,27,-36.11955838279368,3954
240,-6.4,18,-42.519558382793676,3972
241,0.9999999999999996,19,-41.519558382793676,3991
242,-3.0,12,-44.519558382793676,4003
243,1.083333333333334,42,-43.43622504946034,4045
244,-1.0,13,-44.43622504946034,4058
245,-1.0,11,-45.43622504946034,4069
246,1.0,3,-44.43622504946034,4072
247,1.0,8,-43.43622504946034,4080
248,2.0,2,-41.43622504946034,4082
249,1.0,10,-40.43622504946034,4092
250,-2.0,6,-42.43622504946034,4098
251,-2.0,7,-44.43622504946034,4105
252,1.0,4,-43.43622504946034,4109
253,3.428571428571429,39,-40.00765362088891,4148
254,0.5,10,-39.50765362088891,4158
255,2.2,2,-37.30765362088891,4160
256,0.0,11,-37.30765362088891,4171
257,2.916666666666667,26,-34.39098695422224,4197
258,-3.5,16,-37.89098695422224,4213
259,-4.071428571428571,13,-41.96241552565081,4226
260,-0.5,7,-42.46241552565081,4233
261,0.0,9,-42.46241552565081,4242
262,3.095238095238095,22,-39.36717743041272,4264
263,4.2,5,-35.167177430412714,4269
264,1.0,11,-34.167177430412714,4280
265,-4.133333333333333,19,-38.30051076374605,4299
266,-2.0,10,-40.30051076374605,4309
267,-2.0,9,-42.30051076374605,4318
268,1.5,10,-40.80051076374605,4328
269,-2.5,8,-43.30051076374605,4336
270,-3.8,10,-47.100510763746044,4346
271,3.25,27,-43.850510763746044,4373
272,0.75,11,-43.100510763746044,4384
273,7.583333333333333,34,-35.51717743041271,4418
274,-1.5714285714285714,13,-37.08860600184128,4431
275,3.283333333333334,40,-33.805272668507946,4471
276,-5.25,31,-39.055272668507946,4502
277,-5.333333333333333,9,-44.38860600184128,4511
278,-1.0,7,-45.38860600184128,4518
279,-7.747619047619048,43,-53.13622504946033,4561
280,2.5333333333333337,4,-50.602891716127,4565
281,-0.33333333333333326,7,-50.93622504946033,4572
282,1.0,12,-49.93622504946033,4584
283,-1.0,5,-50.93622504946033,4589
284,-1.3333333333333333,7,-52.26955838279367,4596
285,-1.25,22,-53.51955838279367,4618
286,-1.3333333333333333,7,-54.852891716127004,4625
287,0.0,22,-54.852891716127004,4647
288,4.666666666666666,19,-50.18622504946034,4666
289,-0.5,18,-50.68622504946034,4684
290,1.6,7,-49.08622504946034,4691
291,2.6,13,-46.48622504946034,4704
292,5.5,26,-40.98622504946034,4730
293,-1.0,31,-41.98622504946034,4761
294,-4.5,24,-46.48622504946034,4785
295,4.7,29,-41.786225049460334,4814
296,9.333333333333332,23,-32.452891716127,4837
297,-0.5,32,-32.952891716127,4869
298,15.8,26,-17.152891716126998,4895
299,2.0,11,-15.152891716126998,4906
300,6.5,20,-8.652891716126998,4926
301,0.2666666666666667,20,-8.38622504946033,4946
302,-1.5,35,-9.88622504946033,4981
303,-0.7999999999999998,24,-10.68622504946033,5005
304,6.666666666666666,31,-4.019558382793663,5036
305,0.5,18,-3.5195583827936634,5054
306,-0.25,10,-3.7695583827936634,5064
307,1.333333333333334,22,-2.4362250494603295,5086
308,1.0,18,-1.4362250494603295,5104
309,4.666666666666666,16,3.2304416172063366,5120
310,1.0,26,4.230441617206337,5146
311,0,0,4.230441617206337,5146
312,0,0,4.230441617206337,5146
313,0,0,4.230441617206337,5146
314,-5.821428571428571,38,-1.5909869542222346,5184
315,-3.0,9,-4.590986954222235,5193
316,-2.0,14,-6.590986954222235,5207
317,-0.33333333333333304,22,-6.924320287555568,5229
318,0.0,7,-6.924320287555568,5236
319,-3.0,10,-9.924320287555567,5246
320,11.516666666666666,32,1.592346379111099,5278
321,16.75,23,18.3423463791111,5301
322,3.5,21,21.8423463791111,5322
323,0.5,17,22.3423463791111,5339
324,1.0,14,23.3423463791111,5353
325,1.866666666666667,12,25.209013045777766,5365
326,0.0,7,25.209013045777766,5372
327,0.0,14,25.209013045777766,5386
328,0.0,2,25.209013045777766,5388
329,-3.5,33,21.709013045777766,5421
330,-0.8333333333333333,16,20.875679712444434,5437
331,6.2,8,27.075679712444433,5445
332,-4.333333333333333,14,22.7423463791111,5459
333,-1.7999999999999998,2,20.9423463791111,5461
334,5.333333333333333,41,26.275679712444433,5502
335,-1.0,8,25.275679712444433,5510
336,2.2,3,27.475679712444432,5513
337,2.0,7,29.475679712444432,5520
338,1.75,18,31.225679712444432,5538
339,1.6,31,32.82567971244443,5569
340,0.0,5,32.82567971244443,5574
341,-3.7,7,29.125679712444434,5581
342,0.0,5,29.125679712444434,5586
343,-2.0,5,27.125679712444434,5591
344,-3.666666666666667,10,23.459013045777766,5601
345,-1.4,32,22.059013045777768,5633
346,-2.8,6,19.259013045777767,5639
347,-1.0,7,18.259013045777767,5646
348,4.2,14,22.459013045777766,5660
349,0.0,7,22.459013045777766,5667
350,0.0,8,22.459013045777766,5675
351,-1.7000000000000002,24,20.759013045777767,5699
352,-2.8,6,17.959013045777766,5705
353,1.75,23,19.709013045777766,5728
354,-1.7999999999999998,2,17.909013045777765,5730
355,-4.0,7,13.909013045777765,5737
356,-2.9304347826086956,21,10.97857826316907,5758
357,4.5,20,15.47857826316907,5778
358,-3.5,8,11.97857826316907,5786
359,-1.4,6,10.578578263169069,5792
360,-0.6666666666666667,5,9.911911596502403,5797
361,0.0,4,9.911911596502403,5801
362,4.0,5,13.911911596502403,5806
363,-2.0,19,11.911911596502403,5825
364,-0.25,24,11.661911596502403,5849
365,0.3333333333333333,2,11.995244929835737,5851
366,-2.333333333333333,10,9.661911596502403,5861
367,0.25,18,9.911911596502403,5879
368,-1.7999999999999998,2,8.111911596502402,5881
369,2.0,6,10.111911596502402,5887
370,1.0,7,11.111911596502402,5894
371,-1.25,19,9.861911596502402,5913
372,-3.3,31,6.561911596502402,5944
373,-2.0,12,4.561911596502402,5956
374,2.0,3,6.561911596502402,5959
375,0.0,6,6.561911596502402,5965
376,1.7000000000000002,7,8.261911596502403,5972
377,0.8888888888888888,11,9.150800485391292,5983
378,2.0,10,11.150800485391292,5993
379,2.0,10,13.150800485391292,6003
380,-3.0,4,10.150800485391292,6007
381,7.666666666666666,33,17.817467152057958,6040
382,0,0,17.817467152057958,6040
383,0,0,17.817467152057958,6040
384,0,0,17.817467152057958,6040
385,0.0,8,17.817467152057958,6048
386,0.0,11,17.817467152057958,6059
387,0.75,7,18.567467152057958,6066
388,-6.666666666666666,12,11.900800485391292,6078
389,0.0,5,11.900800485391292,6083
390,0,0,11.900800485391292,6083
391,0,0,11.900800485391292,6083
392,0,0,11.900800485391292,6083
393,0.3333333333333333,2,12.234133818724626,6085
394,-4.833333333333333,8,7.400800485391293,6093
395,0.0,24,7.400800485391293,6117
396,0.0,4,7.400800485391293,6121
397,-2.0,4,5.400800485391293,6125
398,-2.5,22,2.9008004853912928,6147
399,-2.333333333333333,14,0.5674671520579597,6161
400,-2.5,11,-1.9325328479420403,6172
401,-0.6666666666666665,9,-2.599199514608707,6181
402,-1.3333333333333333,10,-3.9325328479420403,6191
403,-2.5,12,-6.43253284794204,6203
404,-6.333333333333333,11,-12.765866181275374,6214
405,-7.916666666666666,20,-20.682532847942042,6234
406,4.0,2,-16.682532847942042,6236
407,-4.166666666666666,7,-20.849199514608706,6243
408,-7.5,8,-28.349199514608706,6251
409,0.0,10,-28.349199514608706,6261
410,-1.0,7,-29.349199514608706,6268
411,-3.904761904761904,30,-33.25396141937061,6298
412,-3.738095238095238,13,-36.99205665746585,6311
413,-1.0,8,-37.99205665746585,6319
414,-5.8,26,-43.79205665746585,6345
415,2.0,18,-41.79205665746585,6363
416,0.5,15,-41.29205665746585,6378
417,1.3333333333333335,17,-39.958723324132514,6395
418,-1.0,4,-40.958723324132514,6399
419,2.0,13,-38.958723324132514,6412
420,5.5,5,-33.458723324132514,6417
421,2.5,33,-30.958723324132514,6450
422,-0.5,7,-31.458723324132514,6457
423,-1.0,29,-32.458723324132514,6486
424,1.0,12,-31.458723324132514,6498
425,0.5,27,-30.958723324132514,6525
426,-12.7,44,-43.65872332413251,6569
427,3.5,33,-40.15872332413251,6602
428,-1.0,50,-41.15872332413251,6652
429,3.4166666666666665,36,-37.742056657465845,6688
430,7.5,28,-30.242056657465845,6716
431,4.1,26,-26.142056657465844,6742
432,9.166666666666666,27,-16.97538999079918,6769
433,0.0,7,-16.97538999079918,6776
434,7.5,19,-9.47538999079918,6795
435,4.4648033126294,43,-5.01058667816978,6838
436,3.6,17,-1.4105866781697798,6855
437,-2.5,17,-3.91058667816978,6872
438,-4.523809523809524,26,-8.434396201979304,6898
439,-2.0,30,-10.434396201979304,6928
440,2.0,59,-8.434396201979304,6987
441,0.5,26,-7.934396201979304,7013
442,-0.5,5,-8.434396201979304,7018
443,-0.6666666666666667,19,-9.10106286864597,7037
444,-1.833333333333333,25,-10.934396201979304,7062
445,-0.2999999999999998,15,-11.234396201979305,7077
446,0.0,12,-11.234396201979305,7089
447,-3.5,41,-14.734396201979305,7130
448,7.0,29,-7.734396201979305,7159
449,8.428571428571429,53,0.6941752265921242,7212
450,7.5,51,8.194175226592124,7263
451,-2.666666666666667,18,5.527508559925457,7281
452,-3.0666666666666664,56,2.4608418932587908,7337
453,-1.5,27,0.9608418932587908,7364
454,0.7705627705627706,6,1.7314046638215612,7370
455,-1.8,12,-0.06859533617843883,7382
456,-0.923809523809524,20,-0.9924048599879628,7402
457,2.0,15,1.0075951400120373,7417
458,9.933333333333334,66,10.940928473345371,7483
459,-12.75,33,-1.8090715266546287,7516
460,-0.26086956521739113,20,-2.06994109187202,7536
461,-5.347619047619047,48,-7.4175601394910675,7584
462,-7.550000000000001,34,-14.967560139491068,7618
463,2.2,11,-12.767560139491067,7629
464,-11.583333333333332,21,-24.3508934728244,7650
465,-3.0,13,-27.3508934728244,7663
466,-1.8214285714285714,9,-29.172322044252972,7672
467,1.4285714285714286,16,-27.743750615681545,7688
468,-1.0,3,-28.743750615681545,7691
469,-4.0,4,-32.74375061568155,7695
470,-1.0,3,-33.74375061568155,7698
471,-5.0,17,-38.74375061568155,7715
472,-2.0,14,-40.74375061568155,7729
473,-1.0,17,-41.74375061568155,7746
474,-0.9444444444444444,27,-42.68819506012599,7773
475,-10.5,41,-53.18819506012599,7814
476,-3.3333333333333335,12,-56.52152839345933,7826
477,2.25,24,-54.27152839345933,7850
478,-4.0,6,-58.27152839345933,7856
479,0.75,10,-57.52152839345933,7866
480,3.8000000000000003,17,-53.72152839345933,7883
481,0.2,6,-53.52152839345933,7889
482,-3.0,46,-56.52152839345933,7935
483,0.666666666666667,13,-55.85486172679266,7948
484,1.0,1,-54.85486172679266,7949
485,-3.0,8,-57.85486172679266,7957
486,1.75,5,-56.10486172679266,7962
487,0.0,12,-56.10486172679266,7974
488,1.0,17,-55.10486172679266,7991
489,1.1785714285714286,6,-53.92629029822123,7997
490,2.0,31,-51.92629029822123,8028
491,2.0,14,-49.92629029822123,8042
492,6.0,23,-43.92629029822123,8065
493,-9.333333333333332,28,-53.25962363155456,8093
494,1.0,15,-52.25962363155456,8108
495,1.6666666666666663,7,-50.5929569648879,8115
496,0.0,4,-50.5929569648879,8119
497,0,0,-50.5929569648879,8119
498,0,0,-50.5929569648879,8119
499,-1.7745098039215685,32,-52.367466768809464,8151
500,-2.25,27,-54.617466768809464,8178
501,5.928571428571428,24,-48.688895340238034,8202
502,-9.666666666666666,17,-58.3555620069047,8219
503,-4.5,39,-62.8555620069047,8258
504,0.0,5,-62.8555620069047,8263
505,2.0,6,-60.8555620069047,8269
506,-2.0,4,-62.8555620069047,8273
507,3.0,9,-59.8555620069047,8282
508,3.0,10,-56.8555620069047,8292
509,2.0,10,-54.8555620069047,8302
510,-5.833333333333334,20,-60.688895340238034,8322
511,1.0,9,-59.688895340238034,8331
512,-1.5,20,-61.188895340238034,8351
513,3.0,23,-58.188895340238034,8374
514,3.5,10,-54.688895340238034,8384
515,-1.3333333333333335,28,-56.02222867357137,8412
516,-3.0,12,-59.02222867357137,8424
517,1.0,37,-58.02222867357137,8461
518,4.7,39,-53.32222867357137,8500
519,2.5,17,-50.82222867357137,8517
520,-7.5,33,-58.32222867357137,8550
521,1.6666666666666665,24,-56.6555620069047,8574
522,2.833333333333334,38,-53.82222867357137,8612
523,4.0,20,-49.82222867357137,8632
524,0.0,5,-49.82222867357137,8637
525,0.0,19,-49.82222867357137,8656
526,-1.3333333333333333,4,-51.1555620069047,8660
527,-2.8,11,-53.9555620069047,8671
528,-2.0,11,-55.9555620069047,8682
529,0.0,4,-55.9555620069047,8686
530,-4.166666666666667,30,-60.122228673571364,8716
531,0.0,1,-60.122228673571364,8717
532,-6.25,21,-66.37222867357136,8738
533,0.0,7,-66.37222867357136,8745
534,2.0,8,-64.37222867357136,8753
535,-1.0,21,-65.37222867357136,8774
536,0.0,7,-65.37222867357136,8781
537,1.0,25,-64.37222867357136,8806
538,0.0,10,-64.37222867357136,8816
539,1.0,4,-63.37222867357136,8820
540,0.08333333333333331,5,-63.28889534023802,8825
541,3.0,11,-60.28889534023802,8836
542,0.0,11,-60.28889534023802,8847
543,5.2,7,-55.08889534023802,8854
544,0.0,5,-55.08889534023802,8859
545,0.0,19,-55.08889534023802,8878
546,0.0,2,-55.08889534023802,8880
547,-2.0,6,-57.08889534023802,8886
548,-5.0,5,-62.08889534023802,8891
549,2.0,9,-60.08889534023802,8900
550,0.75,10,-59.33889534023802,8910
551,-2.25,12,-61.58889534023802,8922
552,-2.900000000000001,33,-64.48889534023802,8955
553,-1.0,29,-65.48889534023802,8984
554,2.333333333333333,25,-63.15556200690468,9009
555,3.0,36,-60.15556200690468,9045
556,-2.0666666666666664,16,-62.22222867357135,9061
557,-2.5,12,-64.72222867357135,9073
558,3.0,22,-61.72222867357135,9095
559,2.5,27,-59.22222867357135,9122
560,-4.666666666666667,31,-63.888895340238015,9153
561,-0.6166666666666663,24,-64.50556200690468,9177
562,1.4999999999999998,42,-63.00556200690468,9219
563,-7.516666666666667,23,-70.52222867357135,9242
564,0.5,28,-70.02222867357135,9270
565,0.5333333333333332,23,-69.48889534023802,9293
566,-5.071428571428571,38,-74.56032391166659,9331
567,-1.0,15,-75.56032391166659,9346
568,3.0,17,-72.56032391166659,9363
569,-0.6666666666666666,22,-73.22699057833326,9385
570,3.5,26,-69.72699057833326,9411
571,0.8461538461538463,10,-68.88083673217942,9421
572,0.16666666666666652,15,-68.71417006551275,9436
573,-1.0,6,-69.71417006551275,9442
574,0.0,2,-69.71417006551275,9444
575,2.0,5,-67.71417006551275,9449
576,-1.0,13,-68.71417006551275,9462
577,-4.666666666666668,34,-73.38083673217942,9496
578,7.0,25,-66.38083673217942,9521
579,0.0,2,-66.38083673217942,9523
580,0.0,1,-66.38083673217942,9524
581,2.0,7,-64.38083673217942,9531
582,-6.0,44,-70.38083673217942,9575
583,4.0,19,-66.38083673217942,9594
584,1.777777777777778,16,-64.60305895440165,9610
585,7.333333333333334,29,-57.26972562106831,9639
586,0.0,6,-57.26972562106831,9645
587,-0.8333333333333335,31,-58.10305895440165,9676
588,2.0,40,-56.10305895440165,9716
589,4.833333333333333,43,-51.26972562106831,9759
590,3.333333333333333,9,-47.936392287734975,9768
591,4.666666666666666,11,-43.26972562106831,9779
592,0.0,3,-43.26972562106831,9782
593,-0.8333333333333335,22,-44.10305895440165,9804
594,1.9285714285714284,32,-42.174487525830216,9836
595,6.416666666666666,51,-35.75782085916355,9887
596,6.855555555555555,26,-28.902265303607997,9913
597,2.5,9,-26.402265303607997,9922
598,-2.0,7,-28.402265303607997,9929
599,5.142857142857142,15,-23.259408160750855,9944
600,-4.0,28,-27.259408160750855,9972
601,2.5,5,-24.759408160750855,9977
602,0.0,7,-24.759408160750855,9984
603,0.0,5,-24.759408160750855,9989
604,1.0,13,-23.759408160750855,10002
605,2.0,7,-21.759408160750855,10009
606,2.0,14,-19.759408160750855,10023
607,1.5,23,-18.259408160750855,10046
608,10.666666666666668,51,-7.592741494084187,10097
609,3.0,17,-4.592741494084187,10114
610,2.0,36,-2.592741494084187,10150
611,-3.083333333333333,44,-5.67607482741752,10194
612,0.3333333333333335,23,-5.342741494084187,10217
613,4.142857142857142,13,-1.1998843512270447,10230
614,-4.0,37,-5.199884351227045,10267
615,-1.0,15,-6.199884351227045,10282
616,-1.4404761904761907,30,-7.640360541703235,10312
617,8.5,19,0.8596394582967646,10331
618,-1.0,11,-0.14036054170323542,10342
619,0.0,10,-0.14036054170323542,10352
620,4.0,25,3.8596394582967646,10377
621,1.5,18,5.359639458296765,10395
622,6.0,17,11.359639458296765,10412
623,-1.4000000000000004,32,9.959639458296765,10444
624,-3.5,23,6.459639458296765,10467
625,1.0,10,7.459639458296765,10477
626,0.0,4,7.459639458296765,10481
627,2.0,5,9.459639458296765,10486
628,-1.0,33,8.459639458296765,10519
629,6.466666666666667,19,14.926306124963432,10538
630,0.0,6,14.926306124963432,10544
631,-2.0,9,12.926306124963432,10553
632,-2.0,7,10.926306124963432,10560
633,3.0,15,13.926306124963432,10575
634,-1.2000000000000002,25,12.726306124963433,10600
635,-1.3333333333333333,14,11.392972791630099,10614
636,0.0,7,11.392972791630099,10621
637,0.0,8,11.392972791630099,10629
638,-4.0,12,7.392972791630099,10641
639,-3.0,20,4.392972791630099,10661
640,-3.583333333333333,29,0.8096394582967656,10690
641,-2.0,6,-1.1903605417032344,10696
642,-12.0,18,-13.190360541703235,10714
643,1.5,29,-11.690360541703235,10743
644,-3.6,27,-15.290360541703235,10770
645,-9.5,38,-24.790360541703237,10808
646,-5.5,40,-30.290360541703237,10848
647,7.333333333333333,28,-22.957027208369905,10876
648,6.333333333333333,12,-16.623693875036572,10888
649,10.0,36,-6.623693875036572,10924
650,6.088888888888889,20,-0.5348049861476838,10944
651,9.5,27,8.965195013852316,10971
652,4.75,12,13.715195013852316,10983
653,-1.0,21,12.715195013852316,11004
654,-7.0,33,5.715195013852316,11037
655,4.0,12,9.715195013852316,11049
656,8.428571428571429,27,18.143766442423747,11076
657,-6.0,18,12.143766442423747,11094
658,8.0,18,20.143766442423747,11112
659,3.8333333333333335,18,23.97709977575708,11130
660,-2.5,15,21.47709977575708,11145
661,0.0,6,21.47709977575708,11151
662,-1.1666666666666667,12,20.31043310909041,11163
663,3.833333333333333,43,24.143766442423743,11206
664,-3.0,8,21.143766442423743,11214
665,-5.666666666666667,32,15.477099775757075,11246
666,-1.0,26,14.477099775757075,11272
667,-0.6000000000000001,37,13.877099775757076,11309
668,-8.153846153846153,23,5.7232536219109225,11332
669,0.43333333333333335,32,6.156586955244256,11364
670,10.476190476190476,23,16.632777431434732,11387
671,1.0,3,17.632777431434732,11390
672,2.333333333333333,26,19.966110764768064,11416
673,-3.4038461538461537,19,16.56226461092191,11435
674,5.7,29,22.26226461092191,11464
675,0.33333333333333326,32,22.595597944255243,11496
676,-1.5,17,21.095597944255243,11513
677,6.2,31,27.295597944255242,11544
678,4.666666666666667,22,31.96226461092191,11566
679,4.066666666666666,33,36.028931277588576,11599
680,1.75,28,37.778931277588576,11627
681,-8.8,26,28.978931277588575,11653
682,-3.0,18,25.978931277588575,11671
683,5.666666666666667,53,31.645597944255243,11724
684,-4.857843137254902,33,26.78775480700034,11757
685,3.9166666666666665,12,30.704421473667008,11769
686,-6.8,36,23.904421473667007,11805
687,6.0,50,29.904421473667007,11855
688,0.0,22,29.904421473667007,11877
689,0.0,34,29.904421473667007,11911
690,3.6666666666666665,13,33.57108814033367,11924
691,5.5,47,39.07108814033367,11971
692,5.142857142857143,35,44.21394528319082,12006
693,-1.0,13,43.21394528319082,12019
694,-4.0,46,39.21394528319082,12065
695,-7.5,48,31.713945283190817,12113
696,-1.833333333333333,32,29.880611949857485,12145
697,4.055555555555555,22,33.93616750541304,12167
698,0.0,14,33.93616750541304,12181
699,2.5,37,36.43616750541304,12218
700,-2.166666666666667,27,34.269500838746374,12245
701,-3.7212121212121207,46,30.548288717534255,12291
702,0.0,8,30.548288717534255,12299
703,-4.0,12,26.548288717534255,12311
704,-2.1538461538461537,26,24.394442563688102,12337
705,-0.5,9,23.894442563688102,12346
706,2.5,8,26.394442563688102,12354
707,-7.5,10,18.894442563688102,12364
708,-1.0,7,17.894442563688102,12371
709,-0.7878787878787881,24,17.106563775809313,12395
710,2.8,11,19.906563775809314,12406
711,5.0,8,24.906563775809314,12414
712,0.7,8,25.606563775809313,12422
713,2.5,13,28.106563775809313,12435
714,-1.8,3,26.306563775809312,12438
715,1.5,11,27.806563775809312,12449
716,-6.333333333333334,13,21.47323044247598,12462
717,-7.5,15,13.97323044247598,12477
718,0.33333333333333304,20,14.306563775809312,12497
719,2.2,5,16.506563775809312,12502
720,-6.571428571428571,15,9.93513520438074,12517
721,1.7000000000000002,14,11.635135204380742,12531
722,0.0,4,11.635135204380742,12535
723,-1.133333333333333,10,10.501801871047409,12545
724,-7.4411764705882355,24,3.0606254004591733,12569
725,4.0,19,7.060625400459173,12588
726,-4.0,33,3.0606254004591733,12621
727,0.0,8,3.0606254004591733,12629
728,0.0,8,3.0606254004591733,12637
729,0.0,3,3.0606254004591733,12640
730,3.0,20,6.060625400459173,12660
731,-1.0,20,5.060625400459173,12680
732,-4.25,19,0.8106254004591733,12699
733,-1.0,6,-0.1893745995408267,12705
734,0.0,8,-0.1893745995408267,12713
735,0.0,8,-0.1893745995408267,12721
736,2.0,44,1.8106254004591733,12765
737,7.0,22,8.810625400459173,12787
738,1.0,6,9.810625400459173,12793
739,-1.0,7,8.810625400459173,12800
740,1.1666666666666665,7,9.97729206712584,12807
741,10.766666666666666,39,20.743958733792503,12846
742,0.0,4,20.743958733792503,12850
743,0.0,2,20.743958733792503,12852
744,-0.33333333333333326,15,20.41062540045917,12867
745,-2.0,24,18.41062540045917,12891
746,-4.0,16,14.410625400459171,12907
747,4.2,3,18.61062540045917,12910
748,6.75,21,25.36062540045917,12931
749,4.6,26,29.960625400459172,12957
750,0.33333333333333326,8,30.293958733792504,12965
751,0.0,11,30.293958733792504,12976
752,0.0,10,30.293958733792504,12986
753,0.8333333333333335,15,31.127292067125836,13001
754,5.428571428571429,12,36.55586349569727,13013
755,-1.0,12,35.55586349569727,13025
756,0.5,6,36.05586349569727,13031
757,-0.5,6,35.55586349569727,13037
758,-1.0,4,34.55586349569727,13041
759,-1.0,5,33.55586349569727,13046
760,0.20000000000000018,12,33.75586349569727,13058
761,-2.142857142857143,4,31.613006352840127,13062
762,1.0,19,32.61300635284013,13081
763,0.0,6,32.61300635284013,13087
764,-0.8571428571428572,7,31.755863495697273,13094
765,2.0,4,33.75586349569727,13098
766,-6.533333333333334,14,27.222530162363935,13112
767,-2.833333333333333,29,24.389196829030602,13141
768,-3.4000000000000004,20,20.989196829030604,13161
769,1.1666666666666667,5,22.15586349569727,13166
770,-1.8,8,20.35586349569727,13174
771,-0.4,14,19.955863495697272,13188
772,3.7,11,23.65586349569727,13199
773,1.3333333333333335,25,24.989196829030604,13224
774,-8.0,10,16.989196829030604,13234
775,0.3333333333333333,7,17.322530162363936,13241
776,2.5,5,19.822530162363936,13246
777,0.0,5,19.822530162363936,13251
778,-0.5,20,19.322530162363936,13271
779,4.0,16,23.322530162363936,13287
780,-1.0,17,22.322530162363936,13304
781,0.0,6,22.322530162363936,13310
782,0.0,6,22.322530162363936,13316
783,9.7,42,32.022530162363935,13358
784,-4.916666666666667,29,27.105863495697267,13387
785,-5.0,11,22.105863495697267,13398
786,0.0,15,22.105863495697267,13413
787,0.0,4,22.105863495697267,13417
788,4.333333333333333,41,26.4391968290306,13458
789,-2.0,2,24.4391968290306,13460
790,-0.33333333333333326,16,24.105863495697267,13476
791,-1.6666666666666667,10,22.4391968290306,13486
792,-1.3333333333333335,22,21.105863495697267,13508
793,-1.75,14,19.355863495697267,13522
794,3.892857142857143,28,23.24872063855441,13550
795,5.333333333333333,22,28.582053971887742,13572
796,0.0,3,28.582053971887742,13575
797,0.0,2,28.582053971887742,13577
798,0.0,5,28.582053971887742,13582
799,2.0,10,30.582053971887742,13592
800,1.0,35,31.582053971887742,13627
801,-2.333333333333333,14,29.24872063855441,13641
802,-0.5,16,28.74872063855441,13657
803,3.388888888888889,19,32.137609527443296,13676
804,-5.142857142857143,9,26.994752384586153,13685
805,2.0,10,28.994752384586153,13695
806,0.8888888888888888,12,29.883641273475043,13707
807,-5.444444444444445,47,24.4391968290306,13754
808,4.0,26,28.4391968290306,13780
809,-1.8333333333333335,21,26.605863495697267,13801
810,4.666666666666667,15,31.272530162363935,13816
811,-0.4444444444444444,15,30.828085717919492,13831
812,-4.4,17,26.428085717919494,13848
813,-6.0,22,20.428085717919494,13870
814,-2.0,14,18.428085717919494,13884
815,0.0,6,18.428085717919494,13890
816,-1.2142857142857144,9,17.21380000363378,13899
817,1.5,15,18.71380000363378,13914
818,-0.5,16,18.21380000363378,13930
819,1.0,10,19.21380000363378,13940
820,2.0,13,21.21380000363378,13953
821,-1.0,4,20.21380000363378,13957
822,-0.9682539682539684,7,19.24554603537981,13964
823,2.0,20,21.24554603537981,13984
824,0.0,12,21.24554603537981,13996
825,2.5,28,23.74554603537981,14024
826,-4.0,28,19.74554603537981,14052
827,1.2000000000000002,19,20.94554603537981,14071
828,-0.5,18,20.44554603537981,14089
829,2.0,16,22.44554603537981,14105
830,-1.5,21,20.94554603537981,14126
831,0.16666666666666652,13,21.112212702046477,14139
832,-1.1111111111111112,8,20.001101590935367,14147
833,-1.8333333333333335,7,18.167768257602035,14154
834,-4.0,15,14.167768257602035,14169
835,8.366666666666667,14,22.5344349242687,14183
836,6.0,18,28.5344349242687,14201
837,0.0,14,28.5344349242687,14215
838,1.0,4,29.5344349242687,14219
839,2.0,10,31.5344349242687,14229
840,-3.0,8,28.5344349242687,14237
841,3.5,20,32.0344349242687,14257
842,3.0,22,35.0344349242687,14279
843,7.0,16,42.0344349242687,14295
844,1.6666666666666667,10,43.701101590935366,14305
845,-5.8,21,37.90110159093537,14326
846,0.0,10,37.90110159093537,14336
847,5.0,9,42.90110159093537,14345
848,11.428571428571429,50,54.3296730195068,14395
849,-0.6666666666666666,19,53.663006352840135,14414
850,0.0,3,53.663006352840135,14417
851,5.833333333333333,17,59.49633968617347,14434
852,-11.45,40,48.04633968617347,14474
853,-0.5,13,47.54633968617347,14487
854,2.0,10,49.54633968617347,14497
855,-2.0,7,47.54633968617347,14504
856,1.0,5,48.54633968617347,14509
857,-3.0,11,45.54633968617347,14520
858,2.333333333333333,20,47.879673019506804,14540
859,-2.0,8,45.879673019506804,14548
860,10.256410256410255,22,56.13608327591706,14570
861,0.0,2,56.13608327591706,14572
862,-1.666666666666667,21,54.469416609250395,14593
863,2.0,5,56.469416609250395,14598
864,5.0,8,61.469416609250395,14606
865,-1.25,11,60.219416609250395,14617
866,3.5,10,63.719416609250395,14627
867,5.0,10,68.7194166092504,14637
868,0,0,68.7194166092504,14637
869,0,0,68.7194166092504,14637
870,0,0,68.7194166092504,14637
871,3.5999999999999996,29,72.3194166092504,14666
872,0.0,2,72.3194166092504,14668
873,-2.0,21,70.3194166092504,14689
874,4.75,22,75.0694166092504,14711
875,10.5,13,85.5694166092504,14724
876,-2.0,6,83.5694166092504,14730
877,6.5,23,90.0694166092504,14753
878,5.0,7,95.0694166092504,14760
879,5.0,9,100.0694166092504,14769
880,4.0,6,104.0694166092504,14775
881,7.333333333333334,14,111.40274994258372,14789
882,1.0,11,112.40274994258372,14800
883,1.0,15,113.40274994258372,14815
884,0.3333333333333333,5,113.73608327591705,14820
885,6.833333333333333,10,120.56941660925038,14830
886,1.0,16,121.56941660925038,14846
887,-6.4,19,115.16941660925038,14865
888,-1.0,11,114.16941660925038,14876
889,-2.0,6,112.16941660925038,14882
890,-6.0,19,106.16941660925038,14901
891,-6.0,6,100.16941660925038,14907
892,5.0,11,105.16941660925038,14918
893,3.0,9,108.16941660925038,14927
894,4.0,12,112.16941660925038,14939
895,3.1666666666666665,28,115.33608327591705,14967
896,2.1666666666666665,12,117.50274994258372,14979
897,1.0,5,118.50274994258372,14984
898,-0.5,4,118.00274994258372,14988
899,0.0,3,118.00274994258372,14991
900,0.6000000000000001,34,118.60274994258371,15025
901,0.0888888888888889,9,118.6916388314726,15034
902,-1.5714285714285714,14,117.12021026004403,15048
903,-3.0,15,114.12021026004403,15063
904,-2.0,4,112.12021026004403,15067
905,-1.5999999999999996,22,110.52021026004404,15089
906,-0.5,23,110.02021026004404,15112
907,-7.333333333333334,43,102.68687692671071,15155
908,-5.025974025974026,22,97.66090290073669,15177
909,-2.5,20,95.16090290073669,15197
910,2.333333333333334,44,97.49423623407002,15241
911,-2.357142857142857,13,95.13709337692715,15254
912,-3.571428571428571,12,91.56566480549859,15266
913,4.5,27,96.06566480549859,15293
914,1.0,5,97.06566480549859,15298
915,-2.0,2,95.06566480549859,15300
916,3.878571428571429,32,98.94423623407002,15332
917,-1.3333333333333333,4,97.61090290073669,15336
918,3.0,21,100.61090290073669,15357
919,-17.333333333333336,48,83.27756956740336,15405
920,3.2,18,86.47756956740336,15423
921,-4.25,34,82.22756956740336,15457
922,7.545454545454545,28,89.77302411285791,15485
923,2.0,16,91.77302411285791,15501
924,-4.5,26,87.27302411285791,15527
925,-1.5,15,85.77302411285791,15542
926,-8.8,45,76.97302411285791,15587
927,-0.33333333333333304,29,76.63969077952459,15616
928,0.16666666666666652,18,76.80635744619126,15634
929,-8.0,16,68.80635744619126,15650
930,-2.3333333333333335,10,66.47302411285793,15660
931,1.0,25,67.47302411285793,15685
932,4.833333333333333,32,72.30635744619126,15717
933,7.0,33,79.30635744619126,15750
934,13.166666666666668,33,92.47302411285793,15783
935,0.36666666666666625,40,92.83969077952459,15823
936,-6.1000000000000005,57,86.7396907795246,15880
937,0.41666666666666696,28,87.15635744619127,15908
938,8.642857142857142,42,95.7992145890484,15950
939,1.0,25,96.7992145890484,15975
940,-3.916666666666666,35,92.88254792238173,16010
941,10.0,56,102.88254792238173,16066
942,2.75,18,105.63254792238173,16084
943,-7.5,32,98.13254792238173,16116
944,-9.0,29,89.13254792238173,16145
945,-2.733333333333333,61,86.3992145890484,16206
946,3.333333333333333,27,89.73254792238173,16233
947,3.0,46,92.73254792238173,16279
948,-15.333333333333334,63,77.3992145890484,16342
949,1.7055555555555557,58,79.10477014460395,16400
950,-1.0,26,78.10477014460395,16426
951,-1.0,6,77.10477014460395,16432
952,-4.0,7,73.10477014460395,16439
953,5.0,22,78.10477014460395,16461
954,-1.4571428571428573,56,76.64762728746109,16517
955,-2.3,29,74.3476272874611,16546
956,5.0,56,79.3476272874611,16602
957,-1.0,6,78.3476272874611,16608
958,7.666666666666667,25,86.01429395412777,16633
959,12.0,40,98.01429395412777,16673
960,1.333333333333333,34,99.3476272874611,16707
961,-3.715686274509804,41,95.63194101295129,16748
962,1.0,15,96.63194101295129,16763
963,-3.333333333333333,11,93.29860767961796,16774
964,16.833333333333332,43,110.13194101295129,16817
965,-0.4,7,109.73194101295128,16824
966,3.0,12,112.73194101295128,16836
967,2.5,43,115.23194101295128,16879
968,-14.083333333333334,52,101.14860767961795,16931
969,-8.866666666666667,42,92.28194101295128,16973
970,-5.2940476190476184,77,86.98789339390366,17050
971,-9.0,34,77.98789339390366,17084
972,-3.8,44,74.18789339390366,17128
973,3.2666666666666657,41,77.45456006057033,17169
974,1.5,22,78.95456006057033,17191
975,6.5,41,85.45456006057033,17232
976,3.1042780748663095,39,88.55883813543664,17271
977,16.0,27,104.55883813543664,17298
978,5.428571428571429,44,109.98740956400808,17342
979,1.1428571428571428,27,111.13026670686521,17369
980,3.0285714285714285,29,114.15883813543664,17398
981,2.0,4,116.15883813543664,17402
982,-2.2,28,113.95883813543664,17430
983,-0.8333333333333333,26,113.12550480210331,17456
984,4.095238095238095,40,117.22074289734141,17496
985,-0.07142857142857117,51,117.14931432591284,17547
986,-0.5,17,116.64931432591284,17564
987,1.25,10,117.89931432591284,17574
988,4.0,13,121.89931432591284,17587
989,2.5,5,124.39931432591284,17592
990,-1.0,6,123.39931432591284,17598
991,-6.75,20,116.64931432591284,17618
992,-0.5,23,116.14931432591284,17641
993,4.777777777777778,21,120.92709210369061,17662
994,5.508333333333333,22,126.43542543702395,17684
995,0.5,15,126.93542543702395,17699
996,-5.2,18,121.73542543702395,17717
997,17.5,39,139.23542543702393,17756
998,2.0,14,141.23542543702393,17770
999,0.9333333333333333,32,142.16875877035727,17802
1000,3.0,14,145.16875877035727,17816
1001,-7.0,65,138.16875877035727,17881
1002,0.0,6,138.16875877035727,17887
1003,6.6761904761904765,19,144.84494924654774,17906
1004,0.0,4,144.84494924654774,17910
1005,3.0,23,147.84494924654774,17933
1006,6.0,41,153.84494924654774,17974
1007,1.0,6,154.84494924654774,17980
1008,-2.6071428571428577,18,152.23780638940488,17998
1009,5.0,46,157.23780638940488,18044
1010,5.5,19,162.73780638940488,18063
1011,8.0,22,170.73780638940488,18085
1012,-2.0,43,168.73780638940488,18128
1013,4.0,13,172.73780638940488,18141
1014,12.0,44,184.73780638940488,18185
1015,1.0,17,185.73780638940488,18202
1016,5.0,50,190.73780638940488,18252
1017,-5.190476190476192,56,185.54733019892868,18308
1018,1.6285714285714288,33,187.1759016275001,18341
1019,1.0,16,188.1759016275001,18357
1020,1.1428571428571428,6,189.31875877035725,18363
1021,1.6428571428571428,34,190.9616159132144,18397
1022,1.0,20,191.9616159132144,18417
1023,1.8088235294117645,37,193.77043944262616,18454
1024,-0.33333333333333326,19,193.4371061092928,18473
1025,6.0,23,199.4371061092928,18496
1026,0.8333333333333339,39,200.27043944262616,18535
1027,0.10000000000000009,29,200.37043944262615,18564
1028,1.5,16,201.87043944262615,18580
1029,10.4,35,212.27043944262616,18615
1030,1.416666666666667,34,213.6871061092928,18649
1031,7.5,43,221.1871061092928,18692
1032,4.333333333333334,31,225.52043944262616,18723
1033,4.0,34,229.52043944262616,18757
1034,2.7,45,232.22043944262614,18802
1035,7.583333333333333,48,239.8037727759595,18850
1036,-3.583333333333333,26,236.22043944262614,18876
1037,-8.333333333333334,33,227.8871061092928,18909
1038,1.0,15,228.8871061092928,18924
1039,2.0,14,230.8871061092928,18938
1040,0.75,30,231.6371061092928,18968
1041,5.3311688311688314,19,236.96827494046164,18987
1042,8.0,36,244.96827494046164,19023
1043,4.333333333333333,35,249.30160827379498,19058
1044,-1.5,18,247.80160827379498,19076
1045,0.0,4,247.80160827379498,19080
1046,1.0,25,248.80160827379498,19105
1047,-0.9000000000000004,37,247.90160827379498,19142
1048,-3.8000000000000007,33,244.10160827379497,19175
1049,-1.0,41,243.10160827379497,19216
1050,10.071428571428571,33,253.17303684522355,19249
1051,0.0,22,253.17303684522355,19271
1052,2.0,49,255.17303684522355,19320
1053,2.0,19,257.1730368452236,19339
1054,-2.0,11,255.17303684522358,19350
1055,-1.666666666666667,43,253.50637017855692,19393
1056,3.375,9,256.88137017855695,19402
1057,4.583333333333333,55,261.46470351189026,19457
1058,-3.9,19,257.5647035118903,19476
1059,11.533333333333333,45,269.09803684522365,19521
1060,6.0,19,275.09803684522365,19540
1061,-2.5,26,272.59803684522365,19566
1062,-6.000000000000001,44,266.59803684522365,19610
1063,5.055555555555557,29,271.6535924007792,19639
1064,5.033333333333333,22,276.68692573411255,19661
1065,4.866666666666667,61,281.5535924007792,19722
1066,-3.0,10,278.5535924007792,19732
1067,-5.9411764705882355,44,272.612415930191,19776
1068,1.0,30,273.612415930191,19806
1069,4.333333333333333,41,277.9457492635243,19847
1070,7.083333333333333,47,285.0290825968576,19894
1071,5.0,12,290.0290825968576,19906
1072,-4.090909090909091,37,285.93817350594855,19943
1073,0.25,11,286.18817350594855,19954
1074,1.5,21,287.68817350594855,19975
1075,-3.0,21,284.68817350594855,19996
1076,3.333333333333333,23,288.02150683928187,20019
1077,-8.0,32,280.02150683928187,20051
1078,1.5,34,281.52150683928187,20085
1079,-3.0,23,278.52150683928187,20108
1080,0.5,28,279.02150683928187,20136
1081,-4.0,25,275.02150683928187,20161
1082,-1.4666666666666666,28,273.55484017261523,20189
1083,4.4,21,277.9548401726152,20210
1084,7.666666666666666,29,285.6215068392819,20239
1085,-3.0,20,282.6215068392819,20259
1086,2.7333333333333334,42,285.35484017261524,20301
1087,1.0,16,286.35484017261524,20317
1088,7.0,49,293.35484017261524,20366
1089,1.833333333333333,42,295.18817350594855,20408
1090,-1.666666666666667,38,293.52150683928187,20446
1091,7.65,61,301.17150683928185,20507
1092,2.0,12,303.17150683928185,20519
1093,-1.7142857142857142,3,301.4572211249961,20522
1094,0.0,17,301.4572211249961,20539
1095,0.19999999999999996,58,301.6572211249961,20597
1096,-1.5,8,300.1572211249961,20605
1097,5.0,32,305.1572211249961,20637
1098,-1.0,14,304.1572211249961,20651
1099,-0.3,28,303.8572211249961,20679
1100,0.0,22,303.8572211249961,20701
1101,13.499999999999998,49,317.3572211249961,20750
1102,1.1428571428571428,4,318.50007826785327,20754
1103,-4.0,6,314.50007826785327,20760
1104,10.333333333333334,56,324.8334116011866,20816
1105,0.0,38,324.8334116011866,20854
1106,12.533333333333333,31,337.36674493451994,20885
1107,-4.8,27,332.56674493451993,20912
1108,-18.333333333333332,46,314.2334116011866,20958
1109,2.75,27,316.9834116011866,20985
1110,-7.666666666666666,22,309.31674493451993,21007
1111,3.333333333333333,11,312.65007826785325,21018
1112,3.8666666666666663,23,316.5167449345199,21041
1113,-3.0,22,313.5167449345199,21063
1114,-2.55,29,310.9667449345199,21092
1115,0.5,13,311.4667449345199,21105
1116,4.619047619047619,21,316.0857925535675,21126
1117,1.474025974025974,24,317.55981852759345,21150
1118,7.315384615384615,35,324.8752031429781,21185
1119,-2.0,14,322.8752031429781,21199
1120,0.0,10,322.8752031429781,21209
1121,1.333333333333333,22,324.2085364763114,21231
1122,-0.5,7,323.7085364763114,21238
1123,3.6428571428571423,32,327.35139361916856,21270
1124,4.5,28,331.85139361916856,21298
1125,0.6666666666666665,33,332.51806028583525,21331
1126,-1.4,11,331.11806028583527,21342
1127,-1.4,15,329.7180602858353,21357
1128,-9.0,43,320.7180602858353,21400
1129,2.0,2,322.7180602858353,21402
1130,-1.5714285714285714,8,321.14663171440674,21410
1131,0.0,7,321.14663171440674,21417
1132,1.0,2,322.14663171440674,21419
1133,-3.0,18,319.14663171440674,21437
1134,9.016666666666666,36,328.1632983810734,21473
1135,0.6000000000000001,14,328.7632983810734,21487
1136,3.333333333333333,22,332.0966317144067,21509
1137,4.083333333333333,19,336.17996504774004,21528
1138,3.6,15,339.77996504774006,21543
1139,-0.7999999999999998,12,338.97996504774005,21555
1140,5.5,8,344.47996504774005,21563
1141,4.25,6,348.72996504774005,21569
1142,3.0,7,351.72996504774005,21576
1143,4.800000000000001,12,356.52996504774006,21588
1144,1.5833333333333333,20,358.1132983810734,21608
1145,-0.8,11,357.31329838107337,21619
1146,0.14285714285714285,9,357.45615552393053,21628
1147,0.2,7,357.6561555239305,21635
1148,-4.3999999999999995,24,353.25615552393054,21659
1149,0.0,16,353.25615552393054,21675
1150,0.2666666666666666,34,353.5228221905972,21709
1151,6.0,8,359.5228221905972,21717
1152,2.0,5,361.5228221905972,21722
1153,-5.8,3,355.7228221905972,21725
1154,-1.4,3,354.3228221905972,21728
1155,-1.0,14,353.3228221905972,21742
1156,3.0,12,356.3228221905972,21754
1157,6.0,12,362.3228221905972,21766
1158,2.0,6,364.3228221905972,21772
1159,3.0,11,367.3228221905972,21783
1160,0.0,11,367.3228221905972,21794
1161,-2.0,9,365.3228221905972,21803
1162,-0.7000000000000002,33,364.6228221905972,21836
1163,-1.3333333333333333,11,363.2894888572639,21847
1164,-0.5,5,362.7894888572639,21852
1165,-3.5,34,359.2894888572639,21886
1166,5.0,20,364.2894888572639,21906
1167,4.5,9,368.7894888572639,21915
1168,0.0,11,368.7894888572639,21926
1169,-1.4,30,367.3894888572639,21956
1170,-4.666666666666666,20,362.72282219059724,21976
1171,4.0,28,366.72282219059724,22004
1172,1.5,10,368.22282219059724,22014
1173,3.5,8,371.72282219059724,22022
1174,5.555555555555555,31,377.2783777461528,22053
1175,0.0,2,377.2783777461528,22055
1176,5.2666666666666675,47,382.54504441281944,22102
1177,-0.8333333333333337,63,381.7117110794861,22165
1178,0.0,9,381.7117110794861,22174
1179,-1.0,4,380.7117110794861,22178
1180,-3.0,3,377.7117110794861,22181
1181,-3.0,4,374.7117110794861,22185
1182,2.0,7,376.7117110794861,22192
1183,0.75,5,377.4617110794861,22197
1184,-1.333333333333333,22,376.1283777461528,22219
1185,-5.600000000000001,25,370.5283777461528,22244
1186,-1.0,4,369.5283777461528,22248
1187,2.0,5,371.5283777461528,22253
1188,-2.333333333333333,11,369.19504441281947,22264
1189,0.0,18,369.19504441281947,22282
1190,-3.0,30,366.19504441281947,22312
1191,-2.0,13,364.19504441281947,22325
1192,-2.0,29,362.19504441281947,22354
1193,3.142857142857143,18,365.33790155567664,22372
1194,1.0595238095238093,36,366.39742536520043,22408
1195,-2.0,29,364.39742536520043,22437
1196,-2.9411764705882355,34,361.4562488946122,22471
1197,8.558823529411764,71,370.01507242402397,22542
1198,-1.9411764705882355,40,368.07389595343574,22582
1199,1.0,13,369.07389595343574,22595
1200,-6.083333333333333,34,362.9905626201024,22629
1201,5.3,51,368.29056262010243,22680
1202,9.366666666666667,32,377.6572292867691,22712
1203,11.5,18,389.1572292867691,22730
1204,-0.8957219251336896,39,388.26150736163544,22769
1205,4.333333333333333,14,392.59484069496875,22783
1206,3.5,31,396.09484069496875,22814
1207,4.0,26,400.09484069496875,22840
1208,5.708333333333333,11,405.80317402830207,22851
1209,7.0,24,412.80317402830207,22875
1210,1.25,21,414.05317402830207,22896
1211,8.333333333333332,35,422.3865073616354,22931
1212,-1.5,11,420.8865073616354,22942
1213,3.0,10,423.8865073616354,22952
1214,8.5,20,432.3865073616354,22972
1215,-0.666666666666667,22,431.7198406949687,22994
1216,-3.0,21,428.7198406949687,23015
1217,4.0,22,432.7198406949687,23037
1218,7.6,18,440.3198406949687,23055
1219,7.0,25,447.3198406949687,23080
1220,7.0,18,454.3198406949687,23098
1221,-2.833333333333333,29,451.4865073616354,23127
1222,5.0588235294117645,49,456.5453308910472,23176
1223,6.0,9,462.5453308910472,23185
1224,10.0,14,472.5453308910472,23199
1225,1.2000000000000002,42,473.74533089104716,23241
1226,7.476190476190476,51,481.22152136723764,23292
1227,1.75,61,482.97152136723764,23353
1228,3.0,20,485.97152136723764,23373
1229,5.666666666666666,42,491.6381880339043,23415
1230,10.811111111111112,30,502.44929914501546,23445
1231,7.0,22,509.44929914501546,23467
1232,11.6,40,521.0492991450154,23507
1233,-1.1,45,519.9492991450154,23552
1234,-3.0,42,516.9492991450154,23594
1235,-12.166666666666666,47,504.7826324783487,23641
1236,0.9523809523809526,34,505.7350134307297,23675
1237,-2.8333333333333335,13,502.90168009739637,23688
1238,-8.619047619047619,43,494.2826324783488,23731
1239,-3.3333333333333335,21,490.94929914501546,23752
1240,4.888888888888889,37,495.8381880339044,23789
1241,-2.0,32,493.8381880339044,23821
1242,10.0,30,503.8381880339044,23851
1243,1.0,12,504.8381880339044,23863
1244,0.5,10,505.3381880339044,23873
1245,6.2,14,511.53818803390436,23887
1246,-7.6,25,503.93818803390434,23912
1247,-3.5,8,500.43818803390434,23920
1248,-6.5,15,493.93818803390434,23935
1249,5.0,12,498.93818803390434,23947
1250,10.083333333333332,36,509.02152136723765,23983
1251,6.666666666666667,34,515.6881880339043,24017
1252,1.0,11,516.6881880339043,24028
1253,4.566666666666667,48,521.2548547005711,24076
1254,-3.0,22,518.2548547005711,24098
1255,4.2,13,522.4548547005711,24111
1256,2.75,22,525.2048547005711,24133
1257,5.365384615384615,30,530.5702393159557,24163
1258,4.5,28,535.0702393159557,24191
1259,-2.5,30,532.5702393159557,24221
1260,4.333333333333333,51,536.9035726492891,24272
1261,-0.16666666666666663,24,536.7369059826225,24296
1262,0.6000000000000001,26,537.3369059826225,24322
1263,3.1666666666666665,12,540.5035726492891,24334
1264,-1.5,22,539.0035726492891,24356
1265,0.0,6,539.0035726492891,24362
1266,-2.8823529411764706,25,536.1212197081127,24387
1267,1.3176470588235296,19,537.4388667669363,24406
1268,-0.5,20,536.9388667669363,24426
1269,6.0,21,542.9388667669363,24447
1270,8.142857142857142,17,551.0817239097934,24464
1271,2.5,39,553.5817239097934,24503
1272,-1.0,23,552.5817239097934,24526
1273,5.333333333333333,24,557.9150572431267,24550
1274,0.8333333333333339,50,558.7483905764601,24600
1275,-6.809523809523809,17,551.9388667669363,24617
1276,-1.3333333333333333,22,550.6055334336029,24639
1277,5.0,16,555.6055334336029,24655
1278,2.0,9,557.6055334336029,24664
1279,-0.6857142857142859,35,556.9198191478886,24699
1280,2.0,26,558.9198191478886,24725
1281,2.0,11,560.9198191478886,24736
1282,-3.0,7,557.9198191478886,24743
1283,1.0,32,558.9198191478886,24775
1284,-2.5,22,556.4198191478886,24797
1285,5.0,25,561.4198191478886,24822
1286,1.0,22,562.4198191478886,24844
1287,-3.0,16,559.4198191478886,24860
1288,1.0,18,560.4198191478886,24878
1289,0.0,9,560.4198191478886,24887
1290,1.0,20,561.4198191478886,24907
1291,4.5,28,565.9198191478886,24935
1292,-3.25,15,562.6698191478886,24950
1293,9.5,19,572.1698191478886,24969
1294,3.142857142857143,9,575.3126762907457,24978
1295,10.642857142857142,26,585.9555334336028,25004
1296,0.75,10,586.7055334336028,25014
1297,4.0,24,590.7055334336028,25038
1298,0.0,3,590.7055334336028,25041
1299,0,0,590.7055334336028,25041
1300,0,0,590.7055334336028,25041
1301,-5.333333333333333,39,585.3722001002694,25080
1302,-8.0,19,577.3722001002694,25099
1303,0.3666666666666667,26,577.7388667669361,25125
1304,-3.0,21,574.7388667669361,25146
1305,-1.666666666666667,41,573.0722001002695,25187
1306,-1.7333333333333334,50,571.3388667669361,25237
1307,-2.9722943722943724,40,568.3665723946417,25277
1308,0.6428571428571428,22,569.0094295374988,25299
1309,1.0,25,570.0094295374988,25324
1310,0.666666666666667,31,570.6760962041654,25355
1311,-2.3333333333333335,13,568.3427628708321,25368
1312,6.0,20,574.3427628708321,25388
1313,-2.9411764705882355,28,571.4015864002438,25416
1314,4.542857142857143,20,575.9444435431009,25436
1315,4.5,26,580.4444435431009,25462
1316,0.6666666666666667,22,581.1111102097675,25484
1317,3.6666666666666665,21,584.7777768764341,25505
1318,1.3333333333333333,2,586.1111102097675,25507
1319,1.8333333333333333,12,587.9444435431009,25519
1320,0.0,5,587.9444435431009,25524
1321,0.0,1,587.9444435431009,25525
1322,1.25,19,589.1944435431009,25544
1323,2.2,31,591.3944435431009,25575
1324,0.7999999999999998,24,592.1944435431009,25599
1325,3.0,7,595.1944435431009,25606
1326,4.0,17,599.1944435431009,25623
1327,-2.0,11,597.1944435431009,25634
1328,-7.5,33,589.6944435431009,25667
1329,8.333333333333334,27,598.0277768764342,25694
1330,2.0,19,600.0277768764342,25713
1331,3.1176470588235294,4,603.1454239352578,25717
1332,4.142857142857142,24,607.2882810781149,25741
1333,0.5,26,607.7882810781149,25767
1334,3.0,15,610.7882810781149,25782
1335,1.5,18,612.2882810781149,25800
1336,2.0,15,614.2882810781149,25815
1337,-5.5,14,608.7882810781149,25829
1338,5.0,13,613.7882810781149,25842
1339,-8.0,10,605.7882810781149,25852
1340,4.0,27,609.7882810781149,25879
1341,-4.666666666666667,16,605.1216144114483,25895
1342,2.0,17,607.1216144114483,25912
1343,0.14285714285714285,10,607.2644715543054,25922
1344,-0.25,13,607.0144715543054,25935
1345,8.2,27,615.2144715543054,25962
1346,4.666666666666667,11,619.881138220972,25973
1347,5.0,19,624.881138220972,25992
1348,4.5,21,629.381138220972,26013
1349,3.0,3,632.381138220972,26016
1350,2.0588235294117645,19,634.4399617503838,26035
1351,4.0,22,638.4399617503838,26057
1352,-8.333333333333332,32,630.1066284170504,26089
1353,-2.3,45,627.8066284170504,26134
1354,10.833333333333334,43,638.6399617503838,26177
1355,-3.0,8,635.6399617503838,26185
1356,-0.06666666666666687,20,635.5732950837171,26205
1357,1.5,31,637.0732950837171,26236
1358,0.16666666666666696,34,637.2399617503837,26270
1359,0.4476190476190478,29,637.6875807980027,26299
1360,-4.920512820512821,64,632.7670679774899,26363
1361,5.0,13,637.7670679774899,26376
1362,4.333333333333333,25,642.1004013108233,26401
1363,-1.3333333333333333,13,640.7670679774899,26414
1364,-5.0,26,635.7670679774899,26440
1365,1.0,24,636.7670679774899,26464
1366,2.0,6,638.7670679774899,26470
1367,-4.75,23,634.0170679774899,26493
1368,-1.0,18,633.0170679774899,26511
1369,0.0,35,633.0170679774899,26546
1370,-1.0,20,632.0170679774899,26566
1371,-3.909090909090909,28,628.107977068399,26594
1372,-3.244755244755244,27,624.8632218236438,26621
1373,4.0,12,628.8632218236438,26633
1374,-3.0,4,625.8632218236438,26637
1375,-1.0,2,624.8632218236438,26639
1376,-3.0,7,621.8632218236438,26646
1377,-4.666666666666667,12,617.1965551569772,26658
1378,-4.0,15,613.1965551569772,26673
1379,-5.8,16,607.3965551569772,26689
1380,-0.4111111111111109,25,606.9854440458661,26714
1381,2.0,36,608.9854440458661,26750
1382,-1.0,18,607.9854440458661,26768
1383,0.8,26,608.785444045866,26794
1384,-1.0,26,607.785444045866,26820
1385,-1.0,34,606.785444045866,26854
1386,-2.5,7,604.285444045866,26861
1387,4.0,22,608.285444045866,26883
1388,-2.0,23,606.285444045866,26906
1389,0.3666666666666667,27,606.6521107125327,26933
1390,-2.0,12,604.6521107125327,26945
1391,2.0,2,606.6521107125327,26947
1392,0.0,6,606.6521107125327,26953
1393,-4.666666666666667,26,601.9854440458661,26979
1394,-2.0,1,599.9854440458661,26980
1395,3.3333333333333335,8,603.3187773791994,26988
1396,-2.0,3,601.3187773791994,26991
1397,0.5,33,601.8187773791994,27024
1398,-0.5,17,601.3187773791994,27041
1399,-5.0,11,596.3187773791994,27052
1400,-11.25,26,585.0687773791994,27078
1401,-5.666666666666666,26,579.4021107125328,27104
1402,1.5,17,580.9021107125328,27121
1403,5.0,28,585.9021107125328,27149
1404,1.7,24,587.6021107125329,27173
1405,-3.1911764705882355,22,584.4109342419446,27195
1406,0.0,11,584.4109342419446,27206
1407,-2.0666666666666673,43,582.3442675752779,27249
1408,-10.333333333333334,39,572.0109342419445,27288
1409,-3.0,17,569.0109342419445,27305
1410,-3.0,21,566.0109342419445,27326
1411,4.333333333333333,6,570.3442675752779,27332
1412,2.666666666666666,17,573.0109342419445,27349
1413,-8.666666666666668,13,564.3442675752779,27362
1414,1.3333333333333333,6,565.6776009086112,27368
1415,-1.7999999999999998,10,563.8776009086113,27378
1416,2.2,21,566.0776009086113,27399
1417,-4.666666666666666,41,561.4109342419447,27440
1418,-1.0,19,560.4109342419447,27459
1419,-3.0,20,557.4109342419447,27479
1420,15.2,56,572.6109342419447,27535
1421,4.0,5,576.6109342419447,27540
1422,-0.7999999999999998,23,575.8109342419448,27563
1423,2.0,4,577.8109342419448,27567
1424,-2.133333333333333,20,575.6776009086115,27587
1425,-3.5,14,572.1776009086115,27601
1426,5.5,8,577.6776009086115,27609
1427,5.0,15,582.6776009086115,27624
1428,-2.3333333333333335,9,580.3442675752781,27633
1429,-4.0,22,576.3442675752781,27655
1430,-1.0,7,575.3442675752781,27662
1431,-6.0,27,569.3442675752781,27689
1432,0.0,16,569.3442675752781,27705
1433,-2.5357142857142856,25,566.8085532895637,27730
1434,10.0,19,576.8085532895637,27749
1435,3.950757575757576,34,580.7593108653214,27783
1436,-2.5,21,578.2593108653214,27804
1437,0.3333333333333335,32,578.5926441986547,27836
1438,-1.5,18,577.0926441986547,27854
1439,-3.0,9,574.0926441986547,27863
1440,4.476190476190476,34,578.5688346748452,27897
1441,0.0,5,578.5688346748452,27902
1442,-1.0,3,577.5688346748452,27905
1443,1.0,1,578.5688346748452,27906
1444,-2.0,22,576.5688346748452,27928
1445,-1.0,7,575.5688346748452,27935
1446,1.0,9,576.5688346748452,27944
1447,-5.5,31,571.0688346748452,27975
1448,0.5555555555555554,29,571.6243902304008,28004
1449,-2.8333333333333335,28,568.7910568970674,28032
1450,-4.3,39,564.4910568970674,28071
1451,-1.5,25,562.9910568970674,28096
1452,-0.6666666666666665,24,562.3243902304008,28120
1453,-9.285714285714285,61,553.0386759446865,28181
1454,0.3999999999999999,19,553.4386759446865,28200
1455,15.166666666666666,42,568.6053426113531,28242
1456,5.7,15,574.3053426113531,28257
1457,6.555555555555555,25,580.8608981669087,28282
1458,-6.5,39,574.3608981669087,28321
1459,2.666666666666666,34,577.0275648335753,28355
1460,-3.857142857142857,26,573.1704219764324,28381
1461,-2.875,21,570.2954219764324,28402
1462,6.833333333333333,25,577.1287553097658,28427
1463,7.5,29,584.6287553097658,28456
1464,5.0,11,589.6287553097658,28467
1465,-1.0,21,588.6287553097658,28488
1466,-2.0,13,586.6287553097658,28501
1467,-0.5,8,586.1287553097658,28509
1468,4.8,37,590.9287553097657,28546
1469,2.1666666666666665,6,593.0954219764324,28552
1470,-0.33333333333333326,25,592.762088643099,28577
1471,3.0,14,595.762088643099,28591
1472,2.5,9,598.262088643099,28600
1473,0.357142857142857,7,598.6192315002419,28607
1474,-1.333333333333333,14,597.2858981669085,28621
1475,6.0,13,603.2858981669085,28634
1476,-2.0,10,601.2858981669085,28644
1477,4.75,16,606.0358981669085,28660
1478,-0.5,4,605.5358981669085,28664
1479,3.75,29,609.2858981669085,28693
1480,1.0,8,610.2858981669085,28701
1481,1.0,6,611.2858981669085,28707
1482,-7.866666666666667,55,603.4192315002418,28762
1483,5.0,18,608.4192315002418,28780
1484,0.20000000000000018,21,608.6192315002419,28801
1485,12.369565217391305,19,620.9887967176331,28820
1486,0.6666666666666667,12,621.6554633842998,28832
1487,-0.5,4,621.1554633842998,28836
1488,5.6,15,626.7554633842998,28851
1489,3.5,12,630.2554633842998,28863
1490,-2.0,5,628.2554633842998,28868
1491,-2.0,10,626.2554633842998,28878
1492,-2.0,13,624.2554633842998,28891
1493,0.5,10,624.7554633842998,28901
1494,2.5,11,627.2554633842998,28912
1495,0.0,3,627.2554633842998,28915
1496,0.16666666666666674,17,627.4221300509664,28932
1497,0.16666666666666674,33,627.588796717633,28965
1498,4.583333333333333,23,632.1721300509664,28988
1499,0.0,7,632.1721300509664,28995
1500,-0.3333333333333335,26,631.838796717633,29021
1501,-1.3333333333333333,10,630.5054633842997,29031
1502,-3.0,6,627.5054633842997,29037
1503,0.3015873015873016,30,627.807050685887,29067
1504,2.5,13,630.307050685887,29080
1505,3.0,9,633.307050685887,29089
1506,2.5,5,635.807050685887,29094
1507,-2.4,27,633.407050685887,29121
1508,-1.0,18,632.407050685887,29139
1509,-2.3,51,630.1070506858871,29190
1510,0.0,9,630.1070506858871,29199
1511,4.5,6,634.6070506858871,29205
1512,7.5,27,642.1070506858871,29232
1513,4.5,18,646.6070506858871,29250
1514,-0.05555555555555558,28,646.5514951303315,29278
1515,0.0,22,646.5514951303315,29300
1516,10.0,36,656.5514951303315,29336
1517,2.833333333333333,30,659.3848284636649,29366
1518,-2.0,24,657.3848284636649,29390
1519,-5.133333333333333,19,652.2514951303316,29409
1520,2.428571428571429,31,654.680066558903,29440
1521,5.722222222222222,42,660.4022887811252,29482
1522,1.5454545454545454,18,661.9477433265797,29500
1523,2.4,26,664.3477433265797,29526
1524,-5.5,10,658.8477433265797,29536
1525,-3.7402597402597397,24,655.10748358632,29560
1526,-1.5,8,653.60748358632,29568
1527,0.0,2,653.60748358632,29570
1528,-6.25,18,647.35748358632,29588
1529,-2.0,7,645.35748358632,29595
1530,0.20000000000000018,19,645.55748358632,29614
1531,2.0,2,647.55748358632,29616
1532,2.0,4,649.55748358632,29620
1533,0.0,3,649.55748358632,29623
1534,0.0,10,649.55748358632,29633
1535,1.0,12,650.55748358632,29645
1536,-4.8,16,645.7574835863201,29661
1537,-8.0,26,637.7574835863201,29687
1538,-8.5,22,629.2574835863201,29709
1539,1.6666666666666665,34,630.9241502529867,29743
1540,3.5,9,634.4241502529867,29752
1541,4.5,16,638.9241502529867,29768
1542,-3.0,15,635.9241502529867,29783
1543,2.0,8,637.9241502529867,29791
1544,-5.4,17,632.5241502529867,29808
1545,8.333333333333332,31,640.8574835863201,29839
1546,3.333333333333333,25,644.1908169196535,29864
1547,-2.25,17,641.9408169196535,29881
1548,-1.9,15,640.0408169196535,29896
1549,0.6,17,640.6408169196535,29913
1550,0.4761904761904754,48,641.117007395844,29961
1551,8.266666666666666,27,649.3836740625106,29988
1552,5.333333333333333,15,654.717007395844,30003
1553,0.0,11,654.717007395844,30014
1554,6.0,18,660.717007395844,30032
1555,1.0,15,661.717007395844,30047
1556,0.5,12,662.217007395844,30059
1557,2.5,19,664.717007395844,30078
1558,10.0,36,674.717007395844,30114
1559,-0.18181818181818166,36,674.5351892140259,30150
1560,-1.1666666666666665,25,673.3685225473592,30175
1561,6.166666666666667,22,679.5351892140259,30197
1562,3.1666666666666665,7,682.7018558806925,30204
1563,-2.5,8,680.2018558806925,30212
1564,1.3333333333333333,11,681.5351892140259,30223
1565,0.0,8,681.5351892140259,30231
1566,2.0,10,683.5351892140259,30241
1567,-3.0,10,680.5351892140259,30251
1568,7.0,19,687.5351892140259,30270
1569,-0.5,5,687.0351892140259,30275
1570,-2.4,14,684.6351892140259,30289
1571,7.0,26,691.6351892140259,30315
1572,9.399999999999999,43,701.0351892140259,30358
1573,0.0,10,701.0351892140259,30368
1574,4.791666666666667,24,705.8268558806925,30392
1575,-6.396825396825397,42,699.4300304838671,30434
1576,3.666666666666667,25,703.0966971505337,30459
1577,1.4000000000000004,28,704.4966971505337,30487
1578,1.125,35,705.6216971505337,30522
1579,0.8181818181818183,31,706.4398789687156,30553
1580,2.8333333333333335,26,709.2732123020489,30579
1581,4.0,21,713.2732123020489,30600
1582,-1.0714285714285714,24,712.2017837306204,30624
1583,-0.16666666666666669,24,712.0351170639537,30648
1584,0.6666666666666665,12,712.7017837306204,30660
1585,0.0,18,712.7017837306204,30678
1586,-3.3333333333333335,12,709.368450397287,30690
1587,7.1,15,716.468450397287,30705
1588,-4.25,32,712.218450397287,30737
1589,-3.0,20,709.218450397287,30757
1590,0.19999999999999996,29,709.4184503972871,30786
1591,1.0,8,710.4184503972871,30794
1592,-3.4000000000000004,26,707.0184503972871,30820
1593,2.0,22,709.0184503972871,30842
1594,1.6666666666666667,14,710.6851170639537,30856
1595,5.3,24,715.9851170639537,30880
1596,3.2666666666666666,23,719.2517837306203,30903
1597,-2.0,12,717.2517837306203,30915
1598,3.0,30,720.2517837306203,30945
1599,-4.0,13,716.2517837306203,30958
1600,-3.5,16,712.7517837306203,30974
1601,0.0,26,712.7517837306203,31000
1602,0.0,6,712.7517837306203,31006
1603,-1.4545454545454546,24,711.2972382760748,31030
1604,-2.3333333333333335,10,708.9639049427415,31040
1605,-3.666666666666667,25,705.2972382760748,31065
1606,-4.0,29,701.2972382760748,31094
1607,-3.75,12,697.5472382760748,31106
1608,4.2,11,701.7472382760749,31117
1609,-2.0,33,699.7472382760749,31150
1610,14.45,31,714.1972382760749,31181
1611,1.25,23,715.4472382760749,31204
1612,3.0,5,718.4472382760749,31209
1613,-3.0,11,715.4472382760749,31220
1614,0.5,25,715.9472382760749,31245
1615,1.0,11,716.9472382760749,31256
1616,0.0,19,716.9472382760749,31275
1617,-1.3333333333333333,7,715.6139049427416,31282
1618,-2.9333333333333336,16,712.6805716094083,31298
1619,-4.3,27,708.3805716094083,31325
1620,0.0,14,708.3805716094083,31339
1621,0.0,14,708.3805716094083,31353
1622,0.7857142857142856,34,709.1662858951227,31387
1623,-4.75,18,704.4162858951227,31405
1624,-3.571428571428571,44,700.8448573236941,31449
1625,-2.0,4,698.8448573236941,31453
1626,3.0,5,701.8448573236941,31458
1627,0.7,9,702.5448573236941,31467
1628,1.0,13,703.5448573236941,31480
1629,3.0,4,706.5448573236941,31484
1630,-0.33333333333333326,31,706.2115239903608,31515
1631,-5.0,9,701.2115239903608,31524
1632,0.0,3,701.2115239903608,31527
1633,0.6666666666666667,12,701.8781906570274,31539
1634,-0.6666666666666667,12,701.2115239903608,31551
1635,3.5,5,704.7115239903608,31556
1636,3.0,12,707.7115239903608,31568
1637,-4.0,10,703.7115239903608,31578
1638,-2.0,5,701.7115239903608,31583
1639,1.0,9,702.7115239903608,31592
1640,3.0,4,705.7115239903608,31596
1641,3.0,5,708.7115239903608,31601
1642,-1.3333333333333333,40,707.3781906570274,31641
1643,3.428571428571429,16,710.8067620855988,31657
1644,-3.0,10,707.8067620855988,31667
1645,-6.333333333333334,31,701.4734287522655,31698
1646,-1.0,15,700.4734287522655,31713
1647,-1.0,18,699.4734287522655,31731
1648,4.0,16,703.4734287522655,31747
1649,2.0,15,705.4734287522655,31762
1650,2.3333333333333335,19,707.8067620855988,31781
1651,0.5,21,708.3067620855988,31802
1652,-1.3333333333333333,23,706.9734287522655,31825
1653,0.0,9,706.9734287522655,31834
1654,0.0,11,706.9734287522655,31845
1655,-3.333333333333333,24,703.6400954189321,31869
1656,0.0,5,703.6400954189321,31874
1657,-0.48235294117647054,12,703.1577424777556,31886
1658,1.0,5,704.1577424777556,31891
1659,1.0,27,705.1577424777556,31918
1660,3.0,5,708.1577424777556,31923
1661,1.0,11,709.1577424777556,31934
1662,-1.0,11,708.1577424777556,31945
1663,1.3333333333333333,10,709.491075811089,31955
1664,-3.0,9,706.491075811089,31964
1665,0.6666666666666666,24,707.1577424777556,31988
1666,-2.0,8,705.1577424777556,31996
1667,5.2,3,710.3577424777557,31999
1668,0.0,12,710.3577424777557,32011
1669,0.0,16,710.3577424777557,32027
1670,-7.0,27,703.3577424777557,32054
1671,-5.630434782608695,32,697.7273076951469,32086
1672,0.6666666666666667,12,698.3939743618135,32098
1673,-1.0,9,697.3939743618135,32107
1674,-0.33333333333333326,10,697.0606410284802,32117
1675,4.0,8,701.0606410284802,32125
1676,-0.3333333333333335,5,700.7273076951468,32130
1677,-2.0,12,698.7273076951468,32142
1678,0.0,5,698.7273076951468,32147
1679,-1.0,3,697.7273076951468,32150
1680,0.0,5,697.7273076951468,32155
1681,-2.25,19,695.4773076951468,32174
1682,-2.107142857142857,40,693.3701648380039,32214
1683,0.0,9,693.3701648380039,32223
1684,2.0,20,695.3701648380039,32243
1685,6.0,15,701.3701648380039,32258
1686,-2.0,6,699.3701648380039,32264
1687,-1.3333333333333335,26,698.0368315046705,32290
1688,-4.333333333333333,10,693.7034981713372,32300
1689,5.19047619047619,13,698.8939743618133,32313
1690,5.333333333333334,24,704.2273076951467,32337
1691,1.75,11,705.9773076951467,32348
1692,-3.666666666666667,15,702.3106410284801,32363
1693,0.0,1,702.3106410284801,32364
1694,-2.0,5,700.3106410284801,32369
1695,1.0,6,701.3106410284801,32375
1696,-0.7999999999999998,15,700.5106410284801,32390
1697,-2.0,7,698.5106410284801,32397
1698,1.3333333333333335,22,699.8439743618135,32419
1699,-1.666666666666667,14,698.1773076951469,32433
1700,0.5,8,698.6773076951469,32441
1701,0.0,5,698.6773076951469,32446
1702,0.2,5,698.8773076951469,32451
1703,-3.0,13,695.8773076951469,32464
1704,0.8666666666666669,6,696.7439743618136,32470
1705,1.0,4,697.7439743618136,32474
1706,-1.7878787878787878,25,695.9560955739348,32499
1707,0.666666666666667,29,696.6227622406014,32528
1708,0.0,11,696.6227622406014,32539
1709,4.666666666666666,10,701.2894289072681,32549
1710,4.0,9,705.2894289072681,32558
1711,2.0,26,707.2894289072681,32584
1712,4.428571428571429,23,711.7180003358395,32607
1713,0.0,13,711.7180003358395,32620
1714,-1.0,17,710.7180003358395,32637
1715,1.0,15,711.7180003358395,32652
1716,0.08333333333333393,40,711.8013336691729,32692
1717,5.0,9,716.8013336691729,32701
1718,-1.0,39,715.8013336691729,32740
1719,0,0,715.8013336691729,32740
1720,0,0,715.8013336691729,32740
1721,0,0,715.8013336691729,32740
1722,-8.0,6,707.8013336691729,32746
1723,-1.0,7,706.8013336691729,32753
1724,-2.3,14,704.5013336691729,32767
1725,-0.16666666666666669,11,704.3346670025063,32778
1726,-0.16666666666666669,8,704.1680003358397,32786
1727,0.2564102564102564,18,704.42441059225,32804
1728,1.3333333333333335,17,705.7577439255833,32821
1729,-1.65,20,704.1077439255833,32841
1730,2.25,19,706.3577439255833,32860
1731,2.2,6,708.5577439255834,32866
1732,0.0,4,708.5577439255834,32870
1733,0.0,8,708.5577439255834,32878
1734,6.428571428571429,27,714.9863153541548,32905
1735,-1.0,6,713.9863153541548,32911
1736,-0.25,5,713.7363153541548,32916
1737,0.0,4,713.7363153541548,32920
1738,6.666666666666666,6,720.4029820208215,32926
1739,-3.0,12,717.4029820208215,32938
1740,1.5,25,718.9029820208215,32963
1741,0.0,2,718.9029820208215,32965
1742,0.0,2,718.9029820208215,32967
1743,2.0,21,720.9029820208215,32988
1744,-1.25,7,719.6529820208215,32995
1745,4.0,5,723.6529820208215,33000
1746,-0.25,7,723.4029820208215,33007
1747,0.0,6,723.4029820208215,33013
1748,-1.0,9,722.4029820208215,33022
1749,5.0,14,727.4029820208215,33036
1750,0.0,8,727.4029820208215,33044
1751,3.0,18,730.4029820208215,33062
1752,0.25,22,730.6529820208215,33084
1753,3.057142857142857,14,733.7101248779643,33098
1754,0.0,6,733.7101248779643,33104
1755,0.0,11,733.7101248779643,33115
1756,1.0,19,734.7101248779643,33134
1757,1.5,26,736.2101248779643,33160
1758,0.0,20,736.2101248779643,33180
1759,2.0,4,738.2101248779643,33184
1760,2.0,7,740.2101248779643,33191
1761,-2.1333333333333337,20,738.076791544631,33211
1762,0.0,9,738.076791544631,33220
1763,-1.1071428571428572,15,736.9696486874881,33235
1764,-5.5,14,731.4696486874881,33249
1765,5.0,24,736.4696486874881,33273
1766,2.2,10,738.6696486874881,33283
1767,0.0,4,738.6696486874881,33287
1768,5.0,25,743.6696486874881,33312
1769,2.0,11,745.6696486874881,33323
1770,-3.454545454545455,31,742.2151032329426,33354
1771,-6.0,30,736.2151032329426,33384
1772,-0.33333333333333337,24,735.8817698996093,33408
1773,0.9333333333333336,36,736.8151032329425,33444
1774,2.2,13,739.0151032329426,33457
1775,-5.022222222222222,31,733.9928810107203,33488
1776,6.0,23,739.9928810107203,33511
1777,-8.133333333333333,37,731.859547677387,33548
1778,-3.0,9,728.859547677387,33557
1779,-3.5,46,725.359547677387,33603
1780,-3.0,4,722.359547677387,33607
1781,0.33333333333333326,20,722.6928810107204,33627
1782,-6.0,20,716.6928810107204,33647
1783,-3.0,36,713.6928810107204,33683
1784,1.75,28,715.4428810107204,33711
1785,7.25,54,722.6928810107204,33765
1786,-1.954545454545455,34,720.7383355561749,33799
1787,4.833333333333333,37,725.5716688895083,33836
1788,-2.1538461538461537,20,723.4178227356621,33856
1789,2.0,26,725.4178227356621,33882
1790,-2.4,38,723.0178227356621,33920
1791,-5.5,24,717.5178227356621,33944
1792,1.7666666666666666,39,719.2844894023287,33983
1793,1.5,43,720.7844894023287,34026
1794,-3.59047619047619,55,717.1940132118525,34081
1795,2.25,16,719.4440132118525,34097
1796,12.2,21,731.6440132118526,34118
1797,7.5,37,739.1440132118526,34155
1798,-12.075,50,727.0690132118525,34205
1799,-1.25,22,725.8190132118525,34227
1800,-5.4333333333333345,40,720.3856798785192,34267
1801,2.3,20,722.6856798785192,34287
1802,2.0,13,724.6856798785192,34300
1803,-1.0,7,723.6856798785192,34307
1804,7.166666666666666,35,730.8523465451858,34342
1805,-3.0,25,727.8523465451858,34367
1806,-0.16666666666666607,38,727.6856798785192,34405
1807,1.25,35,728.9356798785192,34440
1808,-4.5,19,724.4356798785192,34459
1809,7.5,32,731.9356798785192,34491
1810,12.333333333333332,39,744.2690132118526,34530
1811,3.7,26,747.9690132118526,34556
1812,6.583333333333333,40,754.552346545186,34596
1813,-3.0,13,751.552346545186,34609
1814,-1.0,15,750.552346545186,34624
1815,-1.2047619047619045,17,749.3475846404241,34641
1816,0.0,5,749.3475846404241,34646
1817,1.5,11,750.8475846404241,34657
1818,-0.5,18,750.3475846404241,34675
1819,-6.0,11,744.3475846404241,34686
1820,-4.5,10,739.8475846404241,34696
1821,2.0,7,741.8475846404241,34703
1822,4.5,16,746.3475846404241,34719
1823,7.666666666666666,28,754.0142513070907,34747
1824,0.3333333333333335,14,754.3475846404241,34761
1825,11.25,16,765.5975846404241,34777
1826,3.0,9,768.5975846404241,34786
1827,2.5,9,771.0975846404241,34795
1828,-2.666666666666667,12,768.4309179737575,34807
1829,0.0,3,768.4309179737575,34810
1830,5.166666666666667,23,773.5975846404241,34833
1831,3.866666666666667,11,777.4642513070908,34844
1832,0.7857142857142858,22,778.2499655928051,34866
1833,2.878787878787879,22,781.128753471593,34888
1834,0.0,2,781.128753471593,34890
1835,3.0,6,784.128753471593,34896
1836,0.0,8,784.128753471593,34904
1837,-3.6666666666666665,41,780.4620868049263,34945
1838,6.333333333333333,20,786.7954201382597,34965
1839,-3.0,32,783.7954201382597,34997
1840,0.0,6,783.7954201382597,35003
1841,3.0,11,786.7954201382597,35014
1842,6.555555555555555,14,793.3509756938153,35028
1843,-5.0,20,788.3509756938153,35048
1844,-7.3,33,781.0509756938153,35081
1845,-1.3,9,779.7509756938153,35090
1846,-1.8095238095238093,10,777.9414518842915,35100
1847,-2.0,4,775.9414518842915,35104
1848,1.0,9,776.9414518842915,35113
1849,-1.2999999999999998,42,775.6414518842915,35155
1850,-3.0,24,772.6414518842915,35179
1851,-3.4761904761904763,21,769.1652614081011,35200
1852,2.5,36,771.6652614081011,35236
1853,-0.9523809523809521,44,770.7128804557201,35280
1854,-2.3095238095238093,13,768.4033566461962,35293
1855,3.0,7,771.4033566461962,35300
1856,4.0,13,775.4033566461962,35313
1857,-1.3333333333333333,38,774.0700233128629,35351
1858,-2.966666666666667,59,771.1033566461962,35410
1859,-0.8333333333333335,31,770.2700233128628,35441
1860,-2.5,33,767.7700233128628,35474
1861,-3.2499999999999996,55,764.5200233128628,35529
1862,-9.083333333333336,58,755.4366899795294,35587
1863,-19.875,44,735.5616899795294,35631
1864,0.8888888888888888,24,736.4505788684183,35655
1865,0.0,15,736.4505788684183,35670
1866,2.0,7,738.4505788684183,35677
1867,-3.0,18,735.4505788684183,35695
1868,3.0,43,738.4505788684183,35738
1869,6.666666666666666,40,745.117245535085,35778
1870,-7.5,29,737.617245535085,35807
1871,8.0,16,745.617245535085,35823
1872,-2.0,11,743.617245535085,35834
1873,-10.854545454545455,29,732.7627000805395,35863
1874,7.0,20,739.7627000805395,35883
1875,5.0,24,744.7627000805395,35907
1876,0.0,15,744.7627000805395,35922
1877,1.0,16,745.7627000805395,35938
1878,-0.25,31,745.5127000805395,35969
1879,10.75,29,756.2627000805395,35998
1880,-2.5,15,753.7627000805395,36013
1881,-12.357142857142858,35,741.4055572233966,36048
1882,2.5666666666666664,46,743.9722238900633,36094
1883,-1.0,21,742.9722238900633,36115
1884,1.2,9,744.1722238900634,36124
1885,-6.866666666666667,51,737.3055572233967,36175
1886,10.142857142857142,20,747.4484143662538,36195
1887,0.5,12,747.9484143662538,36207
1888,6.800000000000001,34,754.7484143662538,36241
1889,0.0,5,754.7484143662538,36246
1890,-1.0,3,753.7484143662538,36249
1891,-1.8888888888888888,16,751.8595254773649,36265
1892,0.0,6,751.8595254773649,36271
1893,6.0,37,757.8595254773649,36308
1894,2.928571428571429,22,760.7880969059363,36330
1895,2.5,11,763.2880969059363,36341
1896,3.2,15,766.4880969059363,36356
1897,0.5,28,766.9880969059363,36384
1898,1.0,9,767.9880969059363,36393
1899,1.5333333333333332,10,769.5214302392696,36403
1900,0.0,6,769.5214302392696,36409
1901,-2.0,8,767.5214302392696,36417
1902,-2.0,6,765.5214302392696,36423
1903,0.0,4,765.5214302392696,36427
1904,2.0,11,767.5214302392696,36438
1905,2.0,12,769.5214302392696,36450
1906,7.0,20,776.5214302392696,36470
1907,1.0,8,777.5214302392696,36478
1908,-0.6666666666666667,13,776.854763572603,36491
1909,-1.5,15,775.354763572603,36506
1910,0.0,3,775.354763572603,36509
1911,6.2,14,781.5547635726031,36523
1912,0.0,3,781.5547635726031,36526
1913,-1.6666666666666665,30,779.8880969059364,36556
1914,-2.0,8,777.8880969059364,36564
1915,0.0,8,777.8880969059364,36572
1916,-1.0,5,776.8880969059364,36577
1917,-1.0,7,775.8880969059364,36584
1918,0.0,5,775.8880969059364,36589
1919,4.0,10,779.8880969059364,36599
1920,1.0,10,780.8880969059364,36609
1921,1.0,6,781.8880969059364,36615
1922,-3.0,8,778.8880969059364,36623
1923,2.333333333333333,34,781.2214302392698,36657
1924,1.0,11,782.2214302392698,36668
1925,0.0,25,782.2214302392698,36693
1926,0.0,4,782.2214302392698,36697
1927,0.0,1,782.2214302392698,36698
1928,4.0,20,786.2214302392698,36718
1929,-4.0,32,782.2214302392698,36750
1930,-1.0,13,781.2214302392698,36763
1931,0.5,24,781.7214302392698,36787
1932,5.595238095238095,12,787.3166683345079,36799
1933,-3.0,18,784.3166683345079,36817
1934,3.0,12,787.3166683345079,36829
1935,-11.079545454545455,27,776.2371228799624,36856
1936,-9.333333333333334,22,766.903789546629,36878
1937,-5.0,17,761.903789546629,36895
1938,2.3181818181818183,22,764.2219713648109,36917
1939,5.0,17,769.2219713648109,36934
1940,2.5,5,771.7219713648109,36939
1941,1.0,3,772.7219713648109,36942
1942,-0.33333333333333326,26,772.3886380314775,36968
1943,-5.833333333333334,55,766.5553046981441,37023
1944,2.0,15,768.5553046981441,37038
1945,-2.0,8,766.5553046981441,37046
1946,2.533333333333333,44,769.0886380314774,37090
1947,2.0,8,771.0886380314774,37098
1948,1.8181818181818183,15,772.9068198496593,37113
1949,-3.6666666666666665,19,769.2401531829927,37132
1950,2.0,7,771.2401531829927,37139
1951,-2.857142857142857,4,768.3830103258498,37143
1952,2.0,5,770.3830103258498,37148
1953,1.0595238095238095,32,771.4425341353736,37180
1954,3.75,8,775.1925341353736,37188
1955,6.545454545454545,12,781.7379886808282,37200
1956,-1.0,9,780.7379886808282,37209
1957,0.0,11,780.7379886808282,37220
1958,-1.0,12,779.7379886808282,37232
1959,-6.0,27,773.7379886808282,37259
1960,-1.0,7,772.7379886808282,37266
1961,-1.6666666666666667,6,771.0713220141615,37272
1962,-2.0,18,769.0713220141615,37290
1963,1.0,6,770.0713220141615,37296
1964,2.0,3,772.0713220141615,37299
1965,4.0,3,776.0713220141615,37302
1966,0.5,7,776.5713220141615,37309
1967,1.0,5,777.5713220141615,37314
1968,3.533333333333333,15,781.1046553474948,37329
1969,-2.0,5,779.1046553474948,37334
1970,7.5,20,786.6046553474948,37354
1971,0.0,9,786.6046553474948,37363
1972,-5.166666666666667,27,781.4379886808282,37390
1973,-1.6666666666666667,24,779.7713220141616,37414
1974,-0.5,3,779.2713220141616,37417
1975,0.33333333333333326,11,779.6046553474949,37428
1976,0.09999999999999998,12,779.704655347495,37440
1977,3.0,12,782.704655347495,37452
1978,1.0,9,783.704655347495,37461
1979,2.0,8,785.704655347495,37469
1980,2.8333333333333335,8,788.5379886808283,37477
1981,0.0,2,788.5379886808283,37479
1982,0.20000000000000018,34,788.7379886808284,37513
1983,-0.5,22,788.2379886808284,37535
1984,1.0,23,789.2379886808284,37558
1985,-0.5,33,788.7379886808284,37591
1986,3.142857142857143,16,791.8808458236855,37607
1987,-1.0,4,790.8808458236855,37611
1988,0.0,3,790.8808458236855,37614
1989,-3.0,8,787.8808458236855,37622
1990,7.45,18,795.3308458236855,37640
1991,2.5,15,797.8308458236855,37655
1992,2.3333333333333335,9,800.1641791570189,37664
1993,0.3333333333333333,5,800.4975124903523,37669
1994,0.0,20,800.4975124903523,37689
1995,-3.666666666666666,49,796.8308458236856,37738
1996,1.0,17,797.8308458236856,37755
1997,2.0,7,799.8308458236856,37762
1998,6.083333333333334,8,805.914179157019,37770
1999,-2.0,3,803.914179157019,37773
2000,-3.5,16,800.414179157019,37789
2001,4.166666666666667,10,804.5808458236856,37799
2002,-1.0,15,803.5808458236856,37814
2003,0.1904761904761907,13,803.7713220141618,37827
2004,1.0,16,804.7713220141618,37843
2005,-3.25,16,801.5213220141618,37859
2006,2.0,20,803.5213220141618,37879
2007,-2.8,28,800.7213220141618,37907
2008,0.5,8,801.2213220141618,37915
2009,5.333333333333333,13,806.5546553474952,37928
2010,0.5,24,807.0546553474952,37952
2011,2.4333333333333336,22,809.4879886808285,37974
2012,0.0,7,809.4879886808285,37981
2013,-3.0,9,806.4879886808285,37990
2014,0.25,16,806.7379886808285,38006
2015,0.7000000000000002,8,807.4379886808285,38014
2016,-1.0,14,806.4379886808285,38028
2017,-5.833333333333333,10,800.6046553474952,38038
2018,-3.0,25,797.6046553474952,38063
2019,-3.8,13,793.8046553474952,38076
2020,-4.4603174603174605,26,789.3443378871777,38102
2021,-3.0,7,786.3443378871777,38109
2022,2.6666666666666665,19,789.0110045538444,38128
2023,-1.0,2,788.0110045538444,38130
2024,0.0,16,788.0110045538444,38146
2025,1.3333333333333335,27,789.3443378871777,38173
2026,-0.25,12,789.0943378871777,38185
2027,10.166666666666668,27,799.2610045538444,38212
2028,-2.5,6,796.7610045538444,38218
2029,-3.333333333333333,7,793.427671220511,38225
2030,-2.0,6,791.427671220511,38231
2031,4.674025974025975,15,796.101697194537,38246
2032,-4.583333333333333,23,791.5183638612036,38269
2033,2.0,7,793.5183638612036,38276
2034,-2.1666666666666665,15,791.351697194537,38291
2035,-1.833333333333333,5,789.5183638612036,38296
2036,3.545454545454545,19,793.0638184066581,38315
2037,-1.0,3,792.0638184066581,38318
2038,-3.5833333333333335,10,788.4804850733248,38328
2039,1.0,5,789.4804850733248,38333
2040,1.0,3,790.4804850733248,38336
2041,-1.0,14,789.4804850733248,38350
2042,1.0,7,790.4804850733248,38357
2043,1.6,20,792.0804850733248,38377
2044,-5.0,5,787.0804850733248,38382
2045,-3.0,10,784.0804850733248,38392
2046,-6.5,23,777.5804850733248,38415
2047,-1.0,26,776.5804850733248,38441
2048,-6.0,25,770.5804850733248,38466
2049,-2.0,12,768.5804850733248,38478
2050,7.5,37,776.0804850733248,38515
2051,-8.0,38,768.0804850733248,38553
2052,2.3333333333333335,24,770.4138184066582,38577
2053,9.499999999999998,34,779.9138184066582,38611
2054,0.0,36,779.9138184066582,38647
2055,1.8333333333333335,17,781.7471517399915,38664
2056,-0.666666666666667,46,781.0804850733249,38710
2057,-1.1666666666666665,39,779.9138184066583,38749
2058,3.333333333333333,20,783.2471517399916,38769
2059,1.1666666666666665,49,784.4138184066583,38818
2060,2.3333333333333335,28,786.7471517399916,38846
2061,-2.571428571428571,23,784.1757231685631,38869
2062,-1.0,19,783.1757231685631,38888
2063,21.10909090909091,45,804.284814077654,38933
2064,8.5,24,812.784814077654,38957
2065,-0.4166666666666665,19,812.3681474109874,38976
2066,7.0,23,819.3681474109874,38999
2067,-5.738095238095238,26,813.6300521728922,39025
2068,0.2619047619047623,74,813.891956934797,39099
2069,3.0666666666666664,39,816.9586236014637,39138
2070,2.333333333333333,36,819.2919569347971,39174
2071,3.0,8,822.2919569347971,39182
2072,3.0,8,825.2919569347971,39190
2073,3.6,31,828.8919569347971,39221
2074,3.0,25,831.8919569347971,39246
2075,0.0,37,831.8919569347971,39283
2076,-2.7666666666666666,29,829.1252902681305,39312
2077,1.0,19,830.1252902681305,39331
2078,0.0,23,830.1252902681305,39354
2079,-3.857142857142857,26,826.2681474109876,39380
2080,3.6666666666666665,29,829.9348140776542,39409
2081,5.333333333333334,32,835.2681474109876,39441
2082,5.166666666666666,37,840.4348140776542,39478
2083,0.08333333333333331,8,840.5181474109876,39486
2084,3.1666666666666665,29,843.6848140776542,39515
2085,-2.0,20,841.6848140776542,39535
2086,1.0454545454545454,21,842.7302686231087,39556
2087,-2.666666666666667,45,840.0636019564421,39601
2088,-2.220446049250313e-16,12,840.0636019564421,39613
2089,-1.5,23,838.5636019564421,39636
2090,9.2,14,847.7636019564421,39650
2091,-3.333333333333334,16,844.4302686231088,39666
2092,2.6,24,847.0302686231088,39690
2093,3.666666666666666,50,850.6969352897754,39740
2094,-1.75,34,848.9469352897754,39774
2095,2.1,25,851.0469352897754,39799
2096,-0.5,17,850.5469352897754,39816
2097,-1.5,34,849.0469352897754,39850
2098,0.0,4,849.0469352897754,39854
2099,0.0,4,849.0469352897754,39858
2100,-2.0,20,847.0469352897754,39878
2101,5.688311688311688,65,852.7352469780872,39943
2102,3.0,8,855.7352469780872,39951
2103,5.0,8,860.7352469780872,39959
2104,-0.19999999999999996,21,860.5352469780871,39980
2105,3.9999999999999996,17,864.5352469780871,39997
2106,-2.219047619047619,33,862.3161993590395,40030
2107,4.333333333333333,25,866.6495326923729,40055
2108,-4.666666666666667,22,861.9828660257062,40077
2109,1.2333333333333334,21,863.2161993590396,40098
2110,-2.0,20,861.2161993590396,40118
2111,1.3333333333333335,17,862.549532692373,40135
2112,0.0,2,862.549532692373,40137
2113,2.0,2,864.549532692373,40139
2114,-2.666666666666667,11,861.8828660257063,40150
2115,0.0,2,861.8828660257063,40152
2116,-2.0,23,859.8828660257063,40175
2117,-0.9166666666666665,23,858.9661993590397,40198
2118,-7.166666666666667,19,851.7995326923731,40217
2119,2.428571428571429,19,854.2281041209445,40236
2120,-6.833333333333334,20,847.3947707876112,40256
2121,-1.75,33,845.6447707876112,40289
2122,-2.0,2,843.6447707876112,40291
2123,6.0,32,849.6447707876112,40323
2124,3.5454545454545454,13,853.1902253330657,40336
2125,7.75,23,860.9402253330657,40359
2126,8.5,26,869.4402253330657,40385
2127,2.0,11,871.4402253330657,40396
2128,-4.666666666666667,17,866.773558666399,40413
2129,6.5,32,873.273558666399,40445
2130,-4.557575757575757,27,868.7159829088233,40472
2131,-6.0,17,862.7159829088233,40489
2132,12.0,15,874.7159829088233,40504
2133,12.31111111111111,34,887.0270940199345,40538
2134,8.0,8,895.0270940199345,40546
2135,1.857142857142857,18,896.8842368770773,40564
2136,2.0,19,898.8842368770773,40583
2137,-2.0,13,896.8842368770773,40596
2138,1.5,23,898.3842368770773,40619
2139,9.142857142857142,29,907.5270940199345,40648
2140,-5.0,26,902.5270940199345,40674
2141,5.8088235294117645,34,908.3359175493462,40708
2142,3.333333333333332,25,911.6692508826795,40733
2143,2.6666666666666665,39,914.3359175493462,40772
2144,12.799999999999999,34,927.1359175493461,40806
2145,2.0,17,929.1359175493461,40823
2146,-1.7333333333333334,12,927.4025842160128,40835
2147,5.777777777777778,31,933.1803619937906,40866
2148,5.0,7,938.1803619937906,40873
2149,4.0,17,942.1803619937906,40890
2150,-9.166666666666666,38,933.013695327124,40928
2151,6.5,23,939.513695327124,40951
2152,-1.5238095238095237,37,937.9898858033145,40988
2153,5.666666666666667,37,943.6565524699811,41025
2154,1.0,3,944.6565524699811,41028
2155,-4.666666666666667,11,939.9898858033145,41039
2156,-2.3333333333333335,24,937.6565524699811,41063
2157,-2.566666666666667,25,935.0898858033144,41088
2158,4.416666666666667,20,939.506552469981,41108
2159,-3.666666666666667,20,935.8398858033144,41128
2160,1.5,6,937.3398858033144,41134
2161,3.0,19,940.3398858033144,41153
2162,-6.5,36,933.8398858033144,41189
2163,-1.3333333333333333,9,932.506552469981,41198
2164,1.0,6,933.506552469981,41204
2165,3.5,6,937.006552469981,41210
2166,0.0,2,937.006552469981,41212
2167,-1.0,1,936.006552469981,41213
2168,3.5,21,939.506552469981,41234
2169,3.0,4,942.506552469981,41238
2170,0.0,4,942.506552469981,41242
2171,-2.5,8,940.006552469981,41250
2172,5.857142857142858,28,945.8636953271239,41278
2173,-1.5,8,944.3636953271239,41286
2174,-0.5,16,943.8636953271239,41302
2175,-3.0,6,940.8636953271239,41308
2176,0.0,1,940.8636953271239,41309
2177,-2.5,9,938.3636953271239,41318
2178,-2.0,13,936.3636953271239,41331
2179,0.0,3,936.3636953271239,41334
2180,1.75,6,938.1136953271239,41340
2181,-5.0,21,933.1136953271239,41361
2182,-3.5999999999999996,11,929.5136953271239,41372
2183,-3.25,13,926.2636953271239,41385
2184,-0.33333333333333326,23,925.9303619937905,41408
2185,-8.75,31,917.1803619937905,41439
2186,-5.0,7,912.1803619937905,41446
2187,-1.0,9,911.1803619937905,41455
2188,1.0,8,912.1803619937905,41463
2189,0.33333333333333326,6,912.5136953271239,41469
2190,1.0,20,913.5136953271239,41489
2191,-7.797101449275362,22,905.7165938778485,41511
2192,-5.471704623878537,50,900.24488925397,41561
2193,0.0,5,900.24488925397,41566
2194,0.0,6,900.24488925397,41572
2195,0.0,5,900.24488925397,41577
2196,3.5,10,903.74488925397,41587
2197,-2.25,12,901.49488925397,41599
2198,0.0,12,901.49488925397,41611
2199,-3.0,22,898.49488925397,41633
2200,-4.75,49,893.74488925397,41682
2201,0.33333333333333337,13,894.0782225873033,41695
2202,13.4,33,907.4782225873033,41728
2203,-7.0,35,900.4782225873033,41763
2204,-4.0,54,896.4782225873033,41817
2205,-3.6,18,892.8782225873033,41835
2206,1.0,26,893.8782225873033,41861
2207,11.1,48,904.9782225873033,41909
2208,3.0,16,907.9782225873033,41925
2209,4.0,6,911.9782225873033,41931
2210,0.0,42,911.9782225873033,41973
2211,4.166666666666666,16,916.14488925397,41989
2212,-2.0,10,914.14488925397,41999
2213,-0.25,30,913.89488925397,42029
2214,-1.0,18,912.89488925397,42047
2215,-5.5,22,907.39488925397,42069
2216,-1.9252525252525254,39,905.4696367287174,42108
2217,-2.4,33,903.0696367287175,42141
2218,11.0,30,914.0696367287175,42171
2219,-3.238095238095238,39,910.8315414906223,42210
2220,-7.366666666666667,38,903.4648748239556,42248
2221,-4.9,35,898.5648748239556,42283
2222,0.0,17,898.5648748239556,42300
2223,5.0,30,903.5648748239556,42330
2224,-10.9,35,892.6648748239556,42365
2225,3.25,42,895.9148748239556,42407
2226,0.0,41,895.9148748239556,42448
2227,0.6111111111111107,30,896.5259859350667,42478
2228,3.5999999999999996,30,900.1259859350668,42508
2229,3.1666666666666665,34,903.2926526017334,42542
2230,3.8333333333333335,38,907.1259859350668,42580
2231,-1.0,29,906.1259859350668,42609
2232,0.0,10,906.1259859350668,42619
2233,-3.0,27,903.1259859350668,42646
2234,-3.0,4,900.1259859350668,42650
2235,-5.5,13,894.6259859350668,42663
2236,2.0,12,896.6259859350668,42675
2237,-1.3333333333333335,26,895.2926526017334,42701
2238,-1.0,24,894.2926526017334,42725
2239,4.0,35,898.2926526017334,42760
2240,1.725490196078431,22,900.0181427978118,42782
2241,-1.1111111111111112,15,898.9070316867007,42797
2242,7.333333333333333,41,906.2403650200341,42838
2243,-3.4444444444444446,20,902.7959205755897,42858
2244,1.5,35,904.2959205755897,42893
2245,14.433333333333334,43,918.7292539089229,42936
2246,0.0,8,918.7292539089229,42944
2247,-6.0,44,912.7292539089229,42988
2248,-0.6666666666666666,15,912.0625872422563,43003
2249,-1.5,7,910.5625872422563,43010
2250,11.38888888888889,42,921.9514761311452,43052
2251,3.5833333333333335,18,925.5348094644786,43070
2252,1.2,36,926.7348094644786,43106
2253,2.0,16,928.7348094644786,43122
2254,-2.0833333333333335,5,926.6514761311453,43127
2255,2.033333333333333,20,928.6848094644786,43147
2256,-2.666666666666667,27,926.018142797812,43174
2257,1.0,14,927.018142797812,43188
2258,-1.3666666666666663,33,925.6514761311453,43221
2259,3.0,8,928.6514761311453,43229
2260,-3.3499999999999996,38,925.3014761311453,43267
2261,3.0,9,928.3014761311453,43276
2262,13.5,45,941.8014761311453,43321
2263,0.5333333333333332,24,942.3348094644786,43345
2264,3.0,23,945.3348094644786,43368
2265,1.0,10,946.3348094644786,43378
2266,2.6666666666666665,11,949.0014761311452,43389
2267,4.0,26,953.0014761311452,43415
2268,-8.5,37,944.5014761311452,43452
2269,5.0,16,949.5014761311452,43468
2270,0.10000000000000009,32,949.6014761311452,43500
2271,2.633333333333333,41,952.2348094644785,43541
2272,-1.0,7,951.2348094644785,43548
2273,0.16666666666666674,15,951.4014761311452,43563
2274,-2.1904761904761902,14,949.210999940669,43577
2275,0.0,15,949.210999940669,43592
2276,2.666666666666667,17,951.8776666073356,43609
2277,6.2,18,958.0776666073357,43627
2278,5.5,18,963.5776666073357,43645
2279,1.75,18,965.3276666073357,43663
2280,3.0,20,968.3276666073357,43683
2281,0.7238095238095239,28,969.0514761311453,43711
2282,-0.7,21,968.3514761311452,43732
2283,-0.5,17,967.8514761311452,43749
2284,-7.666666666666666,20,960.1848094644786,43769
2285,-1.0,20,959.1848094644786,43789
2286,1.0,4,960.1848094644786,43793
2287,3.0,18,963.1848094644786,43811
2288,3.0,1,966.1848094644786,43812
2289,3.125,29,969.3098094644786,43841
2290,1.0,3,970.3098094644786,43844
2291,0.0,2,970.3098094644786,43846
2292,0.0,4,970.3098094644786,43850
2293,0.0,8,970.3098094644786,43858
2294,-4.333333333333333,19,965.9764761311452,43877
2295,-0.6000000000000001,22,965.3764761311452,43899
2296,-5.0,26,960.3764761311452,43925
2297,-1.6666666666666665,18,958.7098094644786,43943
2298,1.0,31,959.7098094644786,43974
2299,2.0,16,961.7098094644786,43990
2300,-0.666666666666667,13,961.0431427978119,44003
2301,-4.4,18,956.643142797812,44021
2302,1.0,9,957.643142797812,44030
2303,-1.8,4,955.843142797812,44034
2304,1.0,10,956.843142797812,44044
2305,-9.666666666666666,46,947.1764761311454,44090
2306,-3.5,13,943.6764761311454,44103
2307,5.5,9,949.1764761311454,44112
2308,10.30952380952381,29,959.4859999406692,44141
2309,-1.333333333333333,25,958.1526666073358,44166
2310,-0.33333333333333326,22,957.8193332740025,44188
2311,8.0,12,965.8193332740025,44200
2312,2.0,11,967.8193332740025,44211
2313,0.9666666666666666,14,968.7859999406692,44225
2314,0.5,27,969.2859999406692,44252
2315,-7.466666666666667,24,961.8193332740025,44276
2316,0.8666666666666671,27,962.6859999406691,44303
2317,6.25,30,968.9359999406691,44333
2318,1.0,5,969.9359999406691,44338
2319,-2.0,3,967.9359999406691,44341
2320,-1.0,18,966.9359999406691,44359
2321,0.0,2,966.9359999406691,44361
2322,1.0,5,967.9359999406691,44366
2323,0.0,6,967.9359999406691,44372
2324,1.3333333333333335,17,969.2693332740025,44389
2325,-0.25,12,969.0193332740025,44401
2326,0.11111111111111116,12,969.1304443851136,44413
2327,-2.0,8,967.1304443851136,44421
2328,3.0,4,970.1304443851136,44425
2329,0.0,1,970.1304443851136,44426
2330,-0.75,22,969.3804443851136,44448
2331,1.0,1,970.3804443851136,44449
2332,3.5,24,973.8804443851136,44473
2333,3.0,3,976.8804443851136,44476
2334,1.0,18,977.8804443851136,44494
2335,12.95,28,990.8304443851137,44522
2336,7.6,35,998.4304443851137,44557
2337,3.0,34,1001.4304443851137,44591
2338,2.0,15,1003.4304443851137,44606
2339,-4.0,18,999.4304443851137,44624
2340,-4.0,25,995.4304443851137,44649
2341,14.3,43,1009.7304443851136,44692
2342,1.6666666666666665,38,1011.3971110517803,44730
2343,-6.0,15,1005.3971110517803,44745
2344,-0.75,11,1004.6471110517803,44756
2345,-4.916666666666667,64,999.7304443851136,44820
2346,6.916666666666666,36,1006.6471110517803,44856
2347,-1.0,4,1005.6471110517803,44860
2348,2.2,10,1007.8471110517803,44870
2349,1.0,10,1008.8471110517803,44880
2350,3.533333333333333,25,1012.3804443851136,44905
2351,-0.5,24,1011.8804443851136,44929
2352,0.0,6,1011.8804443851136,44935
2353,1.3333333333333333,15,1013.213777718447,44950
2354,-2.75,9,1010.463777718447,44959
2355,0.0,2,1010.463777718447,44961
2356,2.0,13,1012.463777718447,44974
2357,-0.5,22,1011.963777718447,44996
2358,-2.0,8,1009.963777718447,45004
2359,-6.0,13,1003.963777718447,45017
2360,-5.0,28,998.963777718447,45045
2361,0.0,4,998.963777718447,45049
2362,-2.9166666666666665,36,996.0471110517803,45085
2363,4.833333333333334,33,1000.8804443851137,45118
2364,-2.0,4,998.8804443851137,45122
2365,-2.0,10,996.8804443851137,45132
2366,2.0,16,998.8804443851137,45148
2367,-1.5,16,997.3804443851137,45164
2368,0,0,997.3804443851137,45164
2369,0,0,997.3804443851137,45164
2370,0,0,997.3804443851137,45164
2371,5.107142857142858,30,1002.4875872422566,45194
2372,1.5,17,1003.9875872422566,45211
2373,1.0,9,1004.9875872422566,45220
2374,-2.25,14,1002.7375872422566,45234
2375,-2.5,19,1000.2375872422566,45253
2376,11.5,22,1011.7375872422566,45275
2377,9.4,24,1021.1375872422566,45299
2378,1.2878787878787878,28,1022.4254660301353,45327
2379,9.0,29,1031.4254660301353,45356
2380,3.0,10,1034.4254660301353,45366
2381,-2.583333333333333,10,1031.842132696802,45376
2382,1.0,8,1032.842132696802,45384
2383,0.0,2,1032.842132696802,45386
2384,1.0,18,1033.842132696802,45404
2385,6.666666666666667,40,1040.5087993634688,45444
2386,-4.5,33,1036.0087993634688,45477
2387,3.0,4,1039.0087993634688,45481
2388,2.0,6,1041.0087993634688,45487
2389,-1.3333333333333333,6,1039.6754660301356,45493
2390,1.0,9,1040.6754660301356,45502
2391,1.0,12,1041.6754660301356,45514
2392,0.6666666666666667,6,1042.3421326968023,45520
2393,0.0,16,1042.3421326968023,45536
2394,-2.5,12,1039.8421326968023,45548
2395,-2.5,15,1037.3421326968023,45563
2396,0.0,2,1037.3421326968023,45565
2397,5.0,17,1042.3421326968023,45582
2398,0.6666666666666667,15,1043.008799363469,45597
2399,2.0,11,1045.008799363469,45608
2400,0.0,5,1045.008799363469,45613
2401,0.0,4,1045.008799363469,45617
2402,-2.0,1,1043.008799363469,45618
2403,-0.8,8,1042.208799363469,45626
2404,0.0,6,1042.208799363469,45632
2405,-2.0,3,1040.208799363469,45635
2406,-5.0,24,1035.208799363469,45659
2407,-2.0,6,1033.208799363469,45665
2408,0.0,4,1033.208799363469,45669
2409,0.0,21,1033.208799363469,45690
2410,-1.1666666666666667,29,1032.0421326968024,45719
2411,-2.0,8,1030.0421326968024,45727
2412,0.0,6,1030.0421326968024,45733
2413,-1.7857142857142858,5,1028.2564184110881,45738
2414,-8.666666666666666,19,1019.5897517444215,45757
2415,-2.5,8,1017.0897517444215,45765
2416,2.5,21,1019.5897517444215,45786
2417,2.2,4,1021.7897517444216,45790
2418,-1.0,2,1020.7897517444216,45792
2419,-5.821428571428571,15,1014.968323172993,45807
2420,0.0,12,1014.968323172993,45819
2421,2.0,21,1016.968323172993,45840
2422,1.75,24,1018.718323172993,45864
2423,7.583333333333333,19,1026.3016565063263,45883
2424,-3.25,15,1023.0516565063263,45898
2425,-3.0,18,1020.0516565063263,45916
2426,0,0,1020.0516565063263,45916
2427,0,0,1020.0516565063263,45916
2428,-10.987179487179487,27,1009.0644770191468,45943
2429,3.0,23,1012.0644770191468,45966
2430,6.0,20,1018.0644770191468,45986
2431,-2.4411764705882355,20,1015.6233005485585,46006
2432,-5.666666666666667,33,1009.9566338818919,46039
2433,0.0,6,1009.9566338818919,46045
2434,-2.0,23,1007.9566338818919,46068
2435,1.0,6,1008.9566338818919,46074
2436,4.545454545454545,38,1013.5020884273464,46112
2437,-1.0,23,1012.5020884273464,46135
2438,3.0,14,1015.5020884273464,46149
2439,1.5,21,1017.0020884273464,46170
2440,0.0,10,1017.0020884273464,46180
2441,0.0,8,1017.0020884273464,46188
2442,3.0,33,1020.0020884273464,46221
2443,1.0,10,1021.0020884273464,46231
2444,-4.0,10,1017.0020884273464,46241
2445,2.0,10,1019.0020884273464,46251
2446,-1.0,24,1018.0020884273464,46275
2447,13.666666666666668,33,1031.668755094013,46308
2448,3.0,27,1034.668755094013,46335
2449,2.2,9,1036.868755094013,46344
2450,1.0,5,1037.868755094013,46349
2451,0.33333333333333326,24,1038.2020884273463,46373
2452,1.6666666666666665,15,1039.868755094013,46388
2453,5.0,14,1044.868755094013,46402
2454,-3.0238095238095237,18,1041.8449455702034,46420
2455,7.75,32,1049.5949455702034,46452
2456,3.0,11,1052.5949455702034,46463
2457,5.75,37,1058.3449455702034,46500
2458,-3.0,10,1055.3449455702034,46510
2459,1.0,7,1056.3449455702034,46517
2460,-2.0,7,1054.3449455702034,46524
2461,0.0,18,1054.3449455702034,46542
2462,4.5,27,1058.8449455702034,46569
2463,1.25,35,1060.0949455702034,46604
2464,1.5,16,1061.5949455702034,46620
2465,1.6,27,1063.1949455702033,46647
2466,3.0,12,1066.1949455702033,46659
2467,2.6,22,1068.7949455702033,46681
2468,7.5,23,1076.2949455702033,46704
2469,1.0,9,1077.2949455702033,46713
2470,-1.0,8,1076.2949455702033,46721
2471,-1.0,9,1075.2949455702033,46730
2472,5.0,23,1080.2949455702033,46753
2473,5.0,20,1085.2949455702033,46773
2474,5.0,13,1090.2949455702033,46786
2475,-8.333333333333332,18,1081.96161223687,46804
2476,6.5,37,1088.46161223687,46841
2477,2.6666666666666665,30,1091.1282789035367,46871
2478,-5.0,12,1086.1282789035367,46883
2479,-7.333333333333333,16,1078.7949455702035,46899
2480,-1.1666666666666665,29,1077.6282789035367,46928
2481,-2.0,21,1075.6282789035367,46949
2482,3.0,5,1078.6282789035367,46954
2483,0.0,30,1078.6282789035367,46984
2484,-4.311111111111112,23,1074.3171677924256,47007
2485,4.0,13,1078.3171677924256,47020
2486,-0.3999999999999999,15,1077.9171677924255,47035
2487,-4.833333333333334,16,1073.0838344590923,47051
2488,-8.266666666666666,42,1064.8171677924256,47093
2489,-0.375,22,1064.4421677924256,47115
2490,0.8095238095238095,22,1065.2516916019495,47137
2491,7.0,17,1072.2516916019495,47154
2492,-4.333333333333334,5,1067.9183582686162,47159
2493,1.25,5,1069.1683582686162,47164
2494,3.3333333333333335,7,1072.5016916019495,47171
2495,2.0,18,1074.5016916019495,47189
2496,-0.5,5,1074.0016916019495,47194
2497,0.0,5,1074.0016916019495,47199
2498,0.0,3,1074.0016916019495,47202
2499,-2.666666666666667,13,1071.3350249352827,47215
2500,18.933333333333334,36,1090.268358268616,47251
2501,-2.0,6,1088.268358268616,47257
2502,2.0,17,1090.268358268616,47274
2503,-1.3333333333333333,16,1088.9350249352829,47290
2504,0.0,15,1088.9350249352829,47305
2505,-1.0,3,1087.9350249352829,47308
2506,-1.2545454545454549,28,1086.6804794807374,47336
2507,0.0,6,1086.6804794807374,47342
2508,-4.0,26,1082.6804794807374,47368
2509,0.0,30,1082.6804794807374,47398
2510,-8.166666666666668,40,1074.5138128140707,47438
2511,-2.387179487179487,28,1072.1266333268911,47466
2512,5.5,31,1077.6266333268911,47497
2513,0.0,11,1077.6266333268911,47508
2514,0.0,8,1077.6266333268911,47516
2515,6.683333333333334,19,1084.3099666602245,47535
2516,1.833333333333333,11,1086.1432999935578,47546
2517,0.3333333333333333,7,1086.476633326891,47553
2518,-0.25,20,1086.226633326891,47573
2519,2.2,6,1088.426633326891,47579
2520,-6.333333333333334,32,1082.0932999935578,47611
2521,-2.3333333333333335,17,1079.7599666602246,47628
2522,1.5,20,1081.2599666602246,47648
2523,0.0,14,1081.2599666602246,47662
2524,-4.6,13,1076.6599666602247,47675
2525,3.6,21,1080.2599666602246,47696
2526,2.857142857142857,18,1083.1171095173675,47714
2527,-1.0,6,1082.1171095173675,47720
2528,5.555555555555555,39,1087.672665072923,47759
2529,5.0,25,1092.672665072923,47784
2530,1.35,17,1094.022665072923,47801
2531,2.0,22,1096.022665072923,47823
2532,-1.0,20,1095.022665072923,47843
2533,-3.857142857142857,12,1091.1655222157801,47855
2534,-0.8333333333333335,18,1090.3321888824469,47873
2535,-6.0,20,1084.3321888824469,47893
2536,18.4,38,1102.732188882447,47931
2537,0.39999999999999997,26,1103.132188882447,47957
2538,8.25,25,1111.382188882447,47982
2539,-0.4833333333333334,18,1110.8988555491137,48000
2540,-1.5,19,1109.3988555491137,48019
2541,-1.0,9,1108.3988555491137,48028
2542,0.0,2,1108.3988555491137,48030
2543,0.0,11,1108.3988555491137,48041
2544,3.0,16,1111.3988555491137,48057
2545,-1.0,16,1110.3988555491137,48073
2546,0.0,5,1110.3988555491137,48078
2547,2.888888888888889,32,1113.2877444380026,48110
2548,-2.8,11,1110.4877444380027,48121
2549,0.0,3,1110.4877444380027,48124
2550,0.0,6,1110.4877444380027,48130
2551,0.75,10,1111.2377444380027,48140
2552,3.928571428571429,12,1115.166315866574,48152
2553,3.0695652173913044,21,1118.2358810839653,48173
2554,2.3333333333333335,10,1120.5692144172986,48183
2555,0.0,5,1120.5692144172986,48188
2556,0.0,3,1120.5692144172986,48191
2557,0.0,2,1120.5692144172986,48193
2558,0.0,5,1120.5692144172986,48198
2559,-2.357142857142857,31,1118.2120715601557,48229
2560,1.0,3,1119.2120715601557,48232
2561,3.0,3,1122.2120715601557,48235
2562,0.0,17,1122.2120715601557,48252
2563,1.1428571428571428,14,1123.3549287030128,48266
2564,0.0,7,1123.3549287030128,48273
2565,0.0,12,1123.3549287030128,48285
2566,0.0,6,1123.3549287030128,48291
2567,-3.666666666666667,16,1119.688262036346,48307
2568,0.6666666666666665,22,1120.3549287030128,48329
2569,0.0,9,1120.3549287030128,48338
2570,-1.0,4,1119.3549287030128,48342
2571,-0.6666666666666667,10,1118.688262036346,48352
2572,9.2,16,1127.888262036346,48368
2573,1.1666666666666665,15,1129.0549287030128,48383
2574,1.8333333333333335,11,1130.888262036346,48394
2575,2.6,7,1133.488262036346,48401
2576,3.866666666666667,9,1137.3549287030125,48410
2577,-1.0,6,1136.3549287030125,48416
2578,-4.0,5,1132.3549287030125,48421
2579,0.0,9,1132.3549287030125,48430
2580,-3.466666666666667,18,1128.8882620363458,48448
2581,3.5,17,1132.3882620363458,48465
2582,-0.5,4,1131.8882620363458,48469
2583,-0.5,4,1131.3882620363458,48473
2584,0.0,12,1131.3882620363458,48485
2585,2.1666666666666665,4,1133.5549287030126,48489
2586,3.666666666666667,12,1137.2215953696793,48501
2587,-2.333333333333333,4,1134.888262036346,48505
2588,1.0,7,1135.888262036346,48512
2589,0.0,3,1135.888262036346,48515
2590,0.0,5,1135.888262036346,48520
2591,-6.0,15,1129.888262036346,48535
2592,-2.0,5,1127.888262036346,48540
2593,2.3333333333333335,8,1130.2215953696793,48548
2594,-3.0,6,1127.2215953696793,48554
2595,3.5,17,1130.7215953696793,48571
2596,-1.0,12,1129.7215953696793,48583
2597,2.0,9,1131.7215953696793,48592
2598,1.0,4,1132.7215953696793,48596
2599,2.0,2,1134.7215953696793,48598
2600,-5.0,14,1129.7215953696793,48612
2601,-5.0,6,1124.7215953696793,48618
2602,-4.333333333333333,17,1120.388262036346,48635
2603,-1.0,3,1119.388262036346,48638
2604,-3.0,3,1116.388262036346,48641
2605,0.0,4,1116.388262036346,48645
2606,1.0,8,1117.388262036346,48653
2607,1.4285714285714286,8,1118.8168334649174,48661
2608,3.5454545454545454,31,1122.362288010372,48692
2609,0.6000000000000001,9,1122.9622880103718,48701
2610,-1.4,31,1121.5622880103717,48732
2611,2.1428571428571423,23,1123.7051451532288,48755
2612,1.333333333333333,18,1125.038478486562,48773
2613,0.9333333333333336,18,1125.9718118198955,48791
2614,-0.33333333333333326,7,1125.6384784865622,48798
2615,0.0,6,1125.6384784865622,48804
2616,-0.5,10,1125.1384784865622,48814
2617,-1.0,8,1124.1384784865622,48822
2618,4.0,10,1128.1384784865622,48832
2619,3.0,15,1131.1384784865622,48847
2620,3.75,8,1134.8884784865622,48855
2621,0.0,5,1134.8884784865622,48860
2622,-0.3999999999999999,12,1134.4884784865621,48872
2623,-1.0,5,1133.4884784865621,48877
2624,0.6000000000000001,10,1134.088478486562,48887
2625,-0.5,15,1133.588478486562,48902
2626,2.5,5,1136.088478486562,48907
2627,6.6,18,1142.688478486562,48925
2628,3.1666666666666665,16,1145.8551451532287,48941
2629,-3.0,11,1142.8551451532287,48952
2630,0.0,9,1142.8551451532287,48961
2631,0.0,9,1142.8551451532287,48970
2632,1.0,12,1143.8551451532287,48982
2633,-5.0,15,1138.8551451532287,48997
2634,0.2,23,1139.0551451532288,49020
2635,3.0,8,1142.0551451532288,49028
2636,3.0,13,1145.0551451532288,49041
2637,0.0,1,1145.0551451532288,49042
2638,0.0,1,1145.0551451532288,49043
2639,-0.7333333333333334,24,1144.3218118198954,49067
2640,7.0,16,1151.3218118198954,49083
2641,0.0,3,1151.3218118198954,49086
2642,1.35,17,1152.6718118198953,49103
2643,1.25,5,1153.9218118198953,49108
2644,0.0,6,1153.9218118198953,49114
2645,-8.88888888888889,16,1145.0329229310064,49130
2646,1.866666666666667,12,1146.899589597673,49142
2647,1.4285714285714286,14,1148.3281610262443,49156
2648,2.0,10,1150.3281610262443,49166
2649,-0.5,13,1149.8281610262443,49179
2650,6.0,19,1155.8281610262443,49198
2651,-8.0,12,1147.8281610262443,49210
2652,-1.2000000000000002,42,1146.6281610262442,49252
2653,-6.0,24,1140.6281610262442,49276
2654,0.20000000000000018,22,1140.8281610262443,49298
2655,-2.0,8,1138.8281610262443,49306
2656,-2.0,6,1136.8281610262443,49312
2657,-7.5,32,1129.3281610262443,49344
2658,1.0,9,1130.3281610262443,49353
2659,-4.0,7,1126.3281610262443,49360
2660,0.0,9,1126.3281610262443,49369
2661,-0.9714285714285715,20,1125.3567324548158,49389
2662,4.5,18,1129.8567324548158,49407
2663,-3.0,28,1126.8567324548158,49435
2664,0.3333333333333333,12,1127.190065788149,49447
2665,2.6666666666666665,11,1129.8567324548158,49458
2666,5.0,31,1134.8567324548158,49489
2667,-5.5,31,1129.3567324548158,49520
2668,-4.857142857142858,18,1124.4995895976729,49538
2669,-2.0,9,1122.4995895976729,49547
2670,3.0,25,1125.4995895976729,49572
2671,-7.416666666666666,23,1118.0829229310061,49595
2672,-6.0,13,1112.0829229310061,49608
2673,4.0,14,1116.0829229310061,49622
2674,-5.333333333333333,15,1110.7495895976729,49637
2675,-7.4,16,1103.3495895976728,49653
2676,-7.333333333333333,16,1096.0162562643395,49669
2677,-1.3333333333333335,25,1094.6829229310063,49694
2678,-3.0,5,1091.6829229310063,49699
2679,-4.388888888888889,30,1087.2940340421173,49729
2680,3.333333333333333,28,1090.6273673754506,49757
2681,-5.8,33,1084.8273673754506,49790
2682,-10.8,19,1074.0273673754507,49809
2683,5.0,11,1079.0273673754507,49820
2684,2.0,15,1081.0273673754507,49835
2685,-5.4,23,1075.6273673754506,49858
2686,2.6666666666666665,7,1078.2940340421173,49865
2687,1.0,5,1079.2940340421173,49870
2688,2.0,7,1081.2940340421173,49877
2689,0.0,21,1081.2940340421173,49898
2690,-2.0595238095238093,12,1079.2345102325935,49910
2691,-4.333333333333333,7,1074.9011768992602,49917
2692,-1.0,15,1073.9011768992602,49932
2693,3.0,19,1076.9011768992602,49951
2694,0.0,13,1076.9011768992602,49964
2695,-4.583333333333333,21,1072.317843565927,49985
2696,-1.7809523809523808,35,1070.5368911849746,50020
2697,-5.8,28,1064.7368911849746,50048
2698,1.0,3,1065.7368911849746,50051
2699,-1.0,5,1064.7368911849746,50056
2700,2.0,8,1066.7368911849746,50064
2701,1.3333333333333335,9,1068.070224518308,50073
2702,-0.9,8,1067.1702245183078,50081
2703,0.0,1,1067.1702245183078,50082
2704,1.4,12,1068.570224518308,50094
2705,0.0,5,1068.570224518308,50099
2706,4.0,38,1072.570224518308,50137
2707,-1.0,2,1071.570224518308,50139
2708,1.0,5,1072.570224518308,50144
2709,-0.08333333333333348,31,1072.4868911849746,50175
2710,0.0,4,1072.4868911849746,50179
2711,3.0,10,1075.4868911849746,50189
2712,-1.0,14,1074.4868911849746,50203
2713,4.0,6,1078.4868911849746,50209
2714,-3.0,6,1075.4868911849746,50215
2715,5.666666666666666,12,1081.1535578516414,50227
2716,-0.5,15,1080.6535578516414,50242
2717,3.0,9,1083.6535578516414,50251
2718,1.5,21,1085.1535578516414,50272
2719,-4.0,7,1081.1535578516414,50279
2720,-1.3,24,1079.8535578516414,50303
2721,-5.142857142857142,19,1074.7107007087843,50322
2722,6.0,34,1080.7107007087843,50356
2723,-3.8,4,1076.9107007087844,50360
2724,-3.571428571428571,10,1073.3392721373557,50370
2725,-1.0,11,1072.3392721373557,50381
2726,-3.0,11,1069.3392721373557,50392
2727,-5.85,21,1063.4892721373558,50413
2728,0.09523809523809579,20,1063.5845102325939,50433
2729,-5.333333333333334,24,1058.2511768992606,50457
2730,-1.5833333333333333,13,1056.6678435659273,50470
2731,0.5,17,1057.1678435659273,50487
2732,0.0,5,1057.1678435659273,50492
2733,-10.0,14,1047.1678435659273,50506
2734,2.583333333333334,24,1049.7511768992606,50530
2735,1.0,10,1050.7511768992606,50540
2736,-1.0,8,1049.7511768992606,50548
2737,-2.75,7,1047.0011768992606,50555
2738,-2.3,41,1044.7011768992606,50596
2739,3.333333333333334,24,1048.034510232594,50620
2740,-4.5,13,1043.534510232594,50633
2741,1.5,11,1045.034510232594,50644
2742,0.75,28,1045.784510232594,50672
2743,-1.0,4,1044.784510232594,50676
2744,4.388888888888889,19,1049.1733991214828,50695
2745,1.0833333333333335,42,1050.256732454816,50737
2746,-2.25,24,1048.006732454816,50761
2747,4.0,19,1052.006732454816,50780
2748,2.0,30,1054.006732454816,50810
2749,0.0,17,1054.006732454816,50827
2750,-10.666666666666668,22,1043.3400657881493,50849
2751,0.2857142857142858,17,1043.6257800738636,50866
2752,0.0,8,1043.6257800738636,50874
2753,-6.0,13,1037.6257800738636,50887
2754,1.6666666666666665,26,1039.2924467405303,50913
2755,0.0,2,1039.2924467405303,50915
2756,-2.0,3,1037.2924467405303,50918
2757,-0.6666666666666667,9,1036.6257800738636,50927
2758,-7.25,19,1029.3757800738636,50946
2759,-1.1666666666666674,15,1028.2091134071968,50961
2760,3.9000000000000004,32,1032.109113407197,50993
2761,2.36996336996337,13,1034.4790767771603,51006
2762,3.212121212121212,33,1037.6911979892816,51039
2763,-3.5,12,1034.1911979892816,51051
2764,0.7666666666666665,25,1034.9578646559482,51076
2765,2.0,9,1036.9578646559482,51085
2766,-3.0,5,1033.9578646559482,51090
2767,-0.2333333333333334,10,1033.724531322615,51100
2768,0.6000000000000001,7,1034.3245313226148,51107
2769,-1.0,16,1033.3245313226148,51123
2770,1.6666666666666665,3,1034.9911979892815,51126
2771,0.0,4,1034.9911979892815,51130
2772,9.5,7,1044.4911979892815,51137
2773,3.0,5,1047.4911979892815,51142
2774,-2.0,9,1045.4911979892815,51151
2775,0.19999999999999996,10,1045.6911979892816,51161
2776,-2.3333333333333335,12,1043.3578646559483,51173
2777,-1.0,21,1042.3578646559483,51194
2778,2.7,17,1045.0578646559484,51211
2779,6.25,22,1051.3078646559484,51233
2780,-3.833333333333334,28,1047.4745313226151,51261
2781,2.5666666666666664,12,1050.0411979892817,51273
2782,2.6666666666666665,8,1052.7078646559485,51281
2783,0.0,8,1052.7078646559485,51289
2784,1.3333333333333333,7,1054.0411979892817,51296
2785,6.140476190476191,27,1060.181674179758,51323
2786,3.0,5,1063.181674179758,51328
2787,-1.5714285714285714,7,1061.6102456083293,51335
2788,2.6666666666666665,4,1064.276912274996,51339
2789,-0.5,9,1063.776912274996,51348
2790,0.0,3,1063.776912274996,51351
2791,0.20000000000000018,8,1063.976912274996,51359
2792,2.4166666666666665,13,1066.3935789416628,51372
2793,5.666666666666666,14,1072.0602456083295,51386
2794,14.7,30,1086.7602456083296,51416
2795,3.8181818181818183,9,1090.5784274265113,51425
2796,-3.5,19,1087.0784274265113,51444
2797,1.1666666666666665,21,1088.245094093178,51465
2798,0.0,4,1088.245094093178,51469
2799,-13.333333333333332,17,1074.9117607598448,51486
2800,-1.3333333333333335,23,1073.5784274265116,51509
2801,-10.316666666666666,23,1063.261760759845,51532
2802,11.212121212121211,37,1074.4738819719662,51569
2803,-2.5,19,1071.9738819719662,51588
2804,1.0,7,1072.9738819719662,51595
2805,-1.0,12,1071.9738819719662,51607
2806,3.0,13,1074.9738819719662,51620
2807,2.1666666666666665,7,1077.140548638633,51627
2808,0.0,5,1077.140548638633,51632
2809,5.75,30,1082.890548638633,51662
2810,6.0,7,1088.890548638633,51669
2811,3.0,4,1091.890548638633,51673
2812,2.75,20,1094.640548638633,51693
2813,4.9,15,1099.540548638633,51708
2814,-1.05,16,1098.490548638633,51724
2815,0.0,2,1098.490548638633,51726
2816,-0.25,4,1098.240548638633,51730
2817,-1.0,13,1097.240548638633,51743
2818,0.3571428571428572,27,1097.597691495776,51770
2819,3.5,38,1101.097691495776,51808
2820,-1.0,19,1100.097691495776,51827
2821,-2.0,21,1098.097691495776,51848
2822,-2.583333333333333,20,1095.5143581624427,51868
2823,1.9999999999999998,20,1097.5143581624427,51888
2824,0.3333333333333333,5,1097.847691495776,51893
2825,-6.0,20,1091.847691495776,51913
2826,-1.6666666666666667,9,1090.1810248291092,51922
2827,0.583333333333333,35,1090.7643581624425,51957
2828,-1.4,5,1089.3643581624424,51962
2829,0.0,4,1089.3643581624424,51966
2830,3.0,18,1092.3643581624424,51984
2831,-7.0,9,1085.3643581624424,51993
2832,-1.0,8,1084.3643581624424,52001
2833,6.0,28,1090.3643581624424,52029
2834,4.166666666666666,21,1094.5310248291091,52050
2835,1.6666666666666667,7,1096.1976914957759,52057
2836,-2.2,10,1093.9976914957758,52067
2837,0.0,6,1093.9976914957758,52073
2838,-1.0,6,1092.9976914957758,52079
2839,-0.6666666666666665,18,1092.331024829109,52097
2840,-1.0,18,1091.331024829109,52115
2841,1.0,8,1092.331024829109,52123
2842,5.5,11,1097.831024829109,52134
2843,1.5,6,1099.331024829109,52140
2844,-1.0,7,1098.331024829109,52147
2845,0.0,3,1098.331024829109,52150
2846,2.5,10,1100.831024829109,52160
2847,7.0,9,1107.831024829109,52169
2848,-2.0,8,1105.831024829109,52177
2849,2.8333333333333335,15,1108.6643581624423,52192
2850,0.0,3,1108.6643581624423,52195
2851,1.0,10,1109.6643581624423,52205
2852,2.166666666666666,26,1111.831024829109,52231
2853,0.0,4,1111.831024829109,52235
2854,5.0,12,1116.831024829109,52247
2855,-3.0,18,1113.831024829109,52265
2856,1.0,6,1114.831024829109,52271
2857,0.0,7,1114.831024829109,52278
2858,-1.0,6,1113.831024829109,52284
2859,0.0,8,1113.831024829109,52292
2860,-1.0,7,1112.831024829109,52299
2861,-7.25,8,1105.581024829109,52307
2862,0.5,8,1106.081024829109,52315
2863,-1.3333333333333333,7,1104.7476914957758,52322
2864,-0.4545454545454546,5,1104.2931460412303,52327
2865,1.833333333333333,29,1106.1264793745636,52356
2866,-5.4,18,1100.7264793745635,52374
2867,2.1,16,1102.8264793745634,52390
2868,2.4666666666666663,19,1105.29314604123,52409
2869,-5.333333333333333,17,1099.9598127078968,52426
2870,0.0,7,1099.9598127078968,52433
2871,-0.6666666666666667,9,1099.29314604123,52442
2872,3.0,12,1102.29314604123,52454
2873,5.6,24,1107.89314604123,52478
2874,-5.0,12,1102.89314604123,52490
2875,-3.666666666666666,21,1099.2264793745633,52511
2876,4.166666666666667,20,1103.39314604123,52531
2877,-1.0,14,1102.39314604123,52545
2878,1.5,25,1103.89314604123,52570
2879,2.1666666666666665,6,1106.0598127078968,52576
2880,2.2,16,1108.2598127078968,52592
2881,1.0,11,1109.2598127078968,52603
2882,-4.357142857142858,24,1104.902669850754,52627
2883,3.5,29,1108.402669850754,52656
2884,1.0,8,1109.402669850754,52664
2885,-6.0,13,1103.402669850754,52677
2886,-0.3999999999999999,20,1103.0026698507538,52697
2887,1.0,2,1104.0026698507538,52699
2888,3.6,1,1107.6026698507537,52700
2889,-2.0,7,1105.6026698507537,52707
2890,2.7619047619047623,21,1108.3645746126585,52728
2891,-1.3333333333333333,9,1107.0312412793253,52737
2892,-2.5,7,1104.5312412793253,52744
2893,3.0,11,1107.5312412793253,52755
2894,3.0,14,1110.5312412793253,52769
2895,2.0,18,1112.5312412793253,52787
2896,2.2,7,1114.7312412793253,52794
2897,5.0,12,1119.7312412793253,52806
2898,1.0,15,1120.7312412793253,52821
2899,-1.333333333333333,23,1119.397907945992,52844
2900,-1.6666666666666667,15,1117.7312412793253,52859
2901,-4.0,7,1113.7312412793253,52866
2902,4.0,18,1117.7312412793253,52884
2903,4.0,35,1121.7312412793253,52919
2904,3.0,10,1124.7312412793253,52929
2905,-1.5,13,1123.2312412793253,52942
2906,0.6666666666666667,9,1123.897907945992,52951
2907,-1.0,16,1122.897907945992,52967
2908,-4.0,16,1118.897907945992,52983
2909,0.0,5,1118.897907945992,52988
2910,-2.166666666666667,20,1116.7312412793253,53008
2911,-4.0,11,1112.7312412793253,53019
2912,1.6666666666666667,10,1114.397907945992,53029
2913,-0.25,23,1114.147907945992,53052
2914,4.428571428571429,29,1118.5764793745634,53081
2915,-1.75,14,1116.8264793745634,53095
2916,-3.0,7,1113.8264793745634,53102
2917,3.0,9,1116.8264793745634,53111
2918,1.6,20,1118.4264793745633,53131
2919,-2.9,9,1115.5264793745632,53140
2920,2.142857142857143,11,1117.6693365174203,53151
2921,-1.6666666666666667,8,1116.0026698507536,53159
2922,1.4,25,1117.4026698507537,53184
2923,1.0,7,1118.4026698507537,53191
2924,0.3999999999999999,27,1118.8026698507538,53218
2925,3.428571428571429,20,1122.231241279325,53238
2926,4.166666666666666,14,1126.3979079459918,53252
2927,-4.777777777777778,33,1121.620130168214,53285
2928,4.166666666666667,15,1125.7867968348808,53300
2929,-4.0,4,1121.7867968348808,53304
2930,0.0,5,1121.7867968348808,53309
2931,4.0,15,1125.7867968348808,53324
2932,1.0,3,1126.7867968348808,53327
2933,-1.0,4,1125.7867968348808,53331
2934,4.0,7,1129.7867968348808,53338
2935,-5.833333333333333,19,1123.9534635015475,53357
2936,-1.5,16,1122.4534635015475,53373
2937,-5.0,18,1117.4534635015475,53391
2938,-6.371428571428571,20,1111.0820349301189,53411
2939,0.0,3,1111.0820349301189,53414
2940,-4.208333333333333,10,1106.8737015967856,53424
2941,3.0,17,1109.8737015967856,53441
2942,0.0,7,1109.8737015967856,53448
2943,0.3333333333333333,11,1110.2070349301189,53459
2944,0.0,3,1110.2070349301189,53462
2945,0.0,4,1110.2070349301189,53466
2946,1.3333333333333333,14,1111.5403682634521,53480
2947,1.1428571428571423,14,1112.6832254063092,53494
2948,2.5,30,1115.1832254063092,53524
2949,0.0,19,1115.1832254063092,53543
2950,-0.4249999999999998,32,1114.7582254063093,53575
2951,0.0,16,1114.7582254063093,53591
2952,0.5,19,1115.2582254063093,53610
2953,-3.0,16,1112.2582254063093,53626
2954,-3.0,16,1109.2582254063093,53642
2955,-3.0,16,1106.2582254063093,53658
2956,0.0,2,1106.2582254063093,53660
2957,-5.583333333333333,12,1100.674892072976,53672
2958,0.0,16,1100.674892072976,53688
2959,3.1111111111111116,29,1103.7860031840871,53717
2960,2.0,20,1105.7860031840871,53737
2961,-4.0,13,1101.7860031840871,53750
2962,0.0,3,1101.7860031840871,53753
2963,1.0,3,1102.7860031840871,53756
2964,0.0,3,1102.7860031840871,53759
2965,3.8333333333333335,44,1106.6193365174204,53803
2966,0.833333333333333,33,1107.4526698507536,53836
2967,7.933333333333334,34,1115.386003184087,53870
2968,-2.0,13,1113.386003184087,53883
2969,2.3333333333333335,23,1115.7193365174203,53906
2970,1.0,8,1116.7193365174203,53914
2971,-4.0,39,1112.7193365174203,53953
2972,-7.0,32,1105.7193365174203,53985
2973,-4.114285714285714,17,1101.6050508031346,54002
2974,-2.111111111111111,16,1099.4939396920236,54018
2975,-0.8111111111111116,53,1098.6828285809124,54071
2976,-11.0,33,1087.6828285809124,54104
2977,2.666666666666667,49,1090.3494952475792,54153
2978,8.666666666666666,70,1099.016161914246,54223
2979,-0.6666666666666667,15,1098.3494952475792,54238
2980,-3.0,4,1095.3494952475792,54242
2981,0.0,4,1095.3494952475792,54246
2982,4.5,12,1099.8494952475792,54258
2983,-2.0,18,1097.8494952475792,54276
2984,-3.0,5,1094.8494952475792,54281
2985,-5.666666666666666,16,1089.1828285809124,54297
2986,1.0,28,1090.1828285809124,54325
2987,9.0,18,1099.1828285809124,54343
2988,6.0,24,1105.1828285809124,54367
2989,10.0,23,1115.1828285809124,54390
2990,6.333333333333334,71,1121.5161619142457,54461
2991,0.3333333333333335,26,1121.849495247579,54487
2992,1.777777777777778,21,1123.6272730253568,54508
2993,0.5,20,1124.1272730253568,54528
2994,2.166666666666667,17,1126.2939396920235,54545
2995,-10.507142857142856,46,1115.7867968348808,54591
2996,-0.5,12,1115.2867968348808,54603
2997,0.5,10,1115.7867968348808,54613
2998,-1.0,2,1114.7867968348808,54615
2999,1.0,8,1115.7867968348808,54623
3000,-0.25,4,1115.5367968348808,54627
3001,1.75,6,1117.2867968348808,54633
3002,-5.666666666666667,30,1111.620130168214,54663
3003,-13.457792207792208,32,1098.1623379604218,54695
3004,-3.0,13,1095.1623379604218,54708
3005,2.333333333333333,48,1097.495671293755,54756
3006,-1.3333333333333333,5,1096.1623379604218,54761
3007,0.0,2,1096.1623379604218,54763
3008,-1.0,5,1095.1623379604218,54768
3009,0.0,5,1095.1623379604218,54773
3010,-1.0,17,1094.1623379604218,54790
3011,1.6,14,1095.7623379604217,54804
3012,0.0,5,1095.7623379604217,54809
3013,2.666666666666667,17,1098.4290046270885,54826
3014,4.0,15,1102.4290046270885,54841
3015,1.0,5,1103.4290046270885,54846
3016,-1.333333333333333,25,1102.0956712937552,54871
3017,-2.0,6,1100.0956712937552,54877
3018,-6.5,24,1093.5956712937552,54901
3019,2.0,7,1095.5956712937552,54908
3020,-2.666666666666667,30,1092.9290046270885,54938
3021,-2.0,11,1090.9290046270885,54949
3022,6.166666666666666,42,1097.0956712937552,54991
3023,6.2,7,1103.2956712937553,54998
3024,0.0,37,1103.2956712937553,55035
3025,-5.0,33,1098.2956712937553,55068
3026,-1.0,42,1097.2956712937553,55110
3027,-2.333333333333334,33,1094.962337960422,55143
3028,-2.0,10,1092.962337960422,55153
3029,-2.4828431372549016,26,1090.4794948231672,55179
3030,-1.0,16,1089.4794948231672,55195
3031,-5.0,25,1084.4794948231672,55220
3032,0.16666666666666607,32,1084.646161489834,55252
3033,2.0,7,1086.646161489834,55259
3034,-3.6666666666666665,20,1082.9794948231672,55279
3035,6.866666666666667,19,1089.8461614898338,55298
3036,-1.5,8,1088.3461614898338,55306
3037,2.5,14,1090.8461614898338,55320
3038,3.25,9,1094.0961614898338,55329
3039,2.5,8,1096.5961614898338,55337
3040,20.38888888888889,46,1116.9850503787227,55383
3041,4.0,22,1120.9850503787227,55405
3042,-3.0,3,1117.9850503787227,55408
3043,-1.0,22,1116.9850503787227,55430
3044,8.0,31,1124.9850503787227,55461
3045,3.75,25,1128.7350503787227,55486
3046,-1.5238095238095237,26,1127.211240854913,55512
3047,-5.25,18,1121.961240854913,55530
3048,-9.666666666666668,35,1112.2945741882463,55565
3049,2.0,13,1114.2945741882463,55578
3050,4.142857142857142,29,1118.4374313311034,55607
3051,-8.25,19,1110.1874313311034,55626
3052,1.0,13,1111.1874313311034,55639
3053,-5.761904761904762,22,1105.4255265691986,55661
3054,2.5,22,1107.9255265691986,55683
3055,0.7666666666666665,19,1108.6921932358653,55702
3056,-0.75,21,1107.9421932358653,55723
3057,-4.316666666666666,30,1103.6255265691987,55753
3058,0.3333333333333335,7,1103.958859902532,55760
3059,1.666666666666667,20,1105.6255265691987,55780
3060,6.666666666666667,30,1112.2921932358654,55810
3061,-4.2745098039215685,34,1108.0176834319439,55844
3062,5.5,29,1113.5176834319439,55873
3063,5.166666666666666,29,1118.6843500986106,55902
3064,-2.25,10,1116.4343500986106,55912
3065,4.0,17,1120.4343500986106,55929
3066,0.16666666666666652,11,1120.6010167652773,55940
3067,-4.0,15,1116.6010167652773,55955
3068,-7.666666666666667,30,1108.9343500986106,55985
3069,0.0,6,1108.9343500986106,55991
3070,0.0,12,1108.9343500986106,56003
3071,1.0,8,1109.9343500986106,56011
3072,-2.0,7,1107.9343500986106,56018
3073,1.35,24,1109.2843500986105,56042
3074,-1.25,15,1108.0343500986105,56057
3075,0.0,15,1108.0343500986105,56072
3076,3.5,21,1111.5343500986105,56093
3077,-0.7999999999999998,7,1110.7343500986105,56100
3078,-9.816666666666668,38,1100.917683431944,56138
3079,-5.833333333333334,28,1095.0843500986107,56166
3080,1.0,8,1096.0843500986107,56174
3081,0.0,11,1096.0843500986107,56185
3082,-3.0,18,1093.0843500986107,56203
3083,-2.8,30,1090.2843500986107,56233
3084,5.0,16,1095.2843500986107,56249
3085,2.0,11,1097.2843500986107,56260
3086,2.428571428571429,18,1099.712921527182,56278
3087,-2.0,14,1097.712921527182,56292
3088,-1.3333333333333333,23,1096.3795881938488,56315
3089,-0.6666666666666667,14,1095.712921527182,56329
3090,5.0,24,1100.712921527182,56353
3091,0.0,8,1100.712921527182,56361
3092,2.0,19,1102.712921527182,56380
3093,6.0,44,1108.712921527182,56424
3094,3.0,6,1111.712921527182,56430
3095,-4.0,26,1107.712921527182,56456
3096,2.0,8,1109.712921527182,56464
3097,2.0,5,1111.712921527182,56469
3098,0.0,2,1111.712921527182,56471
3099,0.0,5,1111.712921527182,56476
3100,-18.333333333333336,31,1093.3795881938488,56507
3101,-3.0,17,1090.3795881938488,56524
3102,-2.833333333333333,36,1087.5462548605155,56560
3103,8.0,25,1095.5462548605155,56585
3104,0.0,11,1095.5462548605155,56596
3105,-6.0,27,1089.5462548605155,56623
3106,-2.0,9,1087.5462548605155,56632
3107,-4.883333333333334,25,1082.662921527182,56657
3108,-1.75,23,1080.912921527182,56680
3109,-3.0,15,1077.912921527182,56695
3110,6.0,25,1083.912921527182,56720
3111,-10.166666666666668,34,1073.7462548605154,56754
3112,1.0,8,1074.7462548605154,56762
3113,2.0,27,1076.7462548605154,56789
3114,-4.333333333333333,30,1072.412921527182,56819
3115,-1.0,18,1071.412921527182,56837
3116,4.6,31,1076.012921527182,56868
3117,-1.0,13,1075.012921527182,56881
3118,13.0,37,1088.012921527182,56918
3119,2.65,18,1090.662921527182,56936
3120,-1.6666666666666667,31,1088.9962548605154,56967
3121,1.5,26,1090.4962548605154,56993
3122,0.7999999999999998,20,1091.2962548605153,57013
3123,-4.0,15,1087.2962548605153,57028
3124,2.3333333333333335,31,1089.6295881938486,57059
3125,7.7,25,1097.3295881938486,57084
3126,-4.0,11,1093.3295881938486,57095
3127,2.75,14,1096.0795881938486,57109
3128,3.0,17,1099.0795881938486,57126
3129,0.2,11,1099.2795881938487,57137
3130,-0.2971014492753614,29,1098.9824867445734,57166
3131,-1.4545454545454546,20,1097.527941290028,57186
3132,4.0,34,1101.527941290028,57220
3133,-5.0,20,1096.527941290028,57240
3134,-0.33333333333333326,6,1096.1946079566947,57246
3135,-2.4,11,1093.7946079566946,57257
3136,-3.5,29,1090.2946079566946,57286
3137,-5.5,26,1084.7946079566946,57312
3138,-3.0,33,1081.7946079566946,57345
3139,2.166666666666667,22,1083.9612746233613,57367
3140,-0.4,16,1083.5612746233612,57383
3141,0.5,8,1084.0612746233612,57391
3142,-1.0,9,1083.0612746233612,57400
3143,3.9333333333333336,15,1086.9946079566946,57415
3144,0.0,7,1086.9946079566946,57422
3145,5.5,37,1092.4946079566946,57459
3146,0,0,1092.4946079566946,57459
3147,0,0,1092.4946079566946,57459
3148,0,0,1092.4946079566946,57459
3149,-8.833333333333332,45,1083.6612746233614,57504
3150,-0.33333333333333326,9,1083.327941290028,57513
3151,3.5,25,1086.827941290028,57538
3152,0.0,14,1086.827941290028,57552
3153,-10.666666666666668,66,1076.1612746233614,57618
3154,6.0,29,1082.1612746233614,57647
3155,15.808823529411764,54,1097.970098152773,57701
3156,18.2,41,1116.170098152773,57742
3157,-1.0,20,1115.170098152773,57762
3158,3.0,21,1118.170098152773,57783
3159,-0.5238095238095237,31,1117.6462886289635,57814
3160,0.5,27,1118.1462886289635,57841
3161,7.5,25,1125.6462886289635,57866
3162,-6.857142857142857,50,1118.7891457718206,57916
3163,-1.0,13,1117.7891457718206,57929
3164,4.5,28,1122.2891457718206,57957
3165,2.0,7,1124.2891457718206,57964
3166,9.333333333333334,23,1133.6224791051538,57987
3167,11.166666666666666,47,1144.7891457718206,58034
3168,4.0,18,1148.7891457718206,58052
3169,3.142857142857143,10,1151.9320029146777,58062
3170,1.0,28,1152.9320029146777,58090
3171,2.0,21,1154.9320029146777,58111
3172,8.833333333333332,42,1163.765336248011,58153
3173,10.166666666666666,24,1173.9320029146777,58177
3174,1.0,11,1174.9320029146777,58188
3175,2.0,6,1176.9320029146777,58194
3176,1.0,21,1177.9320029146777,58215
3177,0.3333333333333335,16,1178.265336248011,58231
3178,4.0,31,1182.265336248011,58262
3179,2.0,4,1184.265336248011,58266
3180,-2.5,15,1181.765336248011,58281
3181,2.3333333333333335,33,1184.0986695813442,58314
3182,10.1,17,1194.1986695813441,58331
3183,7.0,9,1201.1986695813441,58340
3184,2.0,4,1203.1986695813441,58344
3185,1.6,18,1204.798669581344,58362
3186,15.166666666666666,33,1219.9653362480108,58395
3187,5.142857142857142,22,1225.1081933908679,58417
3188,-5.2,35,1219.9081933908678,58452
3189,-1.333333333333333,44,1218.5748600575346,58496
3190,-16.4,40,1202.1748600575345,58536
3191,-10.621212121212121,26,1191.5536479363225,58562
3192,-10.166666666666668,24,1181.3869812696557,58586
3193,11.5,39,1192.8869812696557,58625
3194,-2.0,5,1190.8869812696557,58630
3195,-6.666666666666667,7,1184.220314602989,58637
3196,-1.333333333333334,18,1182.8869812696557,58655
3197,-9.0,17,1173.8869812696557,58672
3198,0.0,3,1173.8869812696557,58675
3199,7.25,35,1181.1369812696557,58710
3200,0.0,12,1181.1369812696557,58722
3201,0.0,6,1181.1369812696557,58728
3202,-1.3333333333333333,11,1179.8036479363225,58739
3203,-6.333333333333334,23,1173.4703146029892,58762
3204,-4.0,21,1169.4703146029892,58783
3205,-3.333333333333333,21,1166.136981269656,58804
3206,-5.333333333333334,17,1160.8036479363227,58821
3207,0.5333333333333332,26,1161.336981269656,58847
3208,3.166666666666666,20,1164.5036479363227,58867
3209,1.5333333333333328,20,1166.036981269656,58887
3210,6.50952380952381,41,1172.54650507918,58928
3211,8.666666666666666,17,1181.2131717458467,58945
3212,-10.333333333333334,24,1170.8798384125134,58969
3213,0,0,1170.8798384125134,58969
3214,0,0,1170.8798384125134,58969
3215,0,0,1170.8798384125134,58969
3216,10.0,15,1180.8798384125134,58984
3217,-4.5,20,1176.3798384125134,59004
3218,-3.966666666666667,14,1172.4131717458467,59018
3219,0.3333333333333333,12,1172.74650507918,59030
3220,-6.666666666666667,31,1166.0798384125133,59061
3221,0.0,7,1166.0798384125133,59068
3222,1.0,7,1167.0798384125133,59075
3223,-1.0,6,1166.0798384125133,59081
3224,0.0,8,1166.0798384125133,59089
3225,4.5,29,1170.5798384125133,59118
3226,-4.9,42,1165.6798384125132,59160
3227,0.6666666666666665,39,1166.34650507918,59199
3228,1.8571428571428572,24,1168.2036479363228,59223
3229,5.5,13,1173.7036479363228,59236
3230,-5.25,18,1168.4536479363228,59254
3231,6.0,9,1174.4536479363228,59263
3232,-3.0,13,1171.4536479363228,59276
3233,0.0,12,1171.4536479363228,59288
3234,0.19999999999999996,11,1171.6536479363228,59299
3235,2.833333333333333,13,1174.486981269656,59312
3236,-2.0,16,1172.486981269656,59328
3237,-5.666666666666667,11,1166.8203146029894,59339
3238,-1.4047619047619047,33,1165.4155526982274,59372
3239,-0.833333333333333,22,1164.5822193648942,59394
3240,-0.4,5,1164.182219364894,59399
3241,-3.5,14,1160.682219364894,59413
3242,2.111111111111111,17,1162.7933304760052,59430
3243,6.166666666666666,20,1168.959997142672,59450
3244,-7.166666666666667,27,1161.7933304760052,59477
3245,1.3333333333333333,5,1163.1266638093384,59482
3246,-2.0,31,1161.1266638093384,59513
3247,-7.5,36,1153.6266638093384,59549
3248,1.5999999999999996,26,1155.2266638093383,59575
3249,-2.0,33,1153.2266638093383,59608
3250,2.0,18,1155.2266638093383,59626
3251,0.19999999999999996,38,1155.4266638093384,59664
3252,3.2,12,1158.6266638093384,59676
3253,-1.3333333333333333,3,1157.2933304760052,59679
3254,4.333333333333333,17,1161.6266638093384,59696
3255,1.9285714285714286,31,1163.5552352379098,59727
3256,-3.0,26,1160.5552352379098,59753
3257,1.0,18,1161.5552352379098,59771
3258,-0.12121212121212122,7,1161.4340231166977,59778
3259,-7.82051282051282,34,1153.6135102961848,59812
3260,6.333333333333333,34,1159.946843629518,59846
3261,-2.0,8,1157.946843629518,59854
3262,-5.4,47,1152.546843629518,59901
3263,-7.666666666666667,52,1144.8801769628512,59953
3264,-5.4,19,1139.4801769628511,59972
3265,-0.6666666666666667,33,1138.8135102961844,60005
3266,-2.0,11,1136.8135102961844,60016
3267,-0.8571428571428572,13,1135.9563674390415,60029
3268,-5.0,14,1130.9563674390415,60043
3269,-7.4,57,1123.5563674390414,60100
3270,-4.0,35,1119.5563674390414,60135
3271,-3.0,35,1116.5563674390414,60170
3272,8.25,36,1124.8063674390414,60206
3273,3.428571428571429,25,1128.2349388676128,60231
3274,-7.666666666666667,29,1120.568272200946,60260
3275,-5.0,15,1115.568272200946,60275
3276,3.3333333333333335,21,1118.9016055342793,60296
3277,9.1,20,1128.0016055342792,60316
3278,5.0,11,1133.0016055342792,60327
3279,2.166666666666666,23,1135.168272200946,60350
3280,8.6,27,1143.7682722009458,60377
3281,-24.333333333333332,140,1119.4349388676126,60517
3282,8.428571428571429,26,1127.863510296184,60543
3283,4.0,6,1131.863510296184,60549
3284,0.0,38,1131.863510296184,60587
3285,3.5,24,1135.363510296184,60611
3286,-6.366666666666667,44,1128.9968436295173,60655
3287,-3.5999999999999996,59,1125.3968436295174,60714
3288,-7.166666666666668,31,1118.2301769628507,60745
3289,1.0,4,1119.2301769628507,60749
3290,3.5,9,1122.7301769628507,60758
3291,1.0,11,1123.7301769628507,60769
3292,-4.5,10,1119.2301769628507,60779
3293,-3.3,25,1115.9301769628507,60804
3294,2.0,11,1117.9301769628507,60815
3295,-2.0,15,1115.9301769628507,60830
3296,1.0,16,1116.9301769628507,60846
3297,0.0,9,1116.9301769628507,60855
3298,0.0,7,1116.9301769628507,60862
3299,0.0,3,1116.9301769628507,60865
3300,1.3333333333333333,10,1118.263510296184,60875
3301,0.0,10,1118.263510296184,60885
3302,0,0,1118.263510296184,60885
3303,0,0,1118.263510296184,60885
3304,0,0,1118.263510296184,60885
3305,-2.0,6,1116.263510296184,60891
3306,-4.0,11,1112.263510296184,60902
3307,8.25,29,1120.513510296184,60931
3308,-4.666666666666667,10,1115.8468436295173,60941
3309,-1.0,11,1114.8468436295173,60952
3310,-1.0,20,1113.8468436295173,60972
3311,5.75,22,1119.5968436295173,60994
3312,-0.7999999999999998,25,1118.7968436295173,61019
3313,-0.666666666666667,19,1118.1301769628506,61038
3314,5.75,26,1123.8801769628506,61064
3315,0.0,13,1123.8801769628506,61077
3316,0.3333333333333333,16,1124.2135102961838,61093
3317,7.1,33,1131.3135102961837,61126
3318,3.2222222222222223,44,1134.535732518406,61170
3319,-5.4,53,1129.1357325184058,61223
3320,2.0,26,1131.1357325184058,61249
3321,1.3333333333333335,15,1132.469065851739,61264
3322,-0.16666666666666652,9,1132.3023991850723,61273
3323,0.0,1,1132.3023991850723,61274
3324,8.142857142857142,25,1140.4452563279294,61299
3325,3.0,7,1143.4452563279294,61306
3326,-4.583333333333334,33,1138.8619229945962,61339
3327,1.3333333333333328,35,1140.1952563279294,61374
3328,3.0,22,1143.1952563279294,61396
3329,2.5,27,1145.6952563279294,61423
3330,-4.666666666666667,5,1141.0285896612627,61428
3331,0.0,2,1141.0285896612627,61430
3332,-0.5,3,1140.5285896612627,61433
3333,0.0,3,1140.5285896612627,61436
3334,-3.0,3,1137.5285896612627,61439
3335,0.0,3,1137.5285896612627,61442
3336,-6.121212121212121,13,1131.4073775400507,61455
3337,-0.8,21,1130.6073775400507,61476
3338,-14.166666666666668,28,1116.440710873384,61504
3339,-4.0,19,1112.440710873384,61523
3340,5.333333333333334,2,1117.7740442067172,61525
3341,-2.0,5,1115.7740442067172,61530
3342,-3.0,6,1112.7740442067172,61536
3343,-6.25,24,1106.5240442067172,61560
3344,1.3333333333333333,15,1107.8573775400505,61575
3345,-2.8571428571428577,12,1105.0002346829076,61587
3346,-4.704545454545455,38,1100.295689228362,61625
3347,-0.9523809523809522,16,1099.3433082759811,61641
3348,1.0,17,1100.3433082759811,61658
3349,1.0,6,1101.3433082759811,61664
3350,-3.0,28,1098.3433082759811,61692
3351,0.05882352941176472,31,1098.4021318053929,61723
3352,-3.4444444444444455,36,1094.9576873609485,61759
3353,0.0,10,1094.9576873609485,61769
3354,-2.0,30,1092.9576873609485,61799
3355,-2.8333333333333335,28,1090.1243540276153,61827
3356,5.0,24,1095.1243540276153,61851
3357,4.1,24,1099.2243540276152,61875
3358,3.0,39,1102.2243540276152,61914
3359,6.0,10,1108.2243540276152,61924
3360,0.0,2,1108.2243540276152,61926
3361,-2.0,6,1106.2243540276152,61932
3362,-2.0,4,1104.2243540276152,61936
3363,0.0,3,1104.2243540276152,61939
3364,1.3333333333333333,6,1105.5576873609484,61945
3365,2.0,15,1107.5576873609484,61960
3366,0.0,5,1107.5576873609484,61965
3367,-4.0,12,1103.5576873609484,61977
3368,-2.5,19,1101.0576873609484,61996
3369,-3.0,11,1098.0576873609484,62007
3370,2.666666666666667,42,1100.7243540276152,62049
3371,-6.333333333333333,20,1094.391020694282,62069
3372,3.5,26,1097.891020694282,62095
3373,-3.333333333333333,10,1094.5576873609486,62105
3374,-2.333333333333333,17,1092.2243540276154,62122
3375,1.0,3,1093.2243540276154,62125
3376,-2.0,3,1091.2243540276154,62128
3377,0.0,1,1091.2243540276154,62129
3378,0.5,10,1091.7243540276154,62139
3379,0.8666666666666667,27,1092.591020694282,62166
3380,0.0,9,1092.591020694282,62175
3381,6.0,12,1098.591020694282,62187
3382,0.0,14,1098.591020694282,62201
3383,4.428571428571429,6,1103.0195921228533,62207
3384,-2.0,6,1101.0195921228533,62213
3385,0.0,4,1101.0195921228533,62217
3386,3.0,7,1104.0195921228533,62224
3387,1.0,6,1105.0195921228533,62230
3388,0.08333333333333331,6,1105.1029254561865,62236
3389,2.4761904761904763,20,1107.579115932377,62256
3390,5.25,4,1112.829115932377,62260
3391,0.0,4,1112.829115932377,62264
3392,-3.0,7,1109.829115932377,62271
3393,-1.0,7,1108.829115932377,62278
3394,1.0,3,1109.829115932377,62281
3395,2.6666666666666665,14,1112.4957825990437,62295
3396,2.0588235294117645,17,1114.5546061284554,62312
3397,-3.666666666666667,5,1110.8879394617886,62317
3398,-4.0,21,1106.8879394617886,62338
3399,3.0,2,1109.8879394617886,62340
3400,-0.6666666666666666,9,1109.2212727951219,62349
3401,-4.571428571428571,23,1104.6498442236932,62372
3402,-5.153846153846153,18,1099.495998069847,62390
3403,2.0,10,1101.495998069847,62400
3404,6.857142857142858,66,1108.35314092699,62466
3405,5.0,11,1113.35314092699,62477
3406,1.253968253968254,39,1114.607109180958,62516
3407,0.0,20,1114.607109180958,62536
3408,-7.0,24,1107.607109180958,62560
3409,-1.5,12,1106.107109180958,62572
3410,0.25,17,1106.357109180958,62589
3411,2.75,26,1109.107109180958,62615
3412,-4.238095238095239,31,1104.869013942863,62646
3413,6.25,21,1111.119013942863,62667
3414,4.399999999999999,53,1115.519013942863,62720
3415,-6.8,30,1108.719013942863,62750
3416,1.0,26,1109.719013942863,62776
3417,0.5,26,1110.219013942863,62802
3418,1.0,17,1111.219013942863,62819
3419,-0.23809523809523792,25,1110.9809187047679,62844
3420,0.01818181818181852,57,1110.9991005229497,62901
3421,7.111111111111111,16,1118.1102116340608,62917
3422,1.0,16,1119.1102116340608,62933
3423,-2.5,19,1116.6102116340608,62952
3424,2.2,9,1118.8102116340608,62961
3425,-1.4,24,1117.4102116340607,62985
3426,0.0,6,1117.4102116340607,62991
3427,4.142857142857142,11,1121.5530687769178,63002
3428,1.0,21,1122.5530687769178,63023
3429,3.0,11,1125.5530687769178,63034
3430,-1.0,16,1124.5530687769178,63050
3431,-1.0,11,1123.5530687769178,63061
3432,-8.5,17,1115.0530687769178,63078
3433,1.0,24,1116.0530687769178,63102
3434,-4.5,31,1111.5530687769178,63133
3435,-5.0,18,1106.5530687769178,63151
3436,-5.066666666666666,37,1101.4864021102512,63188
3437,1.0,39,1102.4864021102512,63227
3438,2.666666666666667,31,1105.153068776918,63258
3439,-2.0,34,1103.153068776918,63292
3440,-5.916666666666667,24,1097.2364021102512,63316
3441,-1.8,21,1095.4364021102513,63337
3442,0.33333333333333304,30,1095.7697354435845,63367
3443,-2.25,9,1093.5197354435845,63376
3444,6.2,25,1099.7197354435846,63401
3445,2.0,24,1101.7197354435846,63425
3446,-2.9411764705882355,20,1098.7785589729963,63445
3447,8.458823529411763,39,1107.237382502408,63484
3448,2.5,26,1109.737382502408,63510
3449,1.5454545454545454,24,1111.2828370478626,63534
3450,6.428571428571429,17,1117.711408476434,63551
3451,-3.466666666666666,49,1114.2447418097672,63600
3452,0.0588235294117645,20,1114.303565339179,63620
3453,-2.2666666666666666,15,1112.0368986725123,63635
3454,0.0,19,1112.0368986725123,63654
3455,3.0,27,1115.0368986725123,63681
3456,2.5,13,1117.5368986725123,63694
3457,-7.0,26,1110.5368986725123,63720
3458,2.666666666666667,24,1113.203565339179,63744
3459,-3.9871794871794872,36,1109.2163858519996,63780
3460,5.0,12,1114.2163858519996,63792
3461,1.6,21,1115.8163858519995,63813
3462,1.5,15,1117.3163858519995,63828
3463,2.7142857142857144,36,1120.0306715662853,63864
3464,8.0,26,1128.0306715662853,63890
3465,5.833333333333333,42,1133.8640048996185,63932
3466,7.466666666666667,21,1141.3306715662852,63953
3467,1.0,25,1142.3306715662852,63978
3468,6.2,18,1148.5306715662853,63996
3469,-3.5,20,1145.0306715662853,64016
3470,5.166666666666666,18,1150.197338232952,64034
3471,2.5,20,1152.697338232952,64054
3472,-2.3,19,1150.397338232952,64073
3473,12.0,36,1162.397338232952,64109
3474,-7.3,39,1155.097338232952,64148
3475,6.25,41,1161.347338232952,64189
3476,2.0,8,1163.347338232952,64197
3477,0.0,25,1163.347338232952,64222
3478,2.5,42,1165.847338232952,64264
3479,10.142857142857142,20,1175.9901953758092,64284
3480,4.5,15,1180.4901953758092,64299
3481,-1.9444444444444444,63,1178.5457509313649,64362
3482,10.416666666666666,36,1188.9624175980316,64398
3483,-1.6666666666666665,34,1187.2957509313649,64432
3484,2.6,26,1189.8957509313648,64458
3485,2.6,12,1192.4957509313647,64470
3486,6.833333333333333,29,1199.329084264698,64499
3487,13.6,25,1212.9290842646978,64524
3488,1.0,16,1213.9290842646978,64540
3489,7.666666666666667,15,1221.5957509313646,64555
3490,-0.06666666666666665,38,1221.529084264698,64593
3491,9.0,35,1230.529084264698,64628
3492,7.5,12,1238.029084264698,64640
3493,-8.307692307692307,34,1229.7213919570056,64674
3494,-12.0,37,1217.7213919570056,64711
3495,6.0,13,1223.7213919570056,64724
3496,-2.0,31,1221.7213919570056,64755
3497,-6.945454545454545,37,1214.775937411551,64792
3498,6.666666666666667,20,1221.4426040782178,64812
3499,11.6,20,1233.0426040782177,64832
3500,-7.940476190476192,32,1225.1021278877415,64864
3501,0.0,6,1225.1021278877415,64870
3502,-2.0,19,1223.1021278877415,64889
3503,2.0,13,1225.1021278877415,64902
3504,1.0909090909090908,17,1226.1930369786505,64919
3505,9.166666666666668,34,1235.3597036453173,64953
3506,6.0,13,1241.3597036453173,64966
3507,4.0,13,1245.3597036453173,64979
3508,-0.666666666666667,10,1244.6930369786505,64989
3509,-4.166666666666667,32,1240.5263703119838,65021
3510,0.0,5,1240.5263703119838,65026
3511,5.25,18,1245.7763703119838,65044
3512,3.5,6,1249.2763703119838,65050
3513,2.25,28,1251.5263703119838,65078
3514,-2.833333333333332,37,1248.6930369786505,65115
3515,5.166666666666667,15,1253.8597036453173,65130
3516,-4.666666666666667,27,1249.1930369786505,65157
3517,-7.0,25,1242.1930369786505,65182
3518,-8.0,12,1234.1930369786505,65194
3519,1.0,8,1235.1930369786505,65202
3520,-6.0,25,1229.1930369786505,65227
3521,0.3333333333333333,29,1229.5263703119838,65256
3522,0.75,22,1230.2763703119838,65278
3523,1.2000000000000002,30,1231.4763703119838,65308
3524,-10.616666666666667,36,1220.8597036453173,65344
3525,-3.0,7,1217.8597036453173,65351
3526,-6.0,9,1211.8597036453173,65360
3527,-9.0,26,1202.8597036453173,65386
3528,-2.125,33,1200.7347036453173,65419
3529,-20.86721611721612,43,1179.867487528101,65462
3530,-2.0,29,1177.867487528101,65491
3531,-4.0,17,1173.867487528101,65508
3532,-4.0,18,1169.867487528101,65526
3533,5.833333333333334,30,1175.7008208614343,65556
3534,-1.3333333333333335,41,1174.367487528101,65597
3535,-2.0,6,1172.367487528101,65603
3536,6.342857142857143,38,1178.7103446709582,65641
3537,-2.5555555555555554,29,1176.1547891154025,65670
3538,0.4181818181818183,27,1176.5729709335844,65697
3539,-6.25,38,1170.3229709335844,65735
3540,1.25,20,1171.5729709335844,65755
3541,-0.5,29,1171.0729709335844,65784
3542,2.8999999999999995,37,1173.9729709335845,65821
3543,-4.0,11,1169.9729709335845,65832
3544,-1.0,5,1168.9729709335845,65837
3545,-1.8333333333333335,18,1167.1396376002513,65855
3546,0.0,6,1167.1396376002513,65861
3547,1.2000000000000002,11,1168.3396376002513,65872
3548,-2.6538461538461537,9,1165.6857914464051,65881
3549,3.0,52,1168.6857914464051,65933
3550,-4.5,26,1164.1857914464051,65959
3551,2.833333333333333,42,1167.0191247797384,66001
3552,0.6666666666666661,30,1167.6857914464051,66031
3553,8.155555555555555,89,1175.8413470019607,66120
3554,0.0,16,1175.8413470019607,66136
3555,-1.0,6,1174.8413470019607,66142
3556,0.0,24,1174.8413470019607,66166
3557,0.16666666666666652,30,1175.0080136686274,66196
3558,-2.571428571428571,8,1172.4365850971988,66204
3559,-0.5714285714285714,13,1171.86515652577,66217
3560,-3.0,19,1168.86515652577,66236
3561,0.0,9,1168.86515652577,66245
3562,-0.33333333333333326,11,1168.5318231924368,66256
3563,0.0,5,1168.5318231924368,66261
3564,-0.33333333333333326,7,1168.1984898591036,66268
3565,2.0,5,1170.1984898591036,66273
3566,-0.75,17,1169.4484898591036,66290
3567,3.0,24,1172.4484898591036,66314
3568,-1.5,16,1170.9484898591036,66330
3569,-3.466666666666667,28,1167.4818231924369,66358
3570,-3.5,31,1163.9818231924369,66389
3571,-1.5,18,1162.4818231924369,66407
3572,7.0,27,1169.4818231924369,66434
3573,1.0,13,1170.4818231924369,66447
3574,-2.9,21,1167.5818231924368,66468
3575,8.0,19,1175.5818231924368,66487
3576,1.333333333333333,28,1176.91515652577,66515
3577,-1.6151515151515152,26,1175.3000050106186,66541
3578,-0.19117647058823528,17,1175.1088285400303,66558
3579,2.0,5,1177.1088285400303,66563
3580,-1.2380952380952381,25,1175.8707333019352,66588
3581,-2.0,46,1173.8707333019352,66634
3582,-7.25,27,1166.6207333019352,66661
3583,-2.3333333333333335,14,1164.287399968602,66675
3584,1.0,6,1165.287399968602,66681
3585,0.0,5,1165.287399968602,66686
3586,1.7000000000000002,9,1166.987399968602,66695
3587,-1.5,14,1165.487399968602,66709
3588,5.666666666666666,8,1171.1540666352687,66717
3589,-1.0,20,1170.1540666352687,66737
3590,1.5,12,1171.6540666352687,66749
3591,2.6666666666666665,2,1174.3207333019354,66751
3592,4.0,6,1178.3207333019354,66757
3593,5.2,16,1183.5207333019355,66773
3594,-1.0,7,1182.5207333019355,66780
3595,6.309523809523809,15,1188.8302571114593,66795
3596,-0.5714285714285714,5,1188.2588285400307,66800
3597,2.6666666666666665,1,1190.9254952066974,66801
3598,2.2,3,1193.1254952066975,66804
3599,1.0,8,1194.1254952066975,66812
3600,7.0,10,1201.1254952066975,66822
3601,0.0,4,1201.1254952066975,66826
3602,-1.0,18,1200.1254952066975,66844
3603,2.6,22,1202.7254952066974,66866
3604,-11.0,37,1191.7254952066974,66903
3605,-4.270833333333334,38,1187.454661873364,66941
3606,2.0,1,1189.454661873364,66942
3607,1.0,4,1190.454661873364,66946
3608,0.0,1,1190.454661873364,66947
3609,1.0,18,1191.454661873364,66965
3610,-2.0,14,1189.454661873364,66979
3611,4.0,3,1193.454661873364,66982
3612,-1.0,3,1192.454661873364,66985
3613,0.0,2,1192.454661873364,66987
3614,-8.607142857142858,58,1183.8475190162212,67045
3615,-3.0,17,1180.8475190162212,67062
3616,-0.7999999999999998,6,1180.0475190162213,67068
3617,0.0,3,1180.0475190162213,67071
3618,-2.0,23,1178.0475190162213,67094
3619,1.0,4,1179.0475190162213,67098
3620,5.0,13,1184.0475190162213,67111
3621,1.25,7,1185.2975190162213,67118
3622,-7.0,19,1178.2975190162213,67137
3623,-1.0,21,1177.2975190162213,67158
3624,-2.0,15,1175.2975190162213,67173
3625,0.0,4,1175.2975190162213,67177
3626,-5.466666666666667,11,1169.8308523495546,67188
3627,1.5333333333333334,18,1171.3641856828879,67206
3628,-4.333333333333333,8,1167.0308523495546,67214
3629,-3.0,20,1164.0308523495546,67234
3630,-2.787878787878788,28,1161.2429735616759,67262
3631,-0.16666666666666669,7,1161.076306895009,67269
3632,-4.527777777777778,16,1156.5485291172313,67285
3633,-1.4,8,1155.1485291172312,67293
3634,-9.0,16,1146.1485291172312,67309
3635,1.0,3,1147.1485291172312,67312
3636,0.0,8,1147.1485291172312,67320
3637,2.8666666666666667,27,1150.0151957838978,67347
3638,3.5,16,1153.5151957838978,67363
3639,2.0,11,1155.5151957838978,67374
3640,2.0,16,1157.5151957838978,67390
3641,-0.5,14,1157.0151957838978,67404
3642,-3.6,10,1153.4151957838978,67414
3643,1.5,30,1154.9151957838978,67444
3644,2.0,16,1156.9151957838978,67460
3645,4.5,10,1161.4151957838978,67470
3646,5.0,22,1166.4151957838978,67492
3647,-1.0,27,1165.4151957838978,67519
3648,3.0,27,1168.4151957838978,67546
3649,-1.666666666666666,30,1166.748529117231,67576
3650,-2.0,4,1164.748529117231,67580
3651,-3.0,2,1161.748529117231,67582
3652,0.0,3,1161.748529117231,67585
3653,-3.0,4,1158.748529117231,67589
3654,2.5,8,1161.248529117231,67597
3655,-3.0,11,1158.248529117231,67608
3656,-3.571428571428571,9,1154.6771005458024,67617
3657,-2.0,11,1152.6771005458024,67628
3658,2.75,12,1155.4271005458024,67640
3659,-0.6000000000000001,17,1154.8271005458025,67657
3660,-4.333333333333333,7,1150.4937672124693,67664
3661,-3.0,13,1147.4937672124693,67677
3662,0.2,10,1147.6937672124693,67687
3663,0.0,8,1147.6937672124693,67695
3664,-3.8,9,1143.8937672124694,67704
3665,1.5,38,1145.3937672124694,67742
3666,0.9500000000000002,20,1146.3437672124694,67762
3667,0.0,6,1146.3437672124694,67768
3668,3.5,13,1149.8437672124694,67781
3669,0.0,6,1149.8437672124694,67787
3670,-0.4666666666666668,19,1149.3771005458027,67806
3671,-2.0,6,1147.3771005458027,67812
3672,3.6,17,1150.9771005458026,67829
3673,-5.166666666666667,14,1145.8104338791359,67843
3674,2.0,11,1147.8104338791359,67854
3675,0.0,5,1147.8104338791359,67859
3676,1.0,15,1148.8104338791359,67874
3677,1.9999999999999998,22,1150.8104338791359,67896
3678,1.0,8,1151.8104338791359,67904
3679,-3.0,8,1148.8104338791359,67912
3680,2.0,3,1150.8104338791359,67915
3681,-1.0,3,1149.8104338791359,67918
3682,4.0,15,1153.8104338791359,67933
3683,-9.0,20,1144.8104338791359,67953
3684,-0.33333333333333304,20,1144.4771005458026,67973
3685,-3.0,10,1141.4771005458026,67983
3686,-2.5,18,1138.9771005458026,68001
3687,-1.0,21,1137.9771005458026,68022
3688,-2.0,10,1135.9771005458026,68032
3689,2.2666666666666666,15,1138.2437672124693,68047
3690,4.7,28,1142.9437672124693,68075
3691,0.0,6,1142.9437672124693,68081
3692,2.2,4,1145.1437672124694,68085
3693,-1.0,19,1144.1437672124694,68104
3694,3.25,10,1147.3937672124694,68114
3695,-1.0,8,1146.3937672124694,68122
3696,2.0,8,1148.3937672124694,68130
3697,-0.6666666666666666,8,1147.7271005458026,68138
3698,3.533333333333333,13,1151.260433879136,68151
3699,0.0,14,1151.260433879136,68165
3700,1.2000000000000002,19,1152.460433879136,68184
3701,5.0,5,1157.460433879136,68189
3702,5.0,5,1162.460433879136,68194
3703,0.012820512820512775,24,1162.4732543919565,68218
3704,0.0,6,1162.4732543919565,68224
3705,-3.992481203007518,29,1158.480773188949,68253
3706,3.5,36,1161.980773188949,68289
3707,-19.5,35,1142.480773188949,68324
3708,4.833333333333334,14,1147.3141065222821,68338
3709,2.0,3,1149.3141065222821,68341
3710,-0.566666666666667,91,1148.7474398556155,68432
3711,-8.033333333333333,33,1140.7141065222822,68465
3712,-0.9000000000000004,30,1139.8141065222821,68495
3713,-3.0,32,1136.8141065222821,68527
3714,-4.583333333333333,23,1132.230773188949,68550
3715,-0.6666666666666666,9,1131.5641065222821,68559
3716,2.2444444444444445,50,1133.8085509667267,68609
3717,-4.0,15,1129.8085509667267,68624
3718,-1.5714285714285714,21,1128.237122395298,68645
3719,6.625,51,1134.862122395298,68696
3720,-1.4047619047619047,8,1133.457360490536,68704
3721,-0.5999999999999996,78,1132.8573604905362,68782
3722,2.0,52,1134.8573604905362,68834
3723,-2.0,6,1132.8573604905362,68840
3724,-4.440892098500626e-16,30,1132.8573604905362,68870
3725,7.666666666666667,28,1140.524027157203,68898
3726,1.0,18,1141.524027157203,68916
3727,-11.187301587301587,34,1130.3367255699013,68950
3728,5.0,22,1135.3367255699013,68972
3729,-5.0,7,1130.3367255699013,68979
3730,1.0,8,1131.3367255699013,68987
3731,0,0,1131.3367255699013,68987
3732,0,0,1131.3367255699013,68987
3733,1.0,12,1132.3367255699013,68999
3734,3.0,4,1135.3367255699013,69003
3735,1.0,15,1136.3367255699013,69018
3736,1.0,25,1137.3367255699013,69043
3737,0.33333333333333304,52,1137.6700589032346,69095
3738,6.805555555555555,43,1144.4756144587902,69138
3739,-4.5,6,1139.9756144587902,69144
3740,-0.4583333333333339,82,1139.517281125457,69226
3741,4.333333333333333,34,1143.8506144587902,69260
3742,0.0,17,1143.8506144587902,69277
3743,-2.5,9,1141.3506144587902,69286
3744,0.833333333333333,47,1142.1839477921235,69333
3745,-5.166666666666666,32,1137.0172811254567,69365
3746,1.7500000000000009,42,1138.7672811254567,69407
3747,-2.9166666666666665,19,1135.85061445879,69426
3748,10.695454545454544,29,1146.5460690042446,69455
3749,2.6666666666666665,37,1149.2127356709113,69492
3750,-4.333333333333334,22,1144.879402337578,69514
3751,-13.35,61,1131.5294023375782,69575
3752,3.0,9,1134.5294023375782,69584
3753,-1.0,38,1133.5294023375782,69622
3754,3.0,6,1136.5294023375782,69628
3755,-1.9,9,1134.629402337578,69637
3756,-4.0,19,1130.629402337578,69656
3757,-3.6095238095238096,13,1127.0198785280543,69669
3758,6.666666666666667,27,1133.686545194721,69696
3759,13.166666666666668,55,1146.8532118613878,69751
3760,10.333333333333334,38,1157.186545194721,69789
3761,-1.0,13,1156.186545194721,69802
3762,-2.25,8,1153.936545194721,69810
3763,-1.5714285714285712,46,1152.3651166232924,69856
3764,2.8166666666666664,50,1155.181783289959,69906
3765,4.4,13,1159.581783289959,69919
3766,5.523809523809523,51,1165.1055928137687,69970
3767,5.0,1,1170.1055928137687,69971
3768,5.0,5,1175.1055928137687,69976
3769,9.416666666666668,11,1184.5222594804354,69987
3770,6.0,31,1190.5222594804354,70018
3771,-2.0,24,1188.5222594804354,70042
3772,-0.4,21,1188.1222594804353,70063
3773,7.5,21,1195.6222594804353,70084
3774,4.6,24,1200.2222594804352,70108
3775,11.333333333333334,47,1211.5555928137685,70155
3776,14.545454545454545,30,1226.101047359223,70185
3777,4.5,18,1230.601047359223,70203
3778,1.0,21,1231.601047359223,70224
3779,6.0,23,1237.601047359223,70247
3780,6.0,16,1243.601047359223,70263
3781,6.366666666666665,55,1249.9677140258896,70318
3782,11.166666666666666,22,1261.1343806925563,70340
3783,1.8888888888888888,23,1263.0232695814452,70363
3784,1.0,12,1264.0232695814452,70375
3785,8.333333333333332,28,1272.3566029147785,70403
3786,2.0,8,1274.3566029147785,70411
3787,-5.75,42,1268.6066029147785,70453
3788,0.75,19,1269.3566029147785,70472
3789,-5.4,27,1263.9566029147784,70499
3790,-0.3333333333333333,20,1263.6232695814451,70519
3791,1.0,24,1264.6232695814451,70543
3792,3.0,23,1267.6232695814451,70566
3793,1.3333333333333328,41,1268.9566029147784,70607
3794,9.5,42,1278.4566029147784,70649
3795,6.333333333333334,12,1284.7899362481116,70661
3796,-3.0,5,1281.7899362481116,70666
3797,4.75,35,1286.5399362481116,70701
3798,2.4333333333333336,40,1288.973269581445,70741
3799,-2.4,7,1286.573269581445,70748
3800,1.0,6,1287.573269581445,70754
3801,-7.666666666666667,33,1279.9066029147782,70787
3802,-0.5,8,1279.4066029147782,70795
3803,-5.15,26,1274.2566029147781,70821
3804,-3.0,25,1271.2566029147781,70846
3805,-2.0,9,1269.2566029147781,70855
3806,-12.916666666666666,25,1256.3399362481114,70880
3807,3.5,25,1259.8399362481114,70905
3808,3.0,10,1262.8399362481114,70915
3809,5.5,12,1268.3399362481114,70927
3810,0.0,8,1268.3399362481114,70935
3811,-2.5,14,1265.8399362481114,70949
3812,2.433333333333333,57,1268.2732695814448,71006
3813,1.0,10,1269.2732695814448,71016
3814,3.0,12,1272.2732695814448,71028
3815,-2.0,18,1270.2732695814448,71046
3816,-2.0,25,1268.2732695814448,71071
3817,-0.5,38,1267.7732695814448,71109
3818,-5.5,32,1262.2732695814448,71141
3819,0.0,12,1262.2732695814448,71153
3820,-10.042857142857143,31,1252.2304124385876,71184
3821,-1.5,20,1250.7304124385876,71204
3822,3.5,14,1254.2304124385876,71218
3823,-11.333333333333334,43,1242.8970791052543,71261
3824,0.75,18,1243.6470791052543,71279
3825,-0.6666666666666665,36,1242.9804124385876,71315
3826,-1.0,19,1241.9804124385876,71334
3827,-2.0,22,1239.9804124385876,71356
3828,-2.5,15,1237.4804124385876,71371
3829,2.3333333333333335,7,1239.8137457719208,71378
3830,3.5333333333333337,20,1243.3470791052541,71398
3831,-8.25,23,1235.0970791052541,71421
3832,3.2,9,1238.2970791052542,71430
3833,1.333333333333334,21,1239.6304124385874,71451
3834,7.0,31,1246.6304124385874,71482
3835,-2.0,9,1244.6304124385874,71491
3836,0.6666666666666665,11,1245.2970791052542,71502
3837,5.5,33,1250.7970791052542,71535
3838,5.0,21,1255.7970791052542,71556
3839,5.833333333333334,7,1261.6304124385874,71563
3840,3.0,11,1264.6304124385874,71574
3841,6.333333333333334,21,1270.9637457719207,71595
3842,3.0,12,1273.9637457719207,71607
3843,2.0,4,1275.9637457719207,71611
3844,1.75,17,1277.7137457719207,71628
3845,5.0,34,1282.7137457719207,71662
3846,9.866666666666667,38,1292.5804124385872,71700
3847,-2.0,29,1290.5804124385872,71729
3848,5.0,10,1295.5804124385872,71739
3849,11.0,18,1306.5804124385872,71757
3850,3.0,27,1309.5804124385872,71784
3851,1.0454545454545454,26,1310.6258669840417,71810
3852,0.0,9,1310.6258669840417,71819
3853,3.6666666666666665,23,1314.2925336507085,71842
3854,2.666666666666666,49,1316.9592003173752,71891
3855,0.0,8,1316.9592003173752,71899
3856,-1.0,19,1315.9592003173752,71918
3857,-9.4,29,1306.5592003173751,71947
3858,-2.25,9,1304.3092003173751,71956
3859,1.75,11,1306.0592003173751,71967
3860,0.4166666666666663,44,1306.4758669840419,72011
3861,-3.333333333333333,27,1303.1425336507086,72038
3862,-1.1666666666666667,39,1301.9758669840419,72077
3863,1.125,16,1303.1008669840419,72093
3864,1.0,9,1304.1008669840419,72102
3865,-7.9,21,1296.2008669840418,72123
3866,0.833333333333333,9,1297.034200317375,72132
3867,-8.583333333333334,19,1288.4508669840418,72151
3868,-0.75,11,1287.7008669840418,72162
3869,0.6666666666666665,13,1288.3675336507085,72175
3870,-2.0,11,1286.3675336507085,72186
3871,2.75,14,1289.1175336507085,72200
3872,-2.0,6,1287.1175336507085,72206
3873,-12.333333333333334,43,1274.7842003173753,72249
3874,-3.0,23,1271.7842003173753,72272
3875,-5.8,33,1265.9842003173753,72305
3876,4.166666666666667,26,1270.150866984042,72331
3877,7.0,16,1277.150866984042,72347
3878,5.0,38,1282.150866984042,72385
3879,6.0,24,1288.150866984042,72409
3880,2.6,18,1290.750866984042,72427
3881,2.8333333333333335,29,1293.5842003173752,72456
3882,-3.666666666666667,28,1289.9175336507085,72484
3883,-1.0,24,1288.9175336507085,72508
3884,9.0,30,1297.9175336507085,72538
3885,0.0,21,1297.9175336507085,72559
3886,1.0,24,1298.9175336507085,72583
3887,6.583333333333333,28,1305.5008669840417,72611
3888,3.0,10,1308.5008669840417,72621
3889,4.0,34,1312.5008669840417,72655
3890,2.3499999999999996,21,1314.8508669840417,72676
3891,-6.25,21,1308.6008669840417,72697
3892,2.5999999999999996,26,1311.2008669840416,72723
3893,3.0,10,1314.2008669840416,72733
3894,2.0,14,1316.2008669840416,72747
3895,1.5,23,1317.7008669840416,72770
3896,3.5,20,1321.2008669840416,72790
3897,5.5,52,1326.7008669840416,72842
3898,-4.0,12,1322.7008669840416,72854
3899,0.5,22,1323.2008669840416,72876
3900,7.333333333333334,24,1330.5342003173748,72900
3901,5.416666666666667,27,1335.9508669840416,72927
3902,8.5,21,1344.4508669840416,72948
3903,-1.0,6,1343.4508669840416,72954
3904,-4.0,21,1339.4508669840416,72975
3905,-2.0,41,1337.4508669840416,73016
3906,2.0,16,1339.4508669840416,73032
3907,-3.6571428571428575,11,1335.7937241268987,73043
3908,2.666666666666667,23,1338.4603907935655,73066
3909,0.5,43,1338.9603907935655,73109
3910,1.0,6,1339.9603907935655,73115
3911,0.0,2,1339.9603907935655,73117
3912,-1.0,11,1338.9603907935655,73128
3913,-1.1212121212121215,25,1337.8391786723535,73153
3914,5.0,18,1342.8391786723535,73171
3915,4.0,18,1346.8391786723535,73189
3916,0.0,12,1346.8391786723535,73201
3917,0.0,2,1346.8391786723535,73203
3918,1.5,6,1348.3391786723535,73209
3919,4.0,11,1352.3391786723535,73220
3920,3.0,24,1355.3391786723535,73244
3921,1.0,11,1356.3391786723535,73255
3922,-1.5954545454545455,23,1354.743724126899,73278
3923,-1.05,12,1353.693724126899,73290
3924,-4.571428571428571,19,1349.1222955554704,73309
3925,0.5000000000000001,18,1349.6222955554704,73327
3926,1.3666666666666667,27,1350.988962222137,73354
3927,1.0,5,1351.988962222137,73359
3928,2.5,8,1354.488962222137,73367
3929,-0.33333333333333326,22,1354.1556288888037,73389
3930,0.0,2,1354.1556288888037,73391
3931,0.0,2,1354.1556288888037,73393
3932,-1.3333333333333335,4,1352.8222955554704,73397
3933,-1.6,8,1351.2222955554705,73405
3934,-3.333333333333333,11,1347.8889622221373,73416
3935,1.25,18,1349.1389622221373,73434
3936,-5.0,6,1344.1389622221373,73440
3937,0.0,11,1344.1389622221373,73451
3938,-1.0,10,1343.1389622221373,73461
3939,0.0,4,1343.1389622221373,73465
3940,-3.0,6,1340.1389622221373,73471
3941,3.0,14,1343.1389622221373,73485
3942,6.2,12,1349.3389622221373,73497
3943,-0.5,15,1348.8389622221373,73512
3944,-0.5,7,1348.3389622221373,73519
3945,1.4285714285714286,9,1349.7675336507086,73528
3946,-2.9714285714285715,29,1346.79610507928,73557
3947,-2.0,11,1344.79610507928,73568
3948,0.0,2,1344.79610507928,73570
3949,0.0,2,1344.79610507928,73572
3950,3.5,11,1348.29610507928,73583
3951,-1.3333333333333333,22,1346.9627717459468,73605
3952,0.0,6,1346.9627717459468,73611
3953,1.0,3,1347.9627717459468,73614
3954,2.5,8,1350.4627717459468,73622
3955,-3.1904761904761902,49,1347.2722955554707,73671
3956,1.6999999999999993,27,1348.9722955554707,73698
3957,-3.3,17,1345.6722955554708,73715
3958,-5.4,33,1340.2722955554707,73748
3959,-8.0,29,1332.2722955554707,73777
3960,-7.0,15,1325.2722955554707,73792
3961,2.166666666666667,41,1327.4389622221374,73833
3962,-8.857142857142858,15,1318.5818193649945,73848
3963,-2.0,6,1316.5818193649945,73854
3964,1.1428571428571428,4,1317.7246765078517,73858
3965,1.1428571428571428,4,1318.8675336507088,73862
3966,-5.7,23,1313.1675336507087,73885
3967,-0.5,31,1312.6675336507087,73916
3968,1.0,15,1313.6675336507087,73931
3969,1.1666666666666665,34,1314.8342003173755,73965
3970,-8.6,47,1306.2342003173756,74012
3971,-4.666666666666667,28,1301.5675336507088,74040
3972,-1.0,11,1300.5675336507088,74051
3973,6.75,37,1307.3175336507088,74088
3974,2.0,20,1309.3175336507088,74108
3975,3.0,22,1312.3175336507088,74130
3976,-0.23333333333333317,38,1312.0842003173755,74168
3977,-0.4,14,1311.6842003173754,74182
3978,-3.666666666666667,21,1308.0175336507086,74203
3979,-5.333333333333334,15,1302.6842003173754,74218
3980,1.0,10,1303.6842003173754,74228
3981,-0.3999999999999999,11,1303.2842003173753,74239
3982,1.3111111111111113,26,1304.5953114284864,74265
3983,-2.166666666666668,31,1302.4286447618197,74296
3984,2.25,55,1304.6786447618197,74351
3985,4.0,27,1308.6786447618197,74378
3986,0.0,11,1308.6786447618197,74389
3987,2.0,10,1310.6786447618197,74399
3988,2.8333333333333335,19,1313.511978095153,74418
3989,2.0,8,1315.511978095153,74426
3990,0.0,10,1315.511978095153,74436
3991,0.0,1,1315.511978095153,74437
3992,-2.0,7,1313.511978095153,74444
3993,-3.0,12,1310.511978095153,74456
3994,4.5,16,1315.011978095153,74472
3995,4.0,15,1319.011978095153,74487
3996,0.0,19,1319.011978095153,74506
3997,-4.333333333333334,10,1314.6786447618197,74516
3998,8.0,10,1322.6786447618197,74526
3999,-2.0,3,1320.6786447618197,74529
4000,-1.0,3,1319.6786447618197,74532
4001,-6.8,19,1312.8786447618197,74551
4002,0.0,7,1312.8786447618197,74558
4003,0.3333333333333333,9,1313.211978095153,74567
4004,3.4166666666666665,24,1316.6286447618197,74591
4005,1.0,8,1317.6286447618197,74599
4006,-2.0,7,1315.6286447618197,74606
4007,1.0,7,1316.6286447618197,74613
4008,-1.0,8,1315.6286447618197,74621
4009,-2.0,10,1313.6286447618197,74631
4010,0.0,4,1313.6286447618197,74635
4011,3.0,16,1316.6286447618197,74651
4012,-1.75,16,1314.8786447618197,74667
4013,7.799999999999999,18,1322.6786447618197,74685
4014,4.1,24,1326.7786447618196,74709
4015,4.0,11,1330.7786447618196,74720
4016,4.0,8,1334.7786447618196,74728
4017,4.0,14,1338.7786447618196,74742
4018,-1.0,5,1337.7786447618196,74747
4019,-3.0,7,1334.7786447618196,74754
4020,-1.0,5,1333.7786447618196,74759
4021,-1.3333333333333333,6,1332.4453114284863,74765
4022,-3.4,14,1329.0453114284862,74779
4023,2.0,6,1331.0453114284862,74785
4024,1.0,4,1332.0453114284862,74789
4025,2.666666666666666,21,1334.711978095153,74810
4026,-7.0,21,1327.711978095153,74831
4027,7.1,27,1334.8119780951529,74858
4028,-2.0,5,1332.8119780951529,74863
4029,2.5,7,1335.3119780951529,74870
4030,3.5,13,1338.8119780951529,74883
4031,1.0,18,1339.8119780951529,74901
4032,-0.5,6,1339.3119780951529,74907
4033,2.0,21,1341.3119780951529,74928
4034,1.0,8,1342.3119780951529,74936
4035,3.0,25,1345.3119780951529,74961
4036,1.1333333333333333,17,1346.4453114284863,74978
4037,-1.0,8,1345.4453114284863,74986
4038,4.0,8,1349.4453114284863,74994
4039,-3.8,11,1345.6453114284864,75005
4040,2.25,2,1347.8953114284864,75007
4041,1.0,6,1348.8953114284864,75013
4042,0.0,24,1348.8953114284864,75037
4043,-2.107142857142857,22,1346.7881685713435,75059
4044,-2.6,40,1344.1881685713436,75099
4045,2.0,9,1346.1881685713436,75108
4046,0.0,1,1346.1881685713436,75109
4047,0.0,5,1346.1881685713436,75114
4048,5.0,15,1351.1881685713436,75129
4049,-2.5,19,1348.6881685713436,75148
4050,4.0,10,1352.6881685713436,75158
4051,-2.0,10,1350.6881685713436,75168
4052,3.0,10,1353.6881685713436,75178
4053,4.75,44,1358.4381685713436,75222
4054,-1.0,16,1357.4381685713436,75238
4055,6.833333333333333,26,1364.2715019046768,75264
4056,-2.5,6,1361.7715019046768,75270
4057,-1.0,5,1360.7715019046768,75275
4058,0.0,3,1360.7715019046768,75278
4059,4.2,5,1364.9715019046769,75283
4060,0.19999999999999996,23,1365.171501904677,75306
4061,0.0,5,1365.171501904677,75311
4062,0.0,14,1365.171501904677,75325
4063,0.0,5,1365.171501904677,75330
4064,-1.0,8,1364.171501904677,75338
4065,-5.0,6,1359.171501904677,75344
4066,-0.5,18,1358.671501904677,75362
4067,2.0,13,1360.671501904677,75375
4068,1.0,5,1361.671501904677,75380
4069,2.75,9,1364.421501904677,75389
4070,0.0,7,1364.421501904677,75396
4071,-3.1666666666666665,9,1361.2548352380102,75405
4072,-2.966666666666667,31,1358.2881685713435,75436
4073,4.0,20,1362.2881685713435,75456
4074,-1.0,11,1361.2881685713435,75467
4075,-2.5,17,1358.7881685713435,75484
4076,-1.5,36,1357.2881685713435,75520
4077,0.0,1,1357.2881685713435,75521
4078,-1.0,8,1356.2881685713435,75529
4079,-6.333333333333334,9,1349.9548352380102,75538
4080,-6.875,26,1343.0798352380102,75564
4081,-3.0,2,1340.0798352380102,75566
4082,0.0,5,1340.0798352380102,75571
4083,0.0,8,1340.0798352380102,75579
4084,0.0,3,1340.0798352380102,75582
4085,-1.5,12,1338.5798352380102,75594
4086,2.2,42,1340.7798352380103,75636
4087,3.0,16,1343.7798352380103,75652
4088,5.0,8,1348.7798352380103,75660
4089,0.0,10,1348.7798352380103,75670
4090,-3.0,24,1345.7798352380103,75694
4091,-2.0,9,1343.7798352380103,75703
4092,-4.0,15,1339.7798352380103,75718
4093,-3.0,8,1336.7798352380103,75726
4094,2.0,7,1338.7798352380103,75733
4095,0.8666666666666669,33,1339.6465019046768,75766
4096,6.5,23,1346.1465019046768,75789
4097,-5.0,19,1341.1465019046768,75808
4098,0.5,15,1341.6465019046768,75823
4099,3.0,4,1344.6465019046768,75827
4100,-0.46666666666666656,18,1344.1798352380101,75845
4101,5.0,20,1349.1798352380101,75865
4102,-1.0,4,1348.1798352380101,75869
4103,-4.111111111111111,11,1344.068724126899,75880
4104,-4.5,35,1339.568724126899,75915
4105,-2.0,7,1337.568724126899,75922
4106,-2.0,10,1335.568724126899,75932
4107,0.0,7,1335.568724126899,75939
4108,0.0,6,1335.568724126899,75945
4109,1.0,9,1336.568724126899,75954
4110,-1.3333333333333333,16,1335.2353907935658,75970
4111,-2.0,3,1333.2353907935658,75973
4112,-1.0,8,1332.2353907935658,75981
4113,-2.0,17,1330.2353907935658,75998
4114,7.25,23,1337.4853907935658,76021
4115,-2.0,11,1335.4853907935658,76032
4116,1.0,13,1336.4853907935658,76045
4117,14.1,48,1350.5853907935657,76093
4118,2.0,3,1352.5853907935657,76096
4119,6.711111111111111,41,1359.296501904677,76137
4120,-2.7142857142857144,27,1356.5822161903911,76164
4121,-2.0,19,1354.5822161903911,76183
4122,2.333333333333333,26,1356.9155495237244,76209
4123,2.0,6,1358.9155495237244,76215
4124,3.9916666666666663,37,1362.907216190391,76252
4125,-1.0,5,1361.907216190391,76257
4126,2.0666666666666664,43,1363.9738828570576,76300
4127,0.0,3,1363.9738828570576,76303
4128,2.933333333333333,17,1366.907216190391,76320
4129,3.3333333333333335,18,1370.2405495237242,76338
4130,-1.5,21,1368.7405495237242,76359
4131,-1.6666666666666667,13,1367.0738828570575,76372
4132,-3.0,6,1364.0738828570575,76378
4133,3.2,14,1367.2738828570575,76392
4134,-1.4,27,1365.8738828570574,76419
4135,1.0,5,1366.8738828570574,76424
4136,1.0,4,1367.8738828570574,76428
4137,-8.309523809523808,19,1359.5643590475336,76447
4138,8.0,9,1367.5643590475336,76456
4139,12.333333333333334,12,1379.8976923808668,76468
4140,7.375,16,1387.2726923808668,76484
4141,-3.8333333333333335,20,1383.4393590475336,76504
4142,-1.1111111111111107,33,1382.3282479364225,76537
4143,0.733333333333333,39,1383.0615812697558,76576
4144,9.016666666666667,57,1392.0782479364225,76633
4145,-2.0,16,1390.0782479364225,76649
4146,-0.25,6,1389.8282479364225,76655
4147,0.0,1,1389.8282479364225,76656
4148,2.5,15,1392.3282479364225,76671
4149,-6.0,6,1386.3282479364225,76677
4150,3.066666666666667,21,1389.394914603089,76698
4151,4.0,12,1393.394914603089,76710
4152,3.2888888888888888,33,1396.6838034919779,76743
4153,2.5,28,1399.1838034919779,76771
4154,-1.121212121212121,13,1398.0625913707659,76784
4155,4.0,13,1402.0625913707659,76797
4156,-3.1538461538461537,21,1398.9087452169197,76818
4157,-4.5,20,1394.4087452169197,76838
4158,5.0,17,1399.4087452169197,76855
4159,0.0,11,1399.4087452169197,76866
4160,1.0,6,1400.4087452169197,76872
4161,-1.0,1,1399.4087452169197,76873
4162,-2.0,2,1397.4087452169197,76875
4163,0.0,5,1397.4087452169197,76880
4164,1.3333333333333333,29,1398.742078550253,76909
4165,-0.25,8,1398.492078550253,76917
4166,-1.5,11,1396.992078550253,76928
4167,2.25,3,1399.242078550253,76931
4168,8.0,12,1407.242078550253,76943
4169,2.0,4,1409.242078550253,76947
4170,-1.0,5,1408.242078550253,76952
4171,0.0,6,1408.242078550253,76958
4172,-0.4411764705882353,23,1407.8009020796646,76981
4173,-0.5,12,1407.3009020796646,76993
4174,-1.0,17,1406.3009020796646,77010
4175,-2.0,10,1404.3009020796646,77020
4176,-8.666666666666668,30,1395.634235412998,77050
4177,-3.0,12,1392.634235412998,77062
4178,6.645454545454545,31,1399.2796899584525,77093
4179,1.6428571428571428,14,1400.9225471013096,77107
4180,1.2333333333333332,26,1402.155880434643,77133
4181,-4.0,22,1398.155880434643,77155
4182,3.0,8,1401.155880434643,77163
4183,3.0,13,1404.155880434643,77176
4184,-2.4285714285714284,15,1401.7273090060717,77191
4185,-2.0,7,1399.7273090060717,77198
4186,-5.0,9,1394.7273090060717,77207
4187,5.0,13,1399.7273090060717,77220
4188,-2.3333333333333335,14,1397.3939756727384,77234
4189,-0.37142857142857144,14,1397.0225471013098,77248
4190,-1.0,28,1396.0225471013098,77276
4191,-1.0,13,1395.0225471013098,77289
4192,0.9619047619047618,31,1395.9844518632146,77320
4193,2.0,9,1397.9844518632146,77329
4194,10.0,15,1407.9844518632146,77344
4195,1.5,19,1409.4844518632146,77363
4196,0.0,9,1409.4844518632146,77372
4197,0.0,21,1409.4844518632146,77393
4198,-3.3,34,1406.1844518632147,77427
4199,8.166666666666668,22,1414.3511185298814,77449
4200,0.3333333333333333,5,1414.6844518632147,77454
4201,1.5,25,1416.1844518632147,77479
4202,-2.0,1,1414.1844518632147,77480
4203,1.0,1,1415.1844518632147,77481
4204,0.16666666666666607,29,1415.3511185298814,77510
4205,2.0,9,1417.3511185298814,77519
4206,-3.0,8,1414.3511185298814,77527
4207,-3.0,6,1411.3511185298814,77533
4208,0.0,1,1411.3511185298814,77534
4209,0.0,10,1411.3511185298814,77544
4210,-1.6666666666666667,14,1409.6844518632147,77558
4211,0.0,25,1409.6844518632147,77583
4212,-1.8888888888888893,16,1407.7955629743258,77599
4213,-3.0,11,1404.7955629743258,77610
4214,-1.6666666666666667,16,1403.128896307659,77626
4215,-3.7333333333333334,6,1399.3955629743257,77632
4216,1.0,9,1400.3955629743257,77641
4217,1.3333333333333335,19,1401.728896307659,77660
4218,0.6428571428571428,13,1402.371753450516,77673
4219,0.0,6,1402.371753450516,77679
4220,-2.5,8,1399.871753450516,77687
4221,-0.5,43,1399.371753450516,77730
4222,-2.0,20,1397.371753450516,77750
4223,-4.595238095238095,38,1392.776515355278,77788
4224,1.0,16,1393.776515355278,77804
4225,-2.0,6,1391.776515355278,77810
4226,0.0,13,1391.776515355278,77823
4227,0.0,3,1391.776515355278,77826
4228,1.0,7,1392.776515355278,77833
4229,1.5,23,1394.276515355278,77856
4230,2.1428571428571423,20,1396.419372498135,77876
4231,-1.0,6,1395.419372498135,77882
4232,0.0,3,1395.419372498135,77885
4233,1.0,4,1396.419372498135,77889
4234,-1.5357142857142856,27,1394.8836582124209,77916
4235,4.5,19,1399.3836582124209,77935
4236,3.0,3,1402.3836582124209,77938
4237,2.0,4,1404.3836582124209,77942
4238,-3.0,17,1401.3836582124209,77959
4239,2.2254901960784315,22,1403.6091484084993,77981
4240,0.0,9,1403.6091484084993,77990
4241,-1.1,14,1402.5091484084994,78004
4242,-4.4,11,1398.1091484084993,78015
4243,0.0,6,1398.1091484084993,78021
4244,5.5,11,1403.6091484084993,78032
4245,0.0,3,1403.6091484084993,78035
4246,1.6,8,1405.2091484084992,78043
4247,1.0333333333333332,17,1406.2424817418325,78060
4248,0.0,1,1406.2424817418325,78061
4249,1.0,9,1407.2424817418325,78070
4250,-1.0,5,1406.2424817418325,78075
4251,-0.5,3,1405.7424817418325,78078
4252,0.0,3,1405.7424817418325,78081
4253,0.0,20,1405.7424817418325,78101
4254,0.8333333333333333,19,1406.5758150751658,78120
4255,-6.583333333333334,26,1399.9924817418325,78146
4256,-1.5714285714285714,8,1398.4210531704039,78154
4257,-5.0,23,1393.4210531704039,78177
4258,-4.5,24,1388.9210531704039,78201
4259,4.0,8,1392.9210531704039,78209
4260,1.6666666666666665,6,1394.5877198370706,78215
4261,-3.5,17,1391.0877198370706,78232
4262,1.0,2,1392.0877198370706,78234
4263,0.0,2,1392.0877198370706,78236
4264,-4.583333333333333,24,1387.5043865037374,78260
4265,-3.0,11,1384.5043865037374,78271
4266,-10.041666666666668,16,1374.4627198370706,78287
4267,-9.5,20,1364.9627198370706,78307
4268,0.2,9,1365.1627198370707,78316
4269,-2.0,10,1363.1627198370707,78326
4270,-0.26086956521739113,10,1362.9018502718532,78336
4271,7.333333333333334,28,1370.2351836051864,78364
4272,1.0,1,1371.2351836051864,78365
4273,0.0,6,1371.2351836051864,78371
4274,-2.0,6,1369.2351836051864,78377
4275,0.0,6,1369.2351836051864,78383
4276,-2.5,10,1366.7351836051864,78393
4277,2.5,23,1369.2351836051864,78416
4278,-6.0,11,1363.2351836051864,78427
4279,5.0,9,1368.2351836051864,78436
4280,6.5,12,1374.7351836051864,78448
4281,0.0,2,1374.7351836051864,78450
4282,-4.333333333333334,3,1370.4018502718532,78453
4283,0.0,4,1370.4018502718532,78457
4284,-1.9714285714285715,8,1368.4304217004246,78465
4285,6.444444444444444,24,1374.874866144869,78489
4286,0.4285714285714288,43,1375.3034375734403,78532
4287,-2.333333333333333,18,1372.970104240107,78550
4288,1.0,20,1373.970104240107,78570
4289,-1.25,15,1372.720104240107,78585
4290,-0.2999999999999998,33,1372.420104240107,78618
4291,6.0,19,1378.420104240107,78637
4292,-3.333333333333333,12,1375.0867709067738,78649
4293,6.333333333333334,15,1381.420104240107,78664
4294,-8.333333333333332,26,1373.0867709067738,78690
4295,-5.0,11,1368.0867709067738,78701
4296,2.2,18,1370.2867709067739,78719
4297,2.5,9,1372.7867709067739,78728
4298,4.0,16,1376.7867709067739,78744
4299,4.666666666666666,16,1381.4534375734406,78760
4300,-0.8333333333333335,15,1380.6201042401074,78775
4301,-2.0,7,1378.6201042401074,78782
4302,-9.1,38,1369.5201042401075,78820
4303,1.0,2,1370.5201042401075,78822
4304,-2.0,16,1368.5201042401075,78838
4305,-3.0,25,1365.5201042401075,78863
4306,-4.0,24,1361.5201042401075,78887
4307,-9.666666666666666,33,1351.8534375734407,78920
4308,-1.4545454545454546,22,1350.3988921188952,78942
4309,-0.7999999999999998,43,1349.5988921188953,78985
4310,4.0,26,1353.5988921188953,79011
4311,3.0,11,1356.5988921188953,79022
4312,0.0,9,1356.5988921188953,79031
4313,3.833333333333334,35,1360.4322254522285,79066
4314,-10.333333333333334,33,1350.0988921188953,79099
4315,3.0,10,1353.0988921188953,79109
4316,-0.8571428571428572,18,1352.2417492617524,79127
4317,-1.0,9,1351.2417492617524,79136
4318,1.0,14,1352.2417492617524,79150
4319,0.3333333333333333,6,1352.5750825950856,79156
4320,1.0,15,1353.5750825950856,79171
4321,-2.5,18,1351.0750825950856,79189
4322,1.0,7,1352.0750825950856,79196
4323,1.0,6,1353.0750825950856,79202
4324,0.0,3,1353.0750825950856,79205
4325,-1.0,10,1352.0750825950856,79215
4326,0.0,1,1352.0750825950856,79216
4327,0.0,1,1352.0750825950856,79217
4328,-1.0,10,1351.0750825950856,79227
4329,0.0,18,1351.0750825950856,79245
4330,0.0,3,1351.0750825950856,79248
4331,7.833333333333334,46,1358.908415928419,79294
4332,2.0,5,1360.908415928419,79299
4333,2.0,7,1362.908415928419,79306
4334,-2.0,9,1360.908415928419,79315
4335,-5.166666666666666,24,1355.7417492617521,79339
4336,2.333333333333333,25,1358.0750825950854,79364
4337,-2.7,26,1355.3750825950854,79390
4338,4.0,14,1359.3750825950854,79404
4339,-1.5714285714285714,6,1357.8036540236567,79410
4340,-0.5714285714285714,7,1357.232225452228,79417
4341,4.878787878787879,19,1362.111013331016,79436
4342,-1.25,17,1360.861013331016,79453
4343,1.0,12,1361.861013331016,79465
4344,1.6,9,1363.461013331016,79474
4345,3.142857142857143,12,1366.603870473873,79486
4346,-3.0,11,1363.603870473873,79497
4347,-2.0,4,1361.603870473873,79501
4348,2.833333333333333,22,1364.4372038072063,79523
4349,-1.0,7,1363.4372038072063,79530
4350,-0.6666666666666667,6,1362.7705371405395,79536
4351,-2.0,13,1360.7705371405395,79549
4352,3.142857142857143,10,1363.9133942833967,79559
4353,-1.5,12,1362.4133942833967,79571
4354,-1.0,9,1361.4133942833967,79580
4355,0.0,1,1361.4133942833967,79581
4356,-2.3333333333333335,6,1359.0800609500634,79587
4357,-1.0,7,1358.0800609500634,79594
4358,3.1666666666666665,8,1361.2467276167301,79602
4359,0.20000000000000018,9,1361.4467276167302,79611
4360,0.0,7,1361.4467276167302,79618
4361,1.75,10,1363.1967276167302,79628
4362,-3.1777777777777776,12,1360.0189498389525,79640
4363,-2.0,4,1358.0189498389525,79644
4364,2.0,6,1360.0189498389525,79650
4365,2.2,10,1362.2189498389525,79660
4366,5.0,6,1367.2189498389525,79666
4367,4.0,5,1371.2189498389525,79671
4368,-3.0,5,1368.2189498389525,79676
4369,1.5,9,1369.7189498389525,79685
4370,-4.571428571428571,10,1365.1475212675239,79695
4371,-2.0,7,1363.1475212675239,79702
4372,2.0,6,1365.1475212675239,79708
4373,0.0,1,1365.1475212675239,79709
4374,1.0,15,1366.1475212675239,79724
4375,1.0,6,1367.1475212675239,79730
4376,2.5,20,1369.6475212675239,79750
4377,4.0,13,1373.6475212675239,79763
4378,2.666666666666667,13,1376.3141879341906,79776
4379,-3.0,2,1373.3141879341906,79778
4380,0.0,4,1373.3141879341906,79782
4381,-1.5,19,1371.8141879341906,79801
4382,-3.0,4,1368.8141879341906,79805
4383,2.0,3,1370.8141879341906,79808
4384,0.0,14,1370.8141879341906,79822
4385,-4.5,5,1366.3141879341906,79827
4386,0.0,6,1366.3141879341906,79833
4387,0.0,11,1366.3141879341906,79844
4388,-4.5,5,1361.8141879341906,79849
4389,7.7,11,1369.5141879341907,79860
4390,-3.0,3,1366.5141879341907,79863
4391,-5.5,14,1361.0141879341907,79877
4392,0.0,8,1361.0141879341907,79885
4393,-3.0,7,1358.0141879341907,79892
4394,3.0,3,1361.0141879341907,79895
4395,1.0,2,1362.0141879341907,79897
4396,1.7000000000000002,17,1363.7141879341907,79914
4397,6.199999999999999,13,1369.9141879341907,79927
4398,-1.0,2,1368.9141879341907,79929
4399,1.0,2,1369.9141879341907,79931
4400,2.6,32,1372.5141879341907,79963
4401,0.0,6,1372.5141879341907,79969
4402,-2.4,20,1370.1141879341906,79989
4403,2.0,4,1372.1141879341906,79993
4404,5.0,7,1377.1141879341906,80000
4405,-2.0,7,1375.1141879341906,80007
4406,0.0,6,1375.1141879341906,80013
4407,0.2666666666666666,21,1375.3808546008572,80034
4408,0.20000000000000018,17,1375.5808546008573,80051
4409,2.5999999999999996,9,1378.1808546008572,80060
4410,-0.8214285714285714,10,1377.3594260294285,80070
4411,1.0,1,1378.3594260294285,80071
4412,0.0,4,1378.3594260294285,80075
4413,2.5,10,1380.8594260294285,80085
4414,2.0,9,1382.8594260294285,80094
4415,-1.791666666666667,40,1381.0677593627618,80134
4416,2.0,6,1383.0677593627618,80140
4417,0,0,1383.0677593627618,80140
4418,0,0,1383.0677593627618,80140
4419,0,0,1383.0677593627618,80140
4420,0.0,5,1383.0677593627618,80145
4421,0.0,5,1383.0677593627618,80150
4422,-2.5,9,1380.5677593627618,80159
4423,3.0,13,1383.5677593627618,80172
4424,-0.14285714285714285,9,1383.4249022199047,80181
4425,-1.0,3,1382.4249022199047,80184
4426,1.0,8,1383.4249022199047,80192
4427,-1.0,5,1382.4249022199047,80197
4428,0.0,4,1382.4249022199047,80201
4429,0.0,8,1382.4249022199047,80209
4430,0,0,1382.4249022199047,80209
4431,0,0,1382.4249022199047,80209
4432,0,0,1382.4249022199047,80209
4433,0.0,4,1382.4249022199047,80213
4434,1.3333333333333333,4,1383.758235553238,80217
4435,1.0,1,1384.758235553238,80218
4436,2.0,4,1386.758235553238,80222
4437,2.6666666666666665,8,1389.4249022199047,80230
4438,0.0,6,1389.4249022199047,80236
4439,-5.0,6,1384.4249022199047,80242
4440,0.0,4,1384.4249022199047,80246
4441,0.0,4,1384.4249022199047,80250
4442,3.9166666666666674,10,1388.3415688865714,80260
4443,3.0,12,1391.3415688865714,80272
4444,2.220446049250313e-16,24,1391.3415688865714,80296
4445,-12.0,9,1379.3415688865714,80305
4446,-3.6666666666666665,11,1375.6749022199047,80316
4447,-2.25,13,1373.4249022199047,80329
4448,0,0,1373.4249022199047,80329
4449,0,0,1373.4249022199047,80329
4450,0,0,1373.4249022199047,80329
4451,2.2,7,1375.6249022199047,80336
4452,0.5,7,1376.1249022199047,80343
4453,-1.0,14,1375.1249022199047,80357
4454,-3.0,7,1372.1249022199047,80364
4455,11.928571428571429,17,1384.053473648476,80381
4456,-1.0,5,1383.053473648476,80386
4457,0.0,3,1383.053473648476,80389
4458,-3.0,5,1380.053473648476,80394
4459,1.0,11,1381.053473648476,80405
4460,1.5,23,1382.553473648476,80428
4461,1.0,3,1383.553473648476,80431
4462,2.5,10,1386.053473648476,80441
4463,-3.0,9,1383.053473648476,80450
4464,1.0,8,1384.053473648476,80458
4465,-3.238095238095238,11,1380.8153784103808,80469
4466,-4.0,4,1376.8153784103808,80473
4467,-3.4428571428571426,16,1373.3725212675238,80489
4468,-3.0,9,1370.3725212675238,80498
4469,-2.6666666666666665,8,1367.705854600857,80506
4470,-0.15000000000000036,15,1367.555854600857,80521
4471,-1.5,20,1366.055854600857,80541
4472,3.0,7,1369.055854600857,80548
4473,3.5,24,1372.555854600857,80572
4474,1.0,20,1373.555854600857,80592
4475,-0.5,8,1373.055854600857,80600
4476,3.333333333333333,13,1376.3891879341902,80613
4477,1.2,9,1377.5891879341902,80622
4478,1.0,7,1378.5891879341902,80629
4479,-5.0,16,1373.5891879341902,80645
4480,2.0,8,1375.5891879341902,80653
4481,-2.4,24,1373.1891879341902,80677
4482,3.0,7,1376.1891879341902,80684
4483,-1.0,5,1375.1891879341902,80689
4484,-1.5,14,1373.6891879341902,80703
4485,0,0,1373.6891879341902,80703
4486,0,0,1373.6891879341902,80703
4487,0,0,1373.6891879341902,80703
4488,-9.4,17,1364.28918793419,80720
4489,2.0,15,1366.28918793419,80735
4490,0.6666666666666665,22,1366.9558546008568,80757
4491,-8.0,43,1358.9558546008568,80800
4492,3.333333333333333,33,1362.28918793419,80833
4493,2.5,6,1364.78918793419,80839
4494,0.0,4,1364.78918793419,80843
4495,-1.8214285714285712,17,1362.9677593627614,80860
4496,0.0,4,1362.9677593627614,80864
4497,-3.0,6,1359.9677593627614,80870
4498,2.428571428571429,17,1362.3963307913327,80887
4499,1.166666666666667,24,1363.5629974579995,80911
4500,0.0,13,1363.5629974579995,80924
4501,7.2,13,1370.7629974579995,80937
4502,0.0,1,1370.7629974579995,80938
4503,-1.0,8,1369.7629974579995,80946
4504,-1.0,6,1368.7629974579995,80952
4505,-13.4,24,1355.3629974579994,80976
4506,2.3666666666666667,16,1357.729664124666,80992
4507,-2.0,7,1355.729664124666,80999
4508,-1.4444444444444444,12,1354.2852196802216,81011
4509,1.0,9,1355.2852196802216,81020
4510,-0.7333333333333334,54,1354.5518863468883,81074
4511,-0.5,16,1354.0518863468883,81090
4512,-0.5,12,1353.5518863468883,81102
4513,0.0,8,1353.5518863468883,81110
4514,2.928571428571429,22,1356.4804577754596,81132
4515,3.0,15,1359.4804577754596,81147
4516,0,0,1359.4804577754596,81147
4517,0,0,1359.4804577754596,81147
4518,0,0,1359.4804577754596,81147
4519,-1.0,5,1358.4804577754596,81152
4520,-2.071428571428571,9,1356.409029204031,81161
4521,2.5,5,1358.909029204031,81166
4522,-2.3333333333333335,8,1356.5756958706977,81174
4523,-2.833333333333333,15,1353.7423625373644,81189
4524,-5.333333333333334,11,1348.4090292040312,81200
4525,-4.0,7,1344.4090292040312,81207
4526,0.8166666666666673,54,1345.2256958706978,81261
4527,0.0,24,1345.2256958706978,81285
4528,-2.0,6,1343.2256958706978,81291
4529,3.0,7,1346.2256958706978,81298
4530,2.5,5,1348.7256958706978,81303
4531,-3.0,15,1345.7256958706978,81318
4532,-0.8571428571428572,13,1344.868553013555,81331
4533,0.9642857142857144,29,1345.8328387278407,81360
4534,3.0,15,1348.8328387278407,81375
4535,7.592857142857142,23,1356.4256958706978,81398
4536,5.0,18,1361.4256958706978,81416
4537,5.0,18,1366.4256958706978,81434
4538,0.0,2,1366.4256958706978,81436
4539,-2.0,2,1364.4256958706978,81438
4540,-5.0,6,1359.4256958706978,81444
4541,0.0,2,1359.4256958706978,81446
4542,0.16666666666666669,9,1359.5923625373646,81455
4543,-1.0666666666666669,32,1358.525695870698,81487
4544,-3.0,3,1355.525695870698,81490
4545,-1.8333333333333333,12,1353.6923625373647,81502
4546,1.0,3,1354.6923625373647,81505
4547,-6.0,8,1348.6923625373647,81513
4548,-1.0,1,1347.6923625373647,81514
4549,-1.0,1,1346.6923625373647,81515
4550,-2.0,2,1344.6923625373647,81517
4551,1.0,1,1345.6923625373647,81518
4552,0.0,4,1345.6923625373647,81522
4553,5.666666666666666,7,1351.3590292040315,81529
4554,2.0,2,1353.3590292040315,81531
4555,-1.0,5,1352.3590292040315,81536
4556,0.0,7,1352.3590292040315,81543
4557,3.0,26,1355.3590292040315,81569
4558,3.5,9,1358.8590292040315,81578
4559,5.833333333333333,14,1364.6923625373647,81592
4560,-1.5,11,1363.1923625373647,81603
4561,4.0,7,1367.1923625373647,81610
4562,5.033333333333333,37,1372.225695870698,81647
4563,4.0,33,1376.225695870698,81680
4564,0.0,3,1376.225695870698,81683
4565,-2.1538461538461537,12,1374.0718497168518,81695
4566,0.0,10,1374.0718497168518,81705
4567,3.0,14,1377.0718497168518,81719
4568,4.166666666666666,26,1381.2385163835186,81745
4569,2.0,19,1383.2385163835186,81764
4570,3.0,21,1386.2385163835186,81785
4571,-2.0,6,1384.2385163835186,81791
4572,4.0,18,1388.2385163835186,81809
4573,-1.75,20,1386.4885163835186,81829
4574,-2.666666666666667,24,1383.8218497168518,81853
4575,-1.0,5,1382.8218497168518,81858
4576,1.0,33,1383.8218497168518,81891
4577,1.2000000000000002,12,1385.0218497168519,81903
4578,3.7,13,1388.721849716852,81916
4579,-3.0,11,1385.721849716852,81927
4580,-11.5,33,1374.221849716852,81960
4581,0.0,5,1374.221849716852,81965
4582,0.0,16,1374.221849716852,81981
4583,2.388888888888889,24,1376.6107386057408,82005
4584,0.0,11,1376.6107386057408,82016
4585,0.5,10,1377.1107386057408,82026
4586,-5.0,32,1372.1107386057408,82058
4587,1.8000000000000003,26,1373.9107386057408,82084
4588,-3.0,11,1370.9107386057408,82095
4589,-2.0,8,1368.9107386057408,82103
4590,1.463636363636363,34,1370.3743749693772,82137
4591,-3.0,13,1367.3743749693772,82150
4592,0.3333333333333335,17,1367.7077083027104,82167
4593,-1.0,16,1366.7077083027104,82183
4594,-7.0,11,1359.7077083027104,82194
4595,2.5,15,1362.2077083027104,82209
4596,2.5,37,1364.7077083027104,82246
4597,1.0,6,1365.7077083027104,82252
4598,-2.0,8,1363.7077083027104,82260
4599,-3.5,22,1360.2077083027104,82282
4600,0.5,21,1360.7077083027104,82303
4601,5.5,9,1366.2077083027104,82312
4602,-3.571428571428571,6,1362.6362797312818,82318
4603,-3.5,25,1359.1362797312818,82343
4604,-3.0,4,1356.1362797312818,82347
4605,0.0,2,1356.1362797312818,82349
4606,4.428571428571429,22,1360.564851159853,82371
4607,5.5,15,1366.064851159853,82386
4608,-1.0,4,1365.064851159853,82390
4609,6.0,18,1371.064851159853,82408
4610,5.333333333333333,18,1376.3981844931864,82426
4611,0.0,12,1376.3981844931864,82438
4612,-4.666666666666666,18,1371.7315178265196,82456
4613,-3.0,19,1368.7315178265196,82475
4614,-1.3,10,1367.4315178265197,82485
4615,-1.0,4,1366.4315178265197,82489
4616,-2.333333333333333,5,1364.0981844931864,82494
4617,-1.0,7,1363.0981844931864,82501
4618,-0.6666666666666666,6,1362.4315178265197,82507
4619,-2.0,1,1360.4315178265197,82508
4620,-1.75,5,1358.6815178265197,82513
4621,-5.0,20,1353.6815178265197,82533
4622,1.0,14,1354.6815178265197,82547
4623,0.0,4,1354.6815178265197,82551
4624,2.0,6,1356.6815178265197,82557
4625,-5.333333333333333,18,1351.3481844931864,82575
4626,-10.333333333333332,11,1341.0148511598532,82586
4627,4.666666666666666,27,1345.68151782652,82613
4628,2.5,19,1348.18151782652,82632
4629,2.0,13,1350.18151782652,82645
4630,0.2,8,1350.38151782652,82653
4631,-2.0,12,1348.38151782652,82665
4632,0.0,5,1348.38151782652,82670
4633,0.0,7,1348.38151782652,82677
4634,1.0,35,1349.38151782652,82712
4635,-3.75,12,1345.63151782652,82724
4636,0.0,11,1345.63151782652,82735
4637,0.0,4,1345.63151782652,82739
4638,2.0,7,1347.63151782652,82746
4639,-4.0,3,1343.63151782652,82749
4640,1.5,4,1345.13151782652,82753
4641,-2.571428571428571,8,1342.5600892550913,82761
4642,0.0,10,1342.5600892550913,82771
4643,0.5,13,1343.0600892550913,82784
4644,-10.941176470588236,25,1332.118912784503,82809
4645,-1.6666666666666665,19,1330.4522461178362,82828
4646,-1.0000000000000002,9,1329.4522461178362,82837
4647,3.5,31,1332.9522461178362,82868
4648,3.3515151515151516,34,1336.3037612693513,82902
4649,3.5,13,1339.8037612693513,82915
4650,-2.666666666666667,18,1337.1370946026846,82933
4651,0.0,8,1337.1370946026846,82941
4652,2.5,28,1339.6370946026846,82969
4653,0.0,8,1339.6370946026846,82977
4654,-1.3333333333333335,21,1338.3037612693513,82998
4655,0.0,3,1338.3037612693513,83001
4656,-5.833333333333334,4,1332.470427936018,83005
4657,4.2,27,1336.670427936018,83032
4658,1.4444444444444444,13,1338.1148723804624,83045
4659,2.666666666666667,11,1340.7815390471292,83056
4660,-2.5,8,1338.2815390471292,83064
4661,0.0,5,1338.2815390471292,83069
4662,0.0,3,1338.2815390471292,83072
4663,0.0,3,1338.2815390471292,83075
4664,-5.0,5,1333.2815390471292,83080
4665,-1.3333333333333333,15,1331.948205713796,83095
4666,0.0,12,1331.948205713796,83107
4667,-1.0,1,1330.948205713796,83108
4668,0.0,2,1330.948205713796,83110
4669,0.0,5,1330.948205713796,83115
4670,4.0,11,1334.948205713796,83126
4671,-1.0,11,1333.948205713796,83137
4672,4.0,13,1337.948205713796,83150
4673,3.0,26,1340.948205713796,83176
4674,0.0,14,1340.948205713796,83190
4675,2.6666666666666665,10,1343.6148723804627,83200
4676,2.6666666666666665,3,1346.2815390471294,83203
4677,-1.0,8,1345.2815390471294,83211
4678,-0.8,6,1344.4815390471294,83217
4679,0.5,14,1344.9815390471294,83231
4680,-0.5,9,1344.4815390471294,83240
4681,2.7,12,1347.1815390471295,83252
4682,0.0,1,1347.1815390471295,83253
4683,0.0,4,1347.1815390471295,83257
4684,1.0,8,1348.1815390471295,83265
4685,-2.571428571428571,21,1345.6101104757008,83286
4686,-3.0,14,1342.6101104757008,83300
4687,3.0,5,1345.6101104757008,83305
4688,0.0,1,1345.6101104757008,83306
4689,2.2666666666666666,7,1347.8767771423675,83313
4690,0.0,7,1347.8767771423675,83320
4691,0.0,2,1347.8767771423675,83322
4692,0.75,24,1348.6267771423675,83346
4693,-1.0,4,1347.6267771423675,83350
4694,0.0,1,1347.6267771423675,83351
4695,0.0,6,1347.6267771423675,83357
4696,2.0,6,1349.6267771423675,83363
4697,0.0,18,1349.6267771423675,83381
4698,7.0,11,1356.6267771423675,83392
4699,-2.666666666666667,16,1353.9601104757007,83408
4700,1.0,32,1354.9601104757007,83440
4701,-1.0,16,1353.9601104757007,83456
4702,-4.333333333333334,39,1349.6267771423675,83495
4703,-13.0,36,1336.6267771423675,83531
4704,-10.583333333333334,21,1326.0434438090342,83552
4705,-2.0,3,1324.0434438090342,83555
4706,0.0,8,1324.0434438090342,83563
4707,1.0,6,1325.0434438090342,83569
4708,0.19999999999999996,15,1325.2434438090343,83584
4709,-1.8,18,1323.4434438090343,83602
4710,1.9025974025974026,19,1325.3460412116317,83621
4711,-2.0,2,1323.3460412116317,83623
4712,-13.716666666666667,37,1309.629374544965,83660
4713,-0.5,3,1309.129374544965,83663
4714,2.0,10,1311.129374544965,83673
4715,-1.0,3,1310.129374544965,83676
4716,3.5841269841269847,27,1313.713501529092,83703
4717,-1.0,9,1312.713501529092,83712
4718,2.0,9,1314.713501529092,83721
4719,0.6785714285714286,23,1315.3920729576632,83744
4720,1.6666666666666665,4,1317.05873962433,83748
4721,0.3333333333333333,6,1317.3920729576632,83754
4722,3.3333333333333335,6,1320.7254062909965,83760
4723,1.3333333333333333,2,1322.0587396243297,83762
4724,1.0,24,1323.0587396243297,83786
4725,-1.0,3,1322.0587396243297,83789
4726,-1.7666666666666666,25,1320.292072957663,83814
4727,1.1666666666666667,15,1321.4587396243298,83829
4728,-3.0,8,1318.4587396243298,83837
4729,-2.75,18,1315.7087396243298,83855
4730,3.5,19,1319.2087396243298,83874
4731,-2.75,12,1316.4587396243298,83886
4732,-4.987179487179487,10,1311.4715601371504,83896
4733,-2.333333333333334,17,1309.1382268038171,83913
4734,5.0,17,1314.1382268038171,83930
4735,-2.621212121212121,26,1311.5170146826051,83956
4736,6.666666666666666,17,1318.1836813492719,83973
4737,-4.6,18,1313.583681349272,83991
4738,0.0,4,1313.583681349272,83995
4739,-2.4545454545454546,31,1311.1291358947265,84026
4740,-0.5,9,1310.6291358947265,84035
4741,0.0,6,1310.6291358947265,84041
4742,1.0,19,1311.6291358947265,84060
4743,0.0,4,1311.6291358947265,84064
4744,0.0,2,1311.6291358947265,84066
4745,1.0,9,1312.6291358947265,84075
4746,-2.0,5,1310.6291358947265,84080
4747,2.3666666666666667,4,1312.995802561393,84084
4748,-1.1304347826086956,8,1311.8653677787843,84092
4749,1.0,19,1312.8653677787843,84111
4750,-3.0476190476190474,19,1309.8177487311652,84130
4751,0.0,3,1309.8177487311652,84133
4752,1.0,3,1310.8177487311652,84136
4753,-3.0,2,1307.8177487311652,84138
4754,-0.5,11,1307.3177487311652,84149
4755,0.4285714285714286,8,1307.7463201597366,84157
4756,-4.0,8,1303.7463201597366,84165
4757,0.0,5,1303.7463201597366,84170
4758,-1.333333333333333,19,1302.4129868264033,84189
4759,-0.16666666666666696,23,1302.2463201597366,84212
4760,2.0,12,1304.2463201597366,84224
4761,2.3333333333333335,14,1306.5796534930698,84238
4762,8.333333333333334,37,1314.912986826403,84275
4763,0.6666666666666667,15,1315.5796534930698,84290
4764,-3.0,7,1312.5796534930698,84297
4765,0.6666666666666665,10,1313.2463201597366,84307
4766,5.166666666666666,18,1318.4129868264033,84325
4767,-2.0,7,1316.4129868264033,84332
4768,-2.333333333333333,8,1314.07965349307,84340
4769,-5.333333333333333,15,1308.7463201597368,84355
4770,4.333333333333334,14,1313.07965349307,84369
4771,-5.416666666666667,13,1307.6629868264033,84382
4772,0.5,11,1308.1629868264033,84393
4773,-2.6,22,1305.5629868264034,84415
4774,-6.611111111111111,28,1298.9518757152923,84443
4775,-3.0,19,1295.9518757152923,84462
4776,-4.0,29,1291.9518757152923,84491
4777,2.0,4,1293.9518757152923,84495
4778,3.0,10,1296.9518757152923,84505
4779,1.2,15,1298.1518757152924,84520
4780,-2.0,26,1296.1518757152924,84546
4781,1.0,4,1297.1518757152924,84550
4782,2.2,7,1299.3518757152924,84557
4783,0.5,4,1299.8518757152924,84561
4784,-0.6,4,1299.2518757152925,84565
4785,-2.1904761904761907,12,1297.0613995248164,84577
4786,4.0,17,1301.0613995248164,84594
4787,0.0,4,1301.0613995248164,84598
4788,0.0,8,1301.0613995248164,84606
4789,0.0,5,1301.0613995248164,84611
4790,6.5,12,1307.5613995248164,84623
4791,0.0,1,1307.5613995248164,84624
4792,-1.0,4,1306.5613995248164,84628
4793,-1.3,6,1305.2613995248164,84634
4794,-1.0,1,1304.2613995248164,84635
4795,0.0,6,1304.2613995248164,84641
4796,-8.5,20,1295.7613995248164,84661
4797,-0.33333333333333326,3,1295.4280661914831,84664
4798,-5.0,18,1290.4280661914831,84682
4799,-7.333333333333333,19,1283.0947328581499,84701
4800,1.0582750582750582,28,1284.153007916425,84729
4801,7.25,23,1291.403007916425,84752
4802,1.0,7,1292.403007916425,84759
4803,-6.6,15,1285.803007916425,84774
4804,0.0,3,1285.803007916425,84777
4805,-2.0,15,1283.803007916425,84792
4806,2.0,14,1285.803007916425,84806
4807,0.0,2,1285.803007916425,84808
4808,0.0,1,1285.803007916425,84809
4809,-1.0,7,1284.803007916425,84816
4810,5.0,5,1289.803007916425,84821
4811,-5.0,16,1284.803007916425,84837
4812,-3.0,13,1281.803007916425,84850
4813,5.0,9,1286.803007916425,84859
4814,0.0,1,1286.803007916425,84860
4815,-1.0,17,1285.803007916425,84877
4816,3.0,4,1288.803007916425,84881
4817,4.0,7,1292.803007916425,84888
4818,0.3333333333333333,4,1293.1363412497583,84892
4819,-5.0,16,1288.1363412497583,84908
4820,-2.0,11,1286.1363412497583,84919
4821,0.0,5,1286.1363412497583,84924
4822,-1.4411764705882353,20,1284.69516477917,84944
4823,3.7,19,1288.39516477917,84963
4824,3.0,13,1291.39516477917,84976
4825,-2.0,5,1289.39516477917,84981
4826,-5.142857142857143,4,1284.252307636313,84985
4827,-3.0,8,1281.252307636313,84993
4828,1.0,26,1282.252307636313,85019
4829,2.0,11,1284.252307636313,85030
4830,-1.0,8,1283.252307636313,85038
4831,-3.0,7,1280.252307636313,85045
4832,1.0,15,1281.252307636313,85060
4833,0.0,7,1281.252307636313,85067
4834,-0.5,10,1280.752307636313,85077
4835,-5.5,15,1275.252307636313,85092
4836,-2.4,12,1272.8523076363128,85104
4837,-1.0,4,1271.8523076363128,85108
4838,2.2,5,1274.052307636313,85113
4839,-2.466666666666667,14,1271.5856409696462,85127
4840,-4.333333333333333,32,1267.252307636313,85159
4841,8.6,11,1275.8523076363128,85170
4842,-1.55,8,1274.302307636313,85178
4843,2.25,8,1276.552307636313,85186
4844,0.0,4,1276.552307636313,85190
4845,3.0,18,1279.552307636313,85208
4846,4.7,31,1284.252307636313,85239
4847,-1.0,6,1283.252307636313,85245
4848,-4.0,4,1279.252307636313,85249
4849,-5.5,8,1273.752307636313,85257
4850,1.2000000000000002,10,1274.952307636313,85267
4851,3.0,19,1277.952307636313,85286
4852,-7.95,50,1270.002307636313,85336
4853,2.0,17,1272.002307636313,85353
4854,3.0,13,1275.002307636313,85366
4855,-0.8,6,1274.202307636313,85372
4856,1.0,16,1275.202307636313,85388
4857,-1.6666666666666667,18,1273.5356409696462,85406
4858,-3.0,31,1270.5356409696462,85437
4859,5.166666666666666,19,1275.702307636313,85456
4860,3.142857142857143,17,1278.84516477917,85473
4861,0.0,9,1278.84516477917,85482
4862,0.33333333333333304,10,1279.1784981125033,85492
4863,10.642857142857142,21,1289.8213552553605,85513
4864,6.666666666666668,41,1296.4880219220272,85554
4865,0.0,18,1296.4880219220272,85572
4866,-6.75,32,1289.7380219220272,85604
4867,2.333333333333333,23,1292.0713552553605,85627
4868,-2.878787878787879,14,1289.1925673765725,85641
4869,-5.653846153846153,34,1283.5387212227263,85675
4870,7.25,23,1290.7887212227263,85698
4871,0.2142857142857144,30,1291.003006937012,85728
4872,0.3333333333333335,30,1291.3363402703453,85758
4873,-1.0,14,1290.3363402703453,85772
4874,2.0833333333333335,36,1292.4196736036786,85808
4875,-0.16666666666666652,29,1292.2530069370118,85837
4876,2.6166666666666667,21,1294.8696736036784,85858
4877,5.0,16,1299.8696736036784,85874
4878,-3.333333333333333,28,1296.5363402703451,85902
4879,-0.875,22,1295.6613402703451,85924
4880,0.6666666666666665,14,1296.3280069370119,85938
4881,-8.5,15,1287.8280069370119,85953
4882,3.892857142857143,18,1291.720864079869,85971
4883,2.0,21,1293.720864079869,85992
4884,-0.5,14,1293.220864079869,86006
4885,1.0,16,1294.220864079869,86022
4886,0.0,6,1294.220864079869,86028
4887,-1.0,25,1293.220864079869,86053
4888,0.0,15,1293.220864079869,86068
4889,3.0,17,1296.220864079869,86085
4890,-4.4,25,1291.820864079869,86110
4891,4.5,15,1296.320864079869,86125
4892,1.5,11,1297.820864079869,86136
4893,2.0,7,1299.820864079869,86143
4894,1.0,9,1300.820864079869,86152
4895,0.0,6,1300.820864079869,86158
4896,7.5,20,1308.320864079869,86178
4897,4.583333333333334,9,1312.9041974132022,86187
4898,1.6666666666666667,33,1314.570864079869,86220
4899,-6.0,7,1308.570864079869,86227
4900,0.0,4,1308.570864079869,86231
4901,-3.0,6,1305.570864079869,86237
4902,0.0,3,1305.570864079869,86240
4903,6.0,27,1311.570864079869,86267
4904,6.0,38,1317.570864079869,86305
4905,0.20000000000000018,13,1317.770864079869,86318
4906,-2.0,4,1315.770864079869,86322
4907,-3.0,4,1312.770864079869,86326
4908,-2.0,5,1310.770864079869,86331
4909,0.5,12,1311.270864079869,86343
4910,-5.0,7,1306.270864079869,86350
4911,2.3999999999999995,16,1308.670864079869,86366
4912,7.333333333333334,31,1316.0041974132023,86397
4913,-2.0,5,1314.0041974132023,86402
4914,4.0,6,1318.0041974132023,86408
4915,-4.0,11,1314.0041974132023,86419
4916,0.0,21,1314.0041974132023,86440
4917,-1.0,19,1313.0041974132023,86459
4918,-3.5,47,1309.5041974132023,86506
4919,-4.8,32,1304.7041974132023,86538
4920,2.333333333333334,21,1307.0375307465356,86559
4921,-5.5,34,1301.5375307465356,86593
4922,3.2666666666666666,41,1304.8041974132022,86634
4923,1.0,15,1305.8041974132022,86649
4924,2.866666666666667,34,1308.6708640798688,86683
4925,-3.3,27,1305.3708640798689,86710
4926,-1.0,22,1304.3708640798689,86732
4927,2.3333333333333335,12,1306.704197413202,86744
4928,0.6666666666666667,7,1307.3708640798689,86751
4929,7.0,28,1314.3708640798689,86779
4930,1.666666666666667,30,1316.0375307465356,86809
4931,4.5,9,1320.5375307465356,86818
4932,4.416666666666667,31,1324.9541974132023,86849
4933,-7.0,17,1317.9541974132023,86866
4934,-1.4,20,1316.5541974132022,86886
4935,-4.0,8,1312.5541974132022,86894
4936,-7.583333333333334,36,1304.970864079869,86930
4937,2.0,7,1306.970864079869,86937
4938,-3.666666666666666,24,1303.3041974132022,86961
4939,3.0,14,1306.3041974132022,86975
4940,6.333333333333333,21,1312.6375307465355,86996
4941,7.833333333333334,24,1320.4708640798688,87020
4942,-5.963768115942028,36,1314.5070959639268,87056
4943,4.0,13,1318.5070959639268,87069
4944,-1.0,15,1317.5070959639268,87084
4945,4.428571428571429,18,1321.935667392498,87102
4946,10.0,28,1331.935667392498,87130
4947,0.0,3,1331.935667392498,87133
4948,0.0,2,1331.935667392498,87135
4949,-2.0,17,1329.935667392498,87152
4950,-1.0,11,1328.935667392498,87163
4951,5.5,27,1334.435667392498,87190
4952,-0.5,8,1333.935667392498,87198
4953,2.0,6,1335.935667392498,87204
4954,0.0,6,1335.935667392498,87210
4955,-2.8333333333333335,17,1333.1023340591648,87227
4956,-2.333333333333333,34,1330.7690007258316,87261
4957,-2.857142857142857,26,1327.9118578686887,87287
4958,2.0,22,1329.9118578686887,87309
4959,1.0,3,1330.9118578686887,87312
4960,-12.000000000000002,26,1318.9118578686887,87338
4961,-1.5,18,1317.4118578686887,87356
4962,-4.0,18,1313.4118578686887,87374
4963,-3.6078431372549016,14,1309.8040147314339,87388
4964,2.0,7,1311.8040147314339,87395
4965,1.3333333333333333,23,1313.1373480647671,87418
4966,-4.5,15,1308.6373480647671,87433
4967,0.0,17,1308.6373480647671,87450
4968,-0.33333333333333326,21,1308.3040147314339,87471
4969,4.309523809523809,14,1312.6135385409577,87485
4970,0.0,5,1312.6135385409577,87490
4971,5.0,28,1317.6135385409577,87518
4972,8.0,12,1325.6135385409577,87530
4973,10.5,21,1336.1135385409577,87551
4974,-2.0,5,1334.1135385409577,87556
4975,10.75,22,1344.8635385409577,87578
4976,6.5,18,1351.3635385409577,87596
4977,2.0,26,1353.3635385409577,87622
4978,0.0,7,1353.3635385409577,87629
4979,-2.0,17,1351.3635385409577,87646
4980,4.0,8,1355.3635385409577,87654
4981,0.0,15,1355.3635385409577,87669
4982,6.117647058823529,33,1361.4811855997812,87702
4983,-1.0,34,1360.4811855997812,87736
4984,-3.25,43,1357.2311855997812,87779
4985,-2.0,15,1355.2311855997812,87794
4986,9.25,29,1364.4811855997812,87823
4987,19.083333333333332,53,1383.5645189331144,87876
4988,2.5,14,1386.0645189331144,87890
4989,0.0,2,1386.0645189331144,87892
4990,-4.4,18,1381.6645189331143,87910
4991,-10.0,18,1371.6645189331143,87928
4992,-2.0,7,1369.6645189331143,87935
4993,-3.0,14,1366.6645189331143,87949
4994,0,0,1366.6645189331143,87949
4995,0,0,1366.6645189331143,87949
4996,0,0,1366.6645189331143,87949
4997,0.0,3,1366.6645189331143,87952
4998,0,0,1366.6645189331143,87952
4999,0,0,1366.6645189331143,87952
5000,0,0,1366.6645189331143,87952
5001,1.0,22,1367.6645189331143,87974
5002,-3.0,9,1364.6645189331143,87983
5003,-2.0,5,1362.6645189331143,87988
5004,4.444444444444445,29,1367.1089633775587,88017
5005,6.225,48,1373.3339633775586,88065
5006,4.0,19,1377.3339633775586,88084
5007,2.0,15,1379.3339633775586,88099
5008,1.1428571428571428,18,1380.4768205204157,88117
5009,8.333333333333332,40,1388.810153853749,88157
5010,14.75,31,1403.560153853749,88188
5011,12.75,31,1416.310153853749,88219
5012,6.0,27,1422.310153853749,88246
5013,3.75,7,1426.060153853749,88253
5014,1.0,32,1427.060153853749,88285
5015,-0.6666666666666665,18,1426.3934871870822,88303
5016,7.0,19,1433.3934871870822,88322
5017,-11.583333333333334,31,1421.810153853749,88353
5018,1.0,11,1422.810153853749,88364
5019,4.0,30,1426.810153853749,88394
5020,4.0,10,1430.810153853749,88404
5021,12.5,50,1443.310153853749,88454
5022,4.666666666666667,26,1447.9768205204157,88480
5023,1.0,19,1448.9768205204157,88499
5024,2.0,13,1450.9768205204157,88512
5025,1.6666666666666667,25,1452.6434871870824,88537
5026,2.0,16,1454.6434871870824,88553
5027,0.0,12,1454.6434871870824,88565
5028,0.0,19,1454.6434871870824,88584
5029,0.0,13,1454.6434871870824,88597
5030,-2.0,24,1452.6434871870824,88621
5031,5.0,22,1457.6434871870824,88643
5032,7.666666666666667,32,1465.3101538537492,88675
5033,-3.611111111111111,15,1461.699042742638,88690
5034,-6.0,11,1455.699042742638,88701
5035,1.166666666666667,34,1456.8657094093048,88735
5036,2.7,25,1459.5657094093049,88760
5037,12.233333333333334,34,1471.7990427426382,88794
5038,-3.6,9,1468.1990427426383,88803
5039,-6.333333333333334,22,1461.865709409305,88825
5040,-2.0,13,1459.865709409305,88838
5041,-3.1666666666666665,15,1456.6990427426383,88853
5042,-4.6,18,1452.0990427426384,88871
5043,-2.0,18,1450.0990427426384,88889
5044,-8.666666666666666,23,1441.4323760759717,88912
5045,1.9500000000000002,14,1443.3823760759717,88926
5046,1.2,27,1444.5823760759718,88953
5047,3.6,20,1448.1823760759717,88973
5048,2.0,26,1450.1823760759717,88999
5049,-2.3333333333333335,11,1447.8490427426384,89010
5050,-3.8,19,1444.0490427426384,89029
5051,-3.0,15,1441.0490427426384,89044
5052,-11.166666666666668,40,1429.8823760759717,89084
5053,0.0,21,1429.8823760759717,89105
5054,-1.166666666666667,22,1428.715709409305,89127
5055,-0.5714285714285712,30,1428.1442808378763,89157
5056,3.666666666666666,43,1431.810947504543,89200
5057,1.5,28,1433.310947504543,89228
5058,9.333333333333334,22,1442.6442808378763,89250
5059,2.3333333333333335,20,1444.9776141712096,89270
5060,3.0,12,1447.9776141712096,89282
5061,3.333333333333333,40,1451.3109475045428,89322
5062,3.0,14,1454.3109475045428,89336
5063,-1.0,17,1453.3109475045428,89353
5064,-3.0,12,1450.3109475045428,89365
5065,-9.0,34,1441.3109475045428,89399
5066,2.666666666666667,18,1443.9776141712096,89417
5067,0.0,10,1443.9776141712096,89427
5068,-4.3,26,1439.6776141712096,89453
5069,4.6,11,1444.2776141712095,89464
5070,-6.0,22,1438.2776141712095,89486
5071,5.0,18,1443.2776141712095,89504
5072,-3.0,10,1440.2776141712095,89514
5073,8.142857142857142,18,1448.4204713140666,89532
5074,-1.5,9,1446.9204713140666,89541
5075,-3.0,32,1443.9204713140666,89573
5076,0.2222222222222221,20,1444.1426935362888,89593
5077,-0.5499999999999998,24,1443.5926935362888,89617
5078,2.1666666666666665,16,1445.7593602029556,89633
5079,7.0,24,1452.7593602029556,89657
5080,-10.75,39,1442.0093602029556,89696
5081,-1.3095238095238093,16,1440.6998363934317,89712
5082,3.3333333333333335,35,1444.033169726765,89747
5083,10.0,37,1454.033169726765,89784
5084,1.9333333333333333,21,1455.9665030600984,89805
5085,1.0,19,1456.9665030600984,89824
5086,-5.287878787878787,30,1451.6786242722196,89854
5087,-3.0,57,1448.6786242722196,89911
5088,-3.0,19,1445.6786242722196,89930
5089,-1.0,21,1444.6786242722196,89951
5090,-1.0499999999999998,30,1443.6286242722197,89981
5091,1.0,21,1444.6286242722197,90002
5092,0.9142857142857144,10,1445.5429099865055,90012
5093,6.866666666666667,42,1452.409576653172,90054
5094,5.833333333333333,28,1458.2429099865053,90082
5095,-4.875,20,1453.3679099865053,90102
5096,-4.5,20,1448.8679099865053,90122
5097,-6.333333333333333,33,1442.534576653172,90155
5098,-1.3,24,1441.234576653172,90179
5099,2.0,27,1443.234576653172,90206
5100,2.333333333333333,11,1445.5679099865054,90217
5101,0.6666666666666666,19,1446.234576653172,90236
5102,3.878787878787879,35,1450.11336453196,90271
5103,-12.5,36,1437.61336453196,90307
5104,-2.4285714285714284,12,1435.1847931033888,90319
5105,-2.0,5,1433.1847931033888,90324
5106,17.5,36,1450.6847931033888,90360
5107,2.4166666666666665,37,1453.1014597700555,90397
5108,-0.666666666666667,29,1452.4347931033888,90426
5109,-1.3333333333333335,14,1451.1014597700555,90440
5110,0.0,16,1451.1014597700555,90456
5111,-4.333333333333334,18,1446.7681264367222,90474
5112,-4.0,31,1442.7681264367222,90505
5113,2.666666666666667,29,1445.434793103389,90534
5114,1.3333333333333335,37,1446.7681264367222,90571
5115,0.8333333333333333,13,1447.6014597700555,90584
5116,2.5,20,1450.1014597700555,90604
5117,6.133333333333334,42,1456.234793103389,90646
5118,5.0,10,1461.234793103389,90656
5119,-1.0,3,1460.234793103389,90659
5120,2.5,11,1462.734793103389,90670
5121,4.0,5,1466.734793103389,90675
5122,1.3000000000000003,24,1468.034793103389,90699
5123,-1.6666666666666667,28,1466.3681264367222,90727
5124,-5.633333333333333,51,1460.7347931033887,90778
5125,-0.533333333333333,40,1460.2014597700554,90818
5126,-3.5,33,1456.7014597700554,90851
5127,1.25,16,1457.9514597700554,90867
5128,-1.0,14,1456.9514597700554,90881
5129,1.5999999999999996,32,1458.5514597700553,90913
5130,2.0,17,1460.5514597700553,90930
5131,-2.5,13,1458.0514597700553,90943
5132,18.066666666666666,27,1476.118126436722,90970
5133,-2.0,27,1474.118126436722,90997
5134,-1.5,28,1472.618126436722,91025
5135,3.0,20,1475.618126436722,91045
5136,0.09999999999999964,31,1475.7181264367218,91076
5137,-3.0,33,1472.7181264367218,91109
5138,-5.4,30,1467.3181264367217,91139
5139,1.0,6,1468.3181264367217,91145
5140,1.0,15,1469.3181264367217,91160
5141,1.0833333333333335,14,1470.401459770055,91174
5142,0.0,8,1470.401459770055,91182
5143,0.0,9,1470.401459770055,91191
5144,3.0,34,1473.401459770055,91225
5145,-3.666666666666667,7,1469.7347931033883,91232
5146,0.33333333333333326,39,1470.0681264367215,91271
5147,2.057142857142858,36,1472.1252692938644,91307
5148,6.190476190476191,34,1478.3157454843406,91341
5149,2.6833333333333336,24,1480.999078817674,91365
5150,2.6,14,1483.599078817674,91379
5151,-2.4000000000000004,25,1481.1990788176738,91404
5152,8.857142857142858,20,1490.0562216748167,91424
5153,2.0,7,1492.0562216748167,91431
5154,0.0,4,1492.0562216748167,91435
5155,0.0,3,1492.0562216748167,91438
5156,2.857142857142857,13,1494.9133645319596,91451
5157,6.5,16,1501.4133645319596,91467
5158,0.0,9,1501.4133645319596,91476
5159,5.5,21,1506.9133645319596,91497
5160,6.0,15,1512.9133645319596,91512
5161,0.33333333333333326,18,1513.2466978652928,91530
5162,-0.5714285714285712,16,1512.6752692938642,91546
5163,-9.476190476190476,11,1503.1990788176738,91557
5164,2.333333333333333,29,1505.532412151007,91586
5165,-0.3333333333333335,16,1505.1990788176738,91602
5166,1.75,19,1506.9490788176738,91621
5167,-0.25,7,1506.6990788176738,91628
5168,-2.0,11,1504.6990788176738,91639
5169,1.0,9,1505.6990788176738,91648
5170,-8.326923076923077,12,1497.3721557407507,91660
5171,-2.0,8,1495.3721557407507,91668
5172,6.0,11,1501.3721557407507,91679
5173,2.5,5,1503.8721557407507,91684
5174,-3.0,11,1500.8721557407507,91695
5175,-3.0,6,1497.8721557407507,91701
5176,-5.066666666666667,13,1492.805489074084,91714
5177,3.0,8,1495.805489074084,91722
5178,1.0,15,1496.805489074084,91737
5179,0.6666666666666664,28,1497.4721557407508,91765
5180,4.333333333333334,23,1501.805489074084,91788
5181,-7.666666666666667,19,1494.1388224074174,91807
5182,-2.0,29,1492.1388224074174,91836
5183,0.0,3,1492.1388224074174,91839
5184,0.0,11,1492.1388224074174,91850
5185,2.791666666666667,15,1494.930489074084,91865
5186,5.5,25,1500.430489074084,91890
5187,0.1333333333333333,31,1500.5638224074175,91921
5188,3.5999999999999996,24,1504.1638224074175,91945
5189,7.79047619047619,47,1511.9542985978937,91992
5190,-2.0,22,1509.9542985978937,92014
5191,2.0,10,1511.9542985978937,92024
5192,-5.0,26,1506.9542985978937,92050
5193,-3.0,6,1503.9542985978937,92056
5194,-0.8999999999999999,27,1503.0542985978936,92083
5195,-6.333333333333333,36,1496.7209652645604,92119
5196,-2.0,11,1494.7209652645604,92130
5197,0.0,27,1494.7209652645604,92157
5198,2.6,12,1497.3209652645603,92169
5199,2.0,14,1499.3209652645603,92183
5200,-3.5,18,1495.8209652645603,92201
5201,-5.0,19,1490.8209652645603,92220
5202,3.083333333333332,45,1493.9042985978936,92265
5203,1.0,33,1494.9042985978936,92298
5204,-9.047619047619047,28,1485.8566795502745,92326
5205,-6.333333333333334,29,1479.5233462169413,92355
5206,0.0,4,1479.5233462169413,92359
5207,1.4166666666666665,23,1480.940012883608,92382
5208,-0.5,29,1480.440012883608,92411
5209,0.8333333333333334,18,1481.2733462169413,92429
5210,-8.733333333333334,31,1472.540012883608,92460
5211,-0.2999999999999998,20,1472.240012883608,92480
5212,-1.5,33,1470.740012883608,92513
5213,1.0,24,1471.740012883608,92537
5214,-1.0,29,1470.740012883608,92566
5215,-5.0,14,1465.740012883608,92580
5216,3.966666666666667,37,1469.7066795502747,92617
5217,-0.3999999999999999,26,1469.3066795502746,92643
5218,-6.0,29,1463.3066795502746,92672
5219,-6.454545454545455,26,1456.852134095729,92698
5220,7.0,18,1463.852134095729,92716
5221,1.3333333333333333,13,1465.1854674290623,92729
5222,-7.033333333333333,21,1458.152134095729,92750
5223,5.125,37,1463.277134095729,92787
5224,-1.761904761904762,19,1461.5152293338242,92806
5225,4.0,21,1465.5152293338242,92827
5226,2.4166666666666665,17,1467.931896000491,92844
5227,3.25,27,1471.181896000491,92871
5228,-2.0833333333333335,45,1469.0985626671577,92916
5229,-1.7333333333333334,23,1467.3652293338243,92939
5230,-2.0,24,1465.3652293338243,92963
5231,1.1428571428571428,3,1466.5080864766815,92966
5232,4.30952380952381,31,1470.8176102862053,92997
5233,8.833333333333334,30,1479.6509436195386,93027
5234,4.0,27,1483.6509436195386,93054
5235,7.5,51,1491.1509436195386,93105
5236,4.0,17,1495.1509436195386,93122
5237,1.6,22,1496.7509436195385,93144
5238,-2.0,11,1494.7509436195385,93155
5239,-3.0,16,1491.7509436195385,93171
5240,-2.0,18,1489.7509436195385,93189
5241,1.1111111111111112,33,1490.8620547306496,93222
5242,0.0,25,1490.8620547306496,93247
5243,-3.0,20,1487.8620547306496,93267
5244,-1.0,21,1486.8620547306496,93288
5245,1.1666666666666665,33,1488.0287213973163,93321
5246,6.878787878787877,94,1494.9075092761043,93415
5247,-6.381818181818182,36,1488.525691094286,93451
5248,-1.9,19,1486.625691094286,93470
5249,4.75,21,1491.375691094286,93491
5250,3.2666666666666666,54,1494.6423577609526,93545
5251,-10.876923076923077,27,1483.7654346840295,93572
5252,-5.066666666666666,23,1478.698768017363,93595
5253,0.6388888888888888,30,1479.3376569062518,93625
5254,0.6888888888888893,26,1480.0265457951407,93651
5255,1.5333333333333332,34,1481.559879128474,93685
5256,-3.5,17,1478.059879128474,93702
5257,1.0,29,1479.059879128474,93731
5258,11.214285714285714,48,1490.2741648427598,93779
5259,-1.1666666666666665,38,1489.107498176093,93817
5260,0.30000000000000004,18,1489.407498176093,93835
5261,-23.53636363636364,49,1465.8711345397294,93884
5262,-3.4,12,1462.4711345397293,93896
5263,-4.0,11,1458.4711345397293,93907
5264,-10.190476190476192,38,1448.2806583492531,93945
5265,-6.0,28,1442.2806583492531,93973
5266,1.0,14,1443.2806583492531,93987
5267,2.0,18,1445.2806583492531,94005
5268,2.0,21,1447.2806583492531,94026
5269,-6.766666666666666,29,1440.5139916825865,94055
5270,2.2,41,1442.7139916825865,94096
5271,-10.0,30,1432.7139916825865,94126
5272,-4.0,49,1428.7139916825865,94175
5273,-3.0,16,1425.7139916825865,94191
5274,3.5,19,1429.2139916825865,94210
5275,3.5,20,1432.7139916825865,94230
5276,-0.5333333333333341,41,1432.1806583492532,94271
5277,1.0,21,1433.1806583492532,94292
5278,5.666666666666666,19,1438.84732501592,94311
5279,2.533333333333333,21,1441.3806583492533,94332
5280,-1.0,24,1440.3806583492533,94356
5281,-9.857142857142858,21,1430.5235154921104,94377
5282,5.333333333333333,22,1435.8568488254436,94399
5283,0.0,31,1435.8568488254436,94430
5284,-0.3333333333333333,17,1435.5235154921104,94447
5285,-3.7142857142857144,23,1431.8092297778246,94470
5286,6.1,25,1437.9092297778245,94495
5287,2.0,23,1439.9092297778245,94518
5288,5.333333333333333,39,1445.2425631111578,94557
5289,-3.5,17,1441.7425631111578,94574
5290,0.8833333333333329,55,1442.6258964444912,94629
5291,5.6,24,1448.2258964444911,94653
5292,0.0,20,1448.2258964444911,94673
5293,-1.0,20,1447.2258964444911,94693
5294,-1.9,47,1445.325896444491,94740
5295,0.33333333333333326,19,1445.6592297778243,94759
5296,-1.0,13,1444.6592297778243,94772
5297,2.6666666666666665,22,1447.325896444491,94794
5298,3.7,9,1451.025896444491,94803
5299,-2.333333333333333,7,1448.6925631111578,94810
5300,-2.0,3,1446.6925631111578,94813
5301,6.0,17,1452.6925631111578,94830
5302,-1.0,24,1451.6925631111578,94854
5303,2.0,15,1453.6925631111578,94869
5304,0.5,9,1454.1925631111578,94878
5305,0.0,3,1454.1925631111578,94881
5306,-0.5,7,1453.6925631111578,94888
5307,-1.0,6,1452.6925631111578,94894
5308,-0.7333333333333335,19,1451.9592297778245,94913
5309,4.0,15,1455.9592297778245,94928
5310,1.0,29,1456.9592297778245,94957
5311,-2.0,6,1454.9592297778245,94963
5312,-1.0,7,1453.9592297778245,94970
5313,-4.4,18,1449.5592297778244,94988
5314,-4.75,32,1444.8092297778244,95020
5315,0.0,4,1444.8092297778244,95024
5316,-2.0,7,1442.8092297778244,95031
5317,1.5,7,1444.3092297778244,95038
5318,2.2,18,1446.5092297778244,95056
5319,0.0,13,1446.5092297778244,95069
5320,-1.0,6,1445.5092297778244,95075
5321,0.0,3,1445.5092297778244,95078
5322,-3.0,7,1442.5092297778244,95085
5323,0.5,10,1443.0092297778244,95095
5324,0.0,2,1443.0092297778244,95097
5325,-1.0,5,1442.0092297778244,95102
5326,-2.0,21,1440.0092297778244,95123
5327,1.3333333333333333,13,1441.3425631111577,95136
5328,3.0,16,1444.3425631111577,95152
5329,-0.33333333333333326,3,1444.0092297778244,95155
5330,0.0,6,1444.0092297778244,95161
5331,-1.6666666666666667,11,1442.3425631111577,95172
5332,-1.0,25,1441.3425631111577,95197
5333,-7.316666666666667,16,1434.025896444491,95213
5334,-1.0,20,1433.025896444491,95233
5335,0.0,4,1433.025896444491,95237
5336,4.0,5,1437.025896444491,95242
5337,0.0,2,1437.025896444491,95244
5338,-2.0,3,1435.025896444491,95247
5339,-2.5,12,1432.525896444491,95259
5340,-4.0,22,1428.525896444491,95281
5341,3.0,19,1431.525896444491,95300
5342,-1.0,9,1430.525896444491,95309
5343,-9.25,22,1421.275896444491,95331
5344,-2.0,7,1419.275896444491,95338
5345,-1.0,8,1418.275896444491,95346
5346,0.0,6,1418.275896444491,95352
5347,1.0,3,1419.275896444491,95355
5348,0.0,8,1419.275896444491,95363
5349,-1.0,11,1418.275896444491,95374
5350,0.0,7,1418.275896444491,95381
5351,3.0,12,1421.275896444491,95393
5352,-2.75,12,1418.525896444491,95405
5353,-6.333333333333334,22,1412.1925631111578,95427
5354,2.3,26,1414.4925631111578,95453
5355,-6.466666666666667,18,1408.025896444491,95471
5356,-4.5,11,1403.525896444491,95482
5357,-0.7999999999999998,16,1402.7258964444911,95498
5358,1.5,14,1404.2258964444911,95512
5359,7.0,18,1411.2258964444911,95530
5360,0.75,10,1411.9758964444911,95540
5361,-2.5,8,1409.4758964444911,95548
5362,1.7999999999999998,21,1411.275896444491,95569
5363,2.5,19,1413.775896444491,95588
5364,-3.25,23,1410.525896444491,95611
5365,-2.0,6,1408.525896444491,95617
5366,0.0,12,1408.525896444491,95629
5367,4.0,3,1412.525896444491,95632
5368,-7.0,8,1405.525896444491,95640
5369,6.5,18,1412.025896444491,95658
5370,-4.5,29,1407.525896444491,95687
5371,2.0,15,1409.525896444491,95702
5372,0.0,24,1409.525896444491,95726
5373,0.0,8,1409.525896444491,95734
5374,-2.4545454545454546,12,1407.0713509899456,95746
5375,-3.0,7,1404.0713509899456,95753
5376,-2.0,7,1402.0713509899456,95760
5377,-3.333333333333333,17,1398.7380176566123,95777
5378,-6.0,13,1392.7380176566123,95790
5379,0.0,11,1392.7380176566123,95801
5380,0.0,6,1392.7380176566123,95807
5381,8.083333333333334,17,1400.8213509899456,95824
5382,-2.666666666666667,21,1398.1546843232788,95845
5383,-5.0,34,1393.1546843232788,95879
5384,-4.0,16,1389.1546843232788,95895
5385,-2.0,4,1387.1546843232788,95899
5386,0.0,10,1387.1546843232788,95909
5387,1.0,12,1388.1546843232788,95921
5388,-5.0,23,1383.1546843232788,95944
5389,-3.0,15,1380.1546843232788,95959
5390,0.6666666666666667,12,1380.8213509899456,95971
5391,2.5,7,1383.3213509899456,95978
5392,-3.9000000000000004,45,1379.4213509899455,96023
5393,0.19999999999999996,10,1379.6213509899455,96033
5394,0.0,11,1379.6213509899455,96044
5395,-4.0,19,1375.6213509899455,96063
5396,-1.5714285714285714,17,1374.0499224185169,96080
5397,0.5,16,1374.5499224185169,96096
5398,0.0,1,1374.5499224185169,96097
5399,0.0,4,1374.5499224185169,96101
5400,0.0,5,1374.5499224185169,96106
5401,0.0,9,1374.5499224185169,96115
5402,-1.0,4,1373.5499224185169,96119
5403,-4.0,12,1369.5499224185169,96131
5404,3.0,4,1372.5499224185169,96135
5405,-4.0,17,1368.5499224185169,96152
5406,4.0,19,1372.5499224185169,96171
5407,-0.5,9,1372.0499224185169,96180
5408,-7.597402597402598,24,1364.4525198211143,96204
5409,-1.5,10,1362.9525198211143,96214
5410,5.0,20,1367.9525198211143,96234
5411,2.0,8,1369.9525198211143,96242
5412,-6.666666666666667,9,1363.2858531544475,96251
5413,-8.166666666666668,21,1355.1191864877808,96272
5414,3.666666666666666,12,1358.7858531544475,96284
5415,-1.0,6,1357.7858531544475,96290
5416,-5.166666666666667,6,1352.6191864877808,96296
5417,-6.132352941176471,15,1346.4868335466042,96311
5418,3.142857142857143,20,1349.6296906894613,96331
5419,10.066666666666666,27,1359.696357356128,96358
5420,0.0,4,1359.696357356128,96362
5421,2.0,6,1361.696357356128,96368
5422,0.0,11,1361.696357356128,96379
5423,3.0,12,1364.696357356128,96391
5424,1.0,10,1365.696357356128,96401
5425,-6.800000000000001,30,1358.896357356128,96431
5426,-8.666666666666668,17,1350.2296906894612,96448
5427,0.0,6,1350.2296906894612,96454
5428,-3.0,5,1347.2296906894612,96459
5429,0.0,3,1347.2296906894612,96462
5430,6.6,16,1353.8296906894611,96478
5431,6.916666666666667,18,1360.7463573561279,96496
5432,3.4444444444444446,19,1364.1908018005722,96515
5433,-0.5,25,1363.6908018005722,96540
5434,-5.0,22,1358.6908018005722,96562
5435,3.0,8,1361.6908018005722,96570
5436,-3.0,15,1358.6908018005722,96585
5437,-1.6666666666666665,31,1357.0241351339055,96616
5438,2.0,4,1359.0241351339055,96620
5439,-1.1333333333333329,33,1357.890801800572,96653
5440,3.0,56,1360.890801800572,96709
5441,-4.0,30,1356.890801800572,96739
5442,-3.3333333333333335,27,1353.5574684672388,96766
5443,0.0,21,1353.5574684672388,96787
5444,1.0,17,1354.5574684672388,96804
5445,-7.0,26,1347.5574684672388,96830
5446,-1.7000000000000002,20,1345.8574684672387,96850
5447,1.0,29,1346.8574684672387,96879
5448,-8.0,23,1338.8574684672387,96902
5449,-1.3642857142857148,60,1337.493182752953,96962
5450,-10.666666666666668,46,1326.8265160862863,97008
5451,4.0,33,1330.8265160862863,97041
5452,-2.6666666666666665,31,1328.1598494196196,97072
5453,0.3333333333333335,20,1328.4931827529529,97092
5454,4.833333333333334,41,1333.3265160862861,97133
5455,1.7666666666666662,24,1335.0931827529528,97157
5456,4.0,8,1339.0931827529528,97165
5457,0.0,7,1339.0931827529528,97172
5458,-4.214285714285714,73,1334.878897038667,97245
5459,-3.4000000000000004,35,1331.478897038667,97280
5460,-4.0,21,1327.478897038667,97301
5461,-6.571428571428571,26,1320.9074684672382,97327
5462,-2.0,10,1318.9074684672382,97337
5463,-0.5,17,1318.4074684672382,97354
5464,-2.5,28,1315.9074684672382,97382
5465,0.5,12,1316.4074684672382,97394
5466,0.0,11,1316.4074684672382,97405
5467,4.7,27,1321.1074684672383,97432
5468,-1.6666666666666667,28,1319.4408018005715,97460
5469,9.0,24,1328.4408018005715,97484
5470,0.0,11,1328.4408018005715,97495
5471,1.833333333333334,21,1330.2741351339048,97516
5472,-3.25,7,1327.0241351339048,97523
5473,0.0,16,1327.0241351339048,97539
5474,2.0,15,1329.0241351339048,97554
5475,0.0,2,1329.0241351339048,97556
5476,4.5,25,1333.5241351339048,97581
5477,3.0,9,1336.5241351339048,97590
5478,0.0,8,1336.5241351339048,97598
5479,3.0,20,1339.5241351339048,97618
5480,-1.0,6,1338.5241351339048,97624
5481,1.0,9,1339.5241351339048,97633
5482,0.5,14,1340.0241351339048,97647
5483,-0.7999999999999998,19,1339.2241351339048,97666
5484,-2.142857142857143,8,1337.0812779910477,97674
5485,0.0,11,1337.0812779910477,97685
5486,18.2,23,1355.2812779910478,97708
5487,0.25,12,1355.5312779910478,97720
5488,3.5,23,1359.0312779910478,97743
5489,3.0,18,1362.0312779910478,97761
5490,-2.0,13,1360.0312779910478,97774
5491,1.5,22,1361.5312779910478,97796
5492,4.333333333333334,23,1365.864611324381,97819
5493,-2.25,25,1363.614611324381,97844
5494,0.9333333333333333,27,1364.5479446577144,97871
5495,-5.25,41,1359.2979446577144,97912
5496,4.0,11,1363.2979446577144,97923
5497,-5.0,21,1358.2979446577144,97944
5498,1.0,11,1359.2979446577144,97955
5499,-2.25,2,1357.0479446577144,97957
5500,6.857142857142858,19,1363.9050875148573,97976
5501,-2.0,11,1361.9050875148573,97987
5502,0.0,2,1361.9050875148573,97989
5503,3.6,8,1365.5050875148572,97997
5504,0.2,14,1365.7050875148573,98011
5505,-0.16666666666666674,14,1365.5384208481905,98025
5506,3.2,5,1368.7384208481906,98030
5507,-5.75,15,1362.9884208481906,98045
5508,2.0,22,1364.9884208481906,98067
5509,2.0,11,1366.9884208481906,98078
5510,9.7,15,1376.6884208481906,98093
5511,-1.0,18,1375.6884208481906,98111
5512,-6.571428571428571,26,1369.116992276762,98137
5513,2.2,22,1371.316992276762,98159
5514,2.5,5,1373.816992276762,98164
5515,1.5,24,1375.316992276762,98188
5516,-1.2999999999999998,32,1374.016992276762,98220
5517,0.0,7,1374.016992276762,98227
5518,3.0,5,1377.016992276762,98232
5519,0.0,5,1377.016992276762,98237
5520,0.0,5,1377.016992276762,98242
5521,0.0,17,1377.016992276762,98259
5522,-2.0,6,1375.016992276762,98265
5523,0.0,6,1375.016992276762,98271
5524,0.0,6,1375.016992276762,98277
5525,-2.0,23,1373.016992276762,98300
5526,-10.25,21,1362.766992276762,98321
5527,-6.0,23,1356.766992276762,98344
5528,-0.16666666666666674,19,1356.6003256100953,98363
5529,0,0,1356.6003256100953,98363
5530,0,0,1356.6003256100953,98363
5531,0,0,1356.6003256100953,98363
5532,8.0,21,1364.6003256100953,98384
5533,-5.0,4,1359.6003256100953,98388
5534,4.5,19,1364.1003256100953,98407
5535,1.3,14,1365.4003256100953,98421
5536,-3.0,7,1362.4003256100953,98428
5537,-9.0,17,1353.4003256100953,98445
5538,-1.0909090909090908,11,1352.3094165191862,98456
5539,2.1,14,1354.4094165191862,98470
5540,-2.0,7,1352.4094165191862,98477
5541,0.0,9,1352.4094165191862,98486
5542,-5.0,18,1347.4094165191862,98504
5543,-7.0,15,1340.4094165191862,98519
5544,-1.0,10,1339.4094165191862,98529
5545,3.1,8,1342.509416519186,98537
5546,3.0,11,1345.509416519186,98548
5547,-2.0,14,1343.509416519186,98562
5548,1.6,16,1345.109416519186,98578
5549,3.0,8,1348.109416519186,98586
5550,-5.0,12,1343.109416519186,98598
5551,1.7000000000000002,8,1344.809416519186,98606
5552,0.0,9,1344.809416519186,98615
5553,-1.0,1,1343.809416519186,98616
5554,5.0,25,1348.809416519186,98641
5555,-0.1333333333333333,11,1348.6760831858526,98652
5556,-1.0,16,1347.6760831858526,98668
5557,-2.0,7,1345.6760831858526,98675
5558,2.5,11,1348.1760831858526,98686
5559,2.0,13,1350.1760831858526,98699
5560,4.0,14,1354.1760831858526,98713
5561,-1.0,9,1353.1760831858526,98722
5562,0.5,16,1353.6760831858526,98738
5563,-9.85,19,1343.8260831858527,98757
5564,-4.58235294117647,17,1339.2437302446763,98774
5565,-4.0,26,1335.2437302446763,98800
5566,3.333333333333333,5,1338.5770635780095,98805
5567,1.0,12,1339.5770635780095,98817
5568,0,0,1339.5770635780095,98817
5569,0,0,1339.5770635780095,98817
5570,0,0,1339.5770635780095,98817
5571,2.4333333333333336,43,1342.010396911343,98860
5572,4.0,17,1346.010396911343,98877
5573,3.5,12,1349.510396911343,98889
5574,-2.9047619047619047,9,1346.605635006581,98898
5575,3.0,21,1349.605635006581,98919
5576,1.25,27,1350.855635006581,98946
5577,0.0,10,1350.855635006581,98956
5578,-1.0,11,1349.855635006581,98967
5579,0.0,7,1349.855635006581,98974
5580,-5.5,8,1344.355635006581,98982
5581,-9.4,24,1334.955635006581,99006
5582,-2.0,14,1332.955635006581,99020
5583,-0.33333333333333326,18,1332.6223016732476,99038
5584,0.6,6,1333.2223016732476,99044
5585,4.0,13,1337.2223016732476,99057
5586,-0.8333333333333335,14,1336.3889683399143,99071
5587,0.0,12,1336.3889683399143,99083
5588,-6.0,28,1330.3889683399143,99111
5589,-0.75,16,1329.6389683399143,99127
5590,-1.0,22,1328.6389683399143,99149
5591,1.0,1,1329.6389683399143,99150
5592,0.0,5,1329.6389683399143,99155
5593,1.0,9,1330.6389683399143,99164
5594,-2.0,14,1328.6389683399143,99178
5595,12.2,30,1340.8389683399143,99208
5596,-3.5238095238095237,31,1337.3151588161047,99239
5597,1.75,8,1339.0651588161047,99247
5598,-3.0,5,1336.0651588161047,99252
5599,-2.0,20,1334.0651588161047,99272
5600,-0.25,12,1333.8151588161047,99284
5601,-0.25,12,1333.5651588161047,99296
5602,0.75,7,1334.3151588161047,99303
5603,0.0,9,1334.3151588161047,99312
5604,4.428571428571429,21,1338.743730244676,99333
5605,-3.4,27,1335.343730244676,99360
5606,1.8611111111111112,11,1337.204841355787,99371
5607,2.0,3,1339.204841355787,99374
5608,-1.0,10,1338.204841355787,99384
5609,4.0,16,1342.204841355787,99400
5610,0.2,7,1342.404841355787,99407
5611,0.0,7,1342.404841355787,99414
5612,-0.04999999999999999,17,1342.3548413557871,99431
5613,4.0,20,1346.3548413557871,99451
5614,-7.666666666666668,22,1338.6881746891204,99473
5615,-0.5,27,1338.1881746891204,99500
5616,-9.333333333333334,35,1328.8548413557871,99535
5617,-1.0,10,1327.8548413557871,99545
5618,4.1,23,1331.954841355787,99568
5619,2.3333333333333335,21,1334.2881746891203,99589
5620,3.333333333333333,18,1337.6215080224536,99607
5621,3.3666666666666663,18,1340.9881746891201,99625
5622,0.0,7,1340.9881746891201,99632
5623,-1.0,19,1339.9881746891201,99651
5624,-0.6666666666666667,19,1339.3215080224534,99670
5625,0.0,19,1339.3215080224534,99689
5626,3.0,30,1342.3215080224534,99719
5627,3.85,18,1346.1715080224533,99737
5628,1.0,5,1347.1715080224533,99742
5629,2.583333333333333,20,1349.7548413557865,99762
5630,-14.266666666666666,15,1335.48817468912,99777
5631,0.0,19,1335.48817468912,99796
5632,2.0,15,1337.48817468912,99811
5633,3.0,6,1340.48817468912,99817
5634,5.0,29,1345.48817468912,99846
5635,0.3333333333333333,4,1345.8215080224531,99850
5636,-0.5,15,1345.3215080224531,99865
5637,0.5,14,1345.8215080224531,99879
5638,1.0,17,1346.8215080224531,99896
5639,0.0,6,1346.8215080224531,99902
5640,-1.5,4,1345.3215080224531,99906
5641,-0.25,11,1345.0715080224531,99917
5642,0.0,6,1345.0715080224531,99923
5643,-5.333333333333334,8,1339.73817468912,99931
5644,0.5333333333333334,15,1340.2715080224532,99946
5645,1.5,9,1341.7715080224532,99955
5646,-1.0,17,1340.7715080224532,99972
5647,2.0,12,1342.7715080224532,99984
5648,7.5,28,1350.2715080224532,100012
5649,0.0,8,1350.2715080224532,100020
5650,0.0,5,1350.2715080224532,100025
5651,2.0,5,1352.2715080224532,100030
5652,-2.5833333333333335,24,1349.68817468912,100054
5653,2.0,16,1351.68817468912,100070
5654,1.0,10,1352.68817468912,100080
5655,0.0,4,1352.68817468912,100084
5656,0.0,5,1352.68817468912,100089
5657,-2.0,8,1350.68817468912,100097
5658,7.5,14,1358.18817468912,100111
5659,0.0,4,1358.18817468912,100115
5660,-3.0,9,1355.18817468912,100124
5661,1.0,7,1356.18817468912,100131
5662,1.0,4,1357.18817468912,100135
5663,0.0,10,1357.18817468912,100145
5664,-1.0,1,1356.18817468912,100146
5665,0.0,5,1356.18817468912,100151
5666,6.044444444444444,18,1362.2326191335644,100169
5667,0.0,2,1362.2326191335644,100171
5668,0.0,12,1362.2326191335644,100183
5669,0.0,12,1362.2326191335644,100195
5670,3.0,4,1365.2326191335644,100199
5671,3.0,5,1368.2326191335644,100204
5672,1.0,2,1369.2326191335644,100206
5673,1.0,6,1370.2326191335644,100212
5674,5.0,22,1375.2326191335644,100234
5675,0.0,4,1375.2326191335644,100238
5676,-5.0,6,1370.2326191335644,100244
5677,4.0,26,1374.2326191335644,100270
5678,4.95,25,1379.1826191335645,100295
5679,2.0,4,1381.1826191335645,100299
5680,-1.3333333333333333,5,1379.8492858002312,100304
5681,1.0,14,1380.8492858002312,100318
5682,-4.5,37,1376.3492858002312,100355
5683,2.0,9,1378.3492858002312,100364
5684,-0.3333333333333335,14,1378.015952466898,100378
5685,0.7,18,1378.715952466898,100396
5686,0.0,18,1378.715952466898,100414
5687,1.0,11,1379.715952466898,100425
5688,2.25,4,1381.965952466898,100429
5689,0.7,17,1382.665952466898,100446
5690,-3.0,15,1379.665952466898,100461
5691,-2.5,19,1377.165952466898,100480
5692,0.25,8,1377.415952466898,100488
5693,2.2,11,1379.615952466898,100499
5694,2.0,14,1381.615952466898,100513
5695,-1.0,8,1380.615952466898,100521
5696,10.0,23,1390.615952466898,100544
5697,0.5,16,1391.115952466898,100560
5698,0.3666666666666667,22,1391.4826191335646,100582
5699,3.0,10,1394.4826191335646,100592
5700,-8.0,34,1386.4826191335646,100626
5701,-1.0,1,1385.4826191335646,100627
5702,-3.0,25,1382.4826191335646,100652
5703,0.0,11,1382.4826191335646,100663
5704,0.0,14,1382.4826191335646,100677
5705,0.0,1,1382.4826191335646,100678
5706,10.033333333333333,24,1392.515952466898,100702
5707,-2.6,15,1389.915952466898,100717
5708,0.0,9,1389.915952466898,100726
5709,1.0,14,1390.915952466898,100740
5710,1.0,18,1391.915952466898,100758
5711,-1.25,4,1390.665952466898,100762
5712,-2.3333333333333335,11,1388.3326191335648,100773
5713,2.0,8,1390.3326191335648,100781
5714,1.128571428571429,13,1391.4611905621362,100794
5715,1.0285714285714285,25,1392.4897619907076,100819
5716,-6.5,19,1385.9897619907076,100838
5717,10.083333333333334,24,1396.0730953240409,100862
5718,2.5,12,1398.5730953240409,100874
5719,5.742857142857143,35,1404.3159524668981,100909
5720,10.4,23,1414.7159524668982,100932
5721,4.0,7,1418.7159524668982,100939
5722,1.6,8,1420.3159524668981,100947
5723,-2.0,13,1418.3159524668981,100960
5724,-1.25,7,1417.0659524668981,100967
5725,-1.25,9,1415.8159524668981,100976
5726,0.0,5,1415.8159524668981,100981
5727,9.2,32,1425.0159524668982,101013
5728,0.0,8,1425.0159524668982,101021
5729,-0.6666666666666667,14,1424.3492858002314,101035
5730,0.0,6,1424.3492858002314,101041
5731,0.0,1,1424.3492858002314,101042
5732,0.39999999999999997,13,1424.7492858002315,101055
5733,2.0,9,1426.7492858002315,101064
5734,-1.0,12,1425.7492858002315,101076
5735,0.0,1,1425.7492858002315,101077
5736,1.333333333333333,24,1427.0826191335648,101101
5737,0.0,1,1427.0826191335648,101102
5738,-6.333333333333333,10,1420.7492858002315,101112
5739,0.0,22,1420.7492858002315,101134
5740,0.0,12,1420.7492858002315,101146
5741,0.5,16,1421.2492858002315,101162
5742,4.333333333333334,17,1425.5826191335648,101179
5743,-0.25,16,1425.3326191335648,101195
5744,4.2,12,1429.5326191335648,101207
5745,2.1666666666666665,12,1431.6992858002316,101219
5746,2.5,21,1434.1992858002316,101240
5747,3.0,13,1437.1992858002316,101253
5748,3.9,23,1441.0992858002317,101276
5749,-2.0,8,1439.0992858002317,101284
5750,5.0,20,1444.0992858002317,101304
5751,4.333333333333334,18,1448.432619133565,101322
5752,2.0,5,1450.432619133565,101327
5753,0.0,22,1450.432619133565,101349
5754,2.75,8,1453.182619133565,101357
5755,0.0,6,1453.182619133565,101363
5756,0.0,2,1453.182619133565,101365
5757,-2.0,5,1451.182619133565,101370
5758,1.8333333333333335,23,1453.0159524668982,101393
5759,2.0,5,1455.0159524668982,101398
5760,1.5,16,1456.5159524668982,101414
5761,-8.6,17,1447.9159524668983,101431
5762,5.045454545454545,13,1452.9614070123528,101444
5763,-4.25,11,1448.7114070123528,101455
5764,0.25,23,1448.9614070123528,101478
5765,-1.6666666666666667,5,1447.294740345686,101483
5766,-1.0,19,1446.294740345686,101502
5767,-5.333333333333333,13,1440.9614070123528,101515
5768,4.083333333333334,20,1445.044740345686,101535
5769,-0.13333333333333347,36,1444.9114070123526,101571
5770,-1.5,13,1443.4114070123526,101584
5771,-4.333333333333333,35,1439.0780736790193,101619
5772,6.0,18,1445.0780736790193,101637
5773,-0.5,30,1444.5780736790193,101667
5774,-3.5,30,1441.0780736790193,101697
5775,2.0,37,1443.0780736790193,101734
5776,1.1,13,1444.1780736790192,101747
5777,6.833333333333333,46,1451.0114070123525,101793
5778,-5.583333333333332,11,1445.4280736790192,101804
5779,5.5,29,1450.9280736790192,101833
5780,-7.737179487179487,22,1443.1908941918398,101855
5781,7.0,26,1450.1908941918398,101881
5782,-4.611111111111111,30,1445.5797830807287,101911
5783,-1.0,33,1444.5797830807287,101944
5784,-5.833333333333333,23,1438.7464497473954,101967
5785,-2.0,21,1436.7464497473954,101988
5786,0.3999999999999999,20,1437.1464497473955,102008
5787,0.0,2,1437.1464497473955,102010
5788,-4.5,10,1432.6464497473955,102020
5789,0.0,4,1432.6464497473955,102024
5790,0.0,3,1432.6464497473955,102027
5791,4.0,4,1436.6464497473955,102031
5792,-1.5,8,1435.1464497473955,102039
5793,-6.666666666666667,13,1428.4797830807288,102052
5794,0.0,2,1428.4797830807288,102054
5795,1.0,17,1429.4797830807288,102071
5796,-3.0,8,1426.4797830807288,102079
5797,0.0,2,1426.4797830807288,102081
5798,-6.0,8,1420.4797830807288,102089
5799,-1.0,32,1419.4797830807288,102121
5800,-7.333333333333334,29,1412.1464497473955,102150
5801,1.8499999999999996,31,1413.9964497473954,102181
5802,0.0,7,1413.9964497473954,102188
5803,-5.666666666666667,6,1408.3297830807287,102194
5804,-2.5,8,1405.8297830807287,102202
5805,-3.5,17,1402.3297830807287,102219
5806,-2.2,6,1400.1297830807287,102225
5807,0.3333333333333333,8,1400.463116414062,102233
5808,-2.0,6,1398.463116414062,102239
5809,-1.0,7,1397.463116414062,102246
5810,1.0,10,1398.463116414062,102256
5811,-1.0,11,1397.463116414062,102267
5812,3.7,15,1401.163116414062,102282
5813,1.0,4,1402.163116414062,102286
5814,2.0,5,1404.163116414062,102291
5815,-5.333333333333334,19,1398.8297830807287,102310
5816,-6.666666666666667,22,1392.163116414062,102332
5817,-3.333333333333333,15,1388.8297830807287,102347
5818,4.0,8,1392.8297830807287,102355
5819,1.0,12,1393.8297830807287,102367
5820,-1.0,9,1392.8297830807287,102376
5821,2.2333333333333334,23,1395.063116414062,102399
5822,-7.666666666666667,22,1387.3964497473953,102421
5823,1.6666666666666667,7,1389.063116414062,102428
5824,2.8333333333333335,27,1391.8964497473953,102455
5825,-1.0,7,1390.8964497473953,102462
5826,1.0,5,1391.8964497473953,102467
5827,1.0,4,1392.8964497473953,102471
5828,4.0,4,1396.8964497473953,102475
5829,-3.857142857142857,17,1393.0393068902524,102492
5830,-6.666666666666667,25,1386.3726402235857,102517
5831,1.0,10,1387.3726402235857,102527
5832,3.0,8,1390.3726402235857,102535
5833,2.5833333333333335,11,1392.955973556919,102546
5834,-4.666666666666667,15,1388.2893068902522,102561
5835,1.0,10,1389.2893068902522,102571
5836,2.0,11,1391.2893068902522,102582
5837,0.0,5,1391.2893068902522,102587
5838,-0.33333333333333326,26,1390.955973556919,102613
5839,2.3428571428571425,26,1393.298830699776,102639
5840,0.16666666666666652,19,1393.4654973664428,102658
5841,2.0,4,1395.4654973664428,102662
5842,0.0,8,1395.4654973664428,102670
5843,0.25,42,1395.7154973664428,102712
5844,-4.0,6,1391.7154973664428,102718
5845,-3.0,17,1388.7154973664428,102735
5846,1.833333333333333,24,1390.548830699776,102759
5847,-3.0,11,1387.548830699776,102770
5848,-1.6666666666666665,14,1385.8821640331093,102784
5849,0.8333333333333335,11,1386.7154973664426,102795
5850,-2.0,12,1384.7154973664426,102807
5851,-4.1269841269841265,28,1380.5885132394585,102835
5852,-1.333333333333333,11,1379.2551799061252,102846
5853,-1.0,6,1378.2551799061252,102852
5854,-5.5,16,1372.7551799061252,102868
5855,-1.0,2,1371.7551799061252,102870
5856,0.0,3,1371.7551799061252,102873
5857,2.0,10,1373.7551799061252,102883
5858,0.4,3,1374.1551799061253,102886
5859,-1.5,15,1372.6551799061253,102901
5860,0.0,6,1372.6551799061253,102907
5861,2.0,3,1374.6551799061253,102910
5862,-3.0,9,1371.6551799061253,102919
5863,3.8000000000000003,22,1375.4551799061253,102941
5864,6.142857142857142,22,1381.5980370489824,102963
5865,1.2,15,1382.7980370489825,102978
5866,-6.800000000000001,14,1375.9980370489825,102992
5867,1.0,14,1376.9980370489825,103006
5868,0.0,1,1376.9980370489825,103007
5869,3.8,30,1380.7980370489825,103037
5870,2.0,14,1382.7980370489825,103051
5871,-2.0,12,1380.7980370489825,103063
5872,3.666666666666667,10,1384.4647037156492,103073
5873,0.0,2,1384.4647037156492,103075
5874,2.3333333333333335,22,1386.7980370489825,103097
5875,4.0,14,1390.7980370489825,103111
5876,1.0,6,1391.7980370489825,103117
5877,-5.0,13,1386.7980370489825,103130
5878,2.5,27,1389.2980370489825,103157
5879,-5.833333333333333,12,1383.4647037156492,103169
5880,7.333333333333334,30,1390.7980370489825,103199
5881,-0.41666666666666696,14,1390.3813703823157,103213
5882,0.0,5,1390.3813703823157,103218
5883,-8.787878787878787,28,1381.593491594437,103246
5884,-6.0,14,1375.593491594437,103260
5885,-0.8,23,1374.793491594437,103283
5886,-1.0,9,1373.793491594437,103292
5887,-2.333333333333333,20,1371.4601582611037,103312
5888,0.0,6,1371.4601582611037,103318
5889,-2.8,5,1368.6601582611038,103323
5890,2.5,14,1371.1601582611038,103337
5891,-8.0,20,1363.1601582611038,103357
5892,-8.61111111111111,19,1354.5490471499927,103376
5893,8.166666666666666,17,1362.7157138166594,103393
5894,-13.741176470588238,51,1348.9745373460712,103444
5895,-1.85,15,1347.1245373460713,103459
5896,6.0,14,1353.1245373460713,103473
5897,-1.2857142857142856,20,1351.838823060357,103493
5898,8.0,16,1359.838823060357,103509
5899,2.5,34,1362.338823060357,103543
5900,0.0,6,1362.338823060357,103549
5901,8.0,11,1370.338823060357,103560
5902,3.0,5,1373.338823060357,103565
5903,6.333333333333333,16,1379.6721563936903,103581
5904,4.75,15,1384.4221563936903,103596
5905,3.75,11,1388.1721563936903,103607
5906,-2.4,30,1385.7721563936902,103637
5907,-7.0,37,1378.7721563936902,103674
5908,2.0,16,1380.7721563936902,103690
5909,1.8181818181818183,36,1382.590338211872,103726
5910,10.8,24,1393.390338211872,103750
5911,6.266666666666666,19,1399.6570048785386,103769
5912,6.0,21,1405.6570048785386,103790
5913,4.333333333333333,21,1409.9903382118719,103811
5914,3.0,14,1412.9903382118719,103825
5915,-7.75,17,1405.2403382118719,103842
5916,3.125,23,1408.3653382118719,103865
5917,1.666666666666667,14,1410.0320048785386,103879
5918,-5.0,14,1405.0320048785386,103893
5919,2.0,21,1407.0320048785386,103914
5920,-2.0,6,1405.0320048785386,103920
5921,-2.0,3,1403.0320048785386,103923
5922,-4.5,8,1398.5320048785386,103931
5923,2.3,12,1400.8320048785386,103943
5924,-2.1666666666666665,17,1398.6653382118718,103960
5925,-6.5,34,1392.1653382118718,103994
5926,-0.5,13,1391.6653382118718,104007
5927,-7.0,19,1384.6653382118718,104026
5928,-2.333333333333333,25,1382.3320048785386,104051
5929,-6.857142857142858,35,1375.4748620213957,104086
5930,1.6666666666666665,24,1377.1415286880624,104110
5931,-4.166666666666666,52,1372.9748620213957,104162
5932,2.0,13,1374.9748620213957,104175
5933,2.0,6,1376.9748620213957,104181
5934,0.0,12,1376.9748620213957,104193
5935,2.3888888888888893,31,1379.3637509102846,104224
5936,0.25,11,1379.6137509102846,104235
5937,1.75,19,1381.3637509102846,104254
5938,3.75,35,1385.1137509102846,104289
5939,-3.25,10,1381.8637509102846,104299
5940,-4.0,13,1377.8637509102846,104312
5941,4.0,11,1381.8637509102846,104323
5942,2.0,9,1383.8637509102846,104332
5943,-0.5,12,1383.3637509102846,104344
5944,-1.5714285714285714,14,1381.792322338856,104358
5945,0,0,1381.792322338856,104358
5946,0,0,1381.792322338856,104358
5947,0,0,1381.792322338856,104358
5948,-0.38043478260869534,39,1381.4118875562472,104397
5949,3.8125,11,1385.2243875562472,104408
5950,1.0,9,1386.2243875562472,104417
5951,-4.3,31,1381.9243875562472,104448
5952,-4.0,12,1377.9243875562472,104460
5953,-3.65,13,1374.2743875562471,104473
5954,-1.0666666666666667,12,1373.2077208895805,104485
5955,-0.5,9,1372.7077208895805,104494
5956,4.083333333333333,23,1376.7910542229138,104517
5957,1.0,11,1377.7910542229138,104528
5958,8.142857142857142,33,1385.9339113657709,104561
5959,-4.8,18,1381.133911365771,104579
5960,-4.057142857142857,36,1377.076768508628,104615
5961,1.5,22,1378.576768508628,104637
5962,-3.174603174603175,33,1375.4021653340249,104670
5963,0.5,12,1375.9021653340249,104682
5964,-1.5,10,1374.4021653340249,104692
5965,8.5,55,1382.9021653340249,104747
5966,-3.0,20,1379.9021653340249,104767
5967,0.0,6,1379.9021653340249,104773
5968,-1.0,14,1378.9021653340249,104787
5969,-3.666666666666667,29,1375.2354986673581,104816
5970,-4.0,7,1371.2354986673581,104823
5971,-8.0,17,1363.2354986673581,104840
5972,0.0,9,1363.2354986673581,104849
5973,0.0,9,1363.2354986673581,104858
5974,-4.0,13,1359.2354986673581,104871
5975,1.3333333333333333,6,1360.5688320006914,104877
5976,-1.8333333333333335,16,1358.7354986673581,104893
5977,-15.016666666666667,43,1343.7188320006915,104936
5978,11.333333333333334,40,1355.0521653340247,104976
5979,-9.0,26,1346.0521653340247,105002
5980,-3.0,27,1343.0521653340247,105029
5981,2.0,28,1345.0521653340247,105057
5982,5.25,12,1350.3021653340247,105069
5983,-1.0,4,1349.3021653340247,105073
5984,1.0,43,1350.3021653340247,105116
5985,7.866666666666665,29,1358.1688320006913,105145
5986,-3.5,20,1354.6688320006913,105165
5987,4.0,25,1358.6688320006913,105190
5988,-1.0,14,1357.6688320006913,105204
5989,-3.0,3,1354.6688320006913,105207
5990,-3.0,5,1351.6688320006913,105212
5991,-2.0,4,1349.6688320006913,105216
5992,-4.0,16,1345.6688320006913,105232
5993,-1.7857142857142858,23,1343.883117714977,105255
5994,4.7,40,1348.583117714977,105295
5995,1.5,9,1350.083117714977,105304
5996,5.0,27,1355.083117714977,105331
5997,1.0,24,1356.083117714977,105355
5998,9.399999999999999,46,1365.4831177149772,105401
5999,3.55,43,1369.0331177149772,105444
6000,-1.8,10,1367.2331177149772,105454
6001,-5.538095238095238,36,1361.695022476882,105490
6002,1.4285714285714288,11,1363.1235939054534,105501
6003,-1.875,21,1361.2485939054534,105522
6004,-9.0,12,1352.2485939054534,105534
6005,-5.0,20,1347.2485939054534,105554
6006,-11.28235294117647,69,1335.966240964277,105623
6007,-7.0,11,1328.966240964277,105634
6008,3.0,12,1331.966240964277,105646
6009,0.0,10,1331.966240964277,105656
6010,-2.0,27,1329.966240964277,105683
6011,-3.0,6,1326.966240964277,105689
6012,0.0,10,1326.966240964277,105699
6013,1.0,12,1327.966240964277,105711
6014,0.0,28,1327.966240964277,105739
6015,0.5499999999999998,31,1328.516240964277,105770
6016,4.5,14,1333.016240964277,105784
6017,4.533333333333333,48,1337.5495742976102,105832
6018,-1.166666666666667,13,1336.3829076309435,105845
6019,3.0,21,1339.3829076309435,105866
6020,-3.640740740740741,14,1335.7421668902027,105880
6021,-1.666666666666666,53,1334.075500223536,105933
6022,-5.5,28,1328.575500223536,105961
6023,2.0,23,1330.575500223536,105984
6024,3.833333333333333,28,1334.4088335568692,106012
6025,-0.2999999999999998,14,1334.1088335568693,106026
6026,4.0,13,1338.1088335568693,106039
6027,-0.8,4,1337.3088335568693,106043
6028,-4.0,13,1333.3088335568693,106056
6029,4.0,9,1337.3088335568693,106065
6030,-1.0,5,1336.3088335568693,106070
6031,-2.0,7,1334.3088335568693,106077
6032,1.0,12,1335.3088335568693,106089
6033,-1.8055555555555554,28,1333.5032780013137,106117
6034,0.0,1,1333.5032780013137,106118
6035,0.3333333333333333,1,1333.836611334647,106119
6036,5.0,31,1338.836611334647,106150
6037,-9.58678955453149,30,1329.2498217801156,106180
6038,-10.30952380952381,17,1318.9402979705917,106197
6039,-4.933333333333334,17,1314.0069646372583,106214
6040,2.0,13,1316.0069646372583,106227
6041,-0.8823529411764706,25,1315.1246116960817,106252
6042,0.833333333333333,30,1315.957945029415,106282
6043,-1.8,10,1314.157945029415,106292
6044,0.0,2,1314.157945029415,106294
6045,0.0,4,1314.157945029415,106298
6046,-4.0,11,1310.157945029415,106309
6047,2.0,8,1312.157945029415,106317
6048,0,0,1312.157945029415,106317
6049,0,0,1312.157945029415,106317
6050,0.0,1,1312.157945029415,106318
6051,0,0,1312.157945029415,106318
6052,0,0,1312.157945029415,106318
6053,0.0,1,1312.157945029415,106319
6054,0,0,1312.157945029415,106319
6055,0,0,1312.157945029415,106319
6056,0.0,7,1312.157945029415,106326
6057,0.0,5,1312.157945029415,106331
6058,4.0,11,1316.157945029415,106342
6059,1.8571428571428572,4,1318.015087886558,106346
6060,2.0,19,1320.015087886558,106365
6061,12.166666666666666,15,1332.1817545532247,106380
6062,1.0,3,1333.1817545532247,106383
6063,-2.0,5,1331.1817545532247,106388
6064,3.888888888888889,8,1335.0706434421136,106396
6065,-7.621212121212121,52,1327.4494313209016,106448
6066,1.0,1,1328.4494313209016,106449
6067,1.2,8,1329.6494313209016,106457
6068,0.0,5,1329.6494313209016,106462
6069,-4.0,11,1325.6494313209016,106473
6070,-0.3999999999999999,24,1325.2494313209015,106497
6071,0.3333333333333333,19,1325.5827646542348,106516
6072,-1.833333333333333,19,1323.7494313209015,106535
6073,5.0,6,1328.7494313209015,106541
6074,2.25,18,1330.9994313209015,106559
6075,-1.3333333333333333,3,1329.6660979875683,106562
6076,0.0,1,1329.6660979875683,106563
6077,0.0,1,1329.6660979875683,106564
6078,2.0,9,1331.6660979875683,106573
6079,0.0,3,1331.6660979875683,106576
6080,3.0,3,1334.6660979875683,106579
6081,0.09615384615384626,22,1334.762251833722,106601
6082,0.0,3,1334.762251833722,106604
6083,2.3333333333333335,8,1337.0955851670553,106612
6084,1.0,2,1338.0955851670553,106614
6085,0.0,3,1338.0955851670553,106617
6086,-1.9999999999999998,36,1336.0955851670553,106653
6087,0.0,6,1336.0955851670553,106659
6088,1.3333333333333333,8,1337.4289185003886,106667
6089,3.2,9,1340.6289185003886,106676
6090,2.25,2,1342.8789185003886,106678
6091,-10.571428571428571,28,1332.30748992896,106706
6092,1.5,20,1333.80748992896,106726
6093,-5.166666666666666,29,1328.6408232622932,106755
6094,-4.0,8,1324.6408232622932,106763
6095,0.0,6,1324.6408232622932,106769
6096,1.5454545454545454,13,1326.1862778077477,106782
6097,-0.8804347826086956,15,1325.305843025139,106797
6098,-1.0,6,1324.305843025139,106803
6099,0.0,4,1324.305843025139,106807
6100,2.0,10,1326.305843025139,106817
6101,2.2,13,1328.505843025139,106830
6102,-2.25,9,1326.255843025139,106839
6103,0.0,5,1326.255843025139,106844
6104,-2.0,8,1324.255843025139,106852
6105,-5.1,23,1319.1558430251391,106875
6106,3.0,15,1322.1558430251391,106890
6107,1.0,11,1323.1558430251391,106901
6108,0.0,6,1323.1558430251391,106907
6109,-0.6,10,1322.5558430251392,106917
6110,5.333333333333334,2,1327.8891763584725,106919
6111,0.0,3,1327.8891763584725,106922
6112,0.0,1,1327.8891763584725,106923
6113,-0.26666666666666705,30,1327.6225096918058,106953
6114,3.0,4,1330.6225096918058,106957
6115,-3.0,4,1327.6225096918058,106961
6116,0.0,7,1327.6225096918058,106968
6117,0.0,3,1327.6225096918058,106971
6118,0.8181818181818182,8,1328.4406915099876,106979
6119,-2.0,2,1326.4406915099876,106981
6120,0.0,11,1326.4406915099876,106992
6121,0.0,11,1326.4406915099876,107003
6122,-3.0,5,1323.4406915099876,107008
6123,-0.6666666666666667,7,1322.7740248433208,107015
6124,-6.5,27,1316.2740248433208,107042
6125,0.0,12,1316.2740248433208,107054
6126,-2.0,11,1314.2740248433208,107065
6127,-1.0,2,1313.2740248433208,107067
6128,0.0,3,1313.2740248433208,107070
6129,0.0,3,1313.2740248433208,107073
6130,0.0,3,1313.2740248433208,107076
6131,0.0,3,1313.2740248433208,107079
6132,-5.5,16,1307.7740248433208,107095
6133,-1.3333333333333333,5,1306.4406915099876,107100
6134,3.5,33,1309.9406915099876,107133
6135,0.0,6,1309.9406915099876,107139
6136,6.833333333333333,23,1316.7740248433208,107162
6137,0.25,19,1317.0240248433208,107181
6138,2.0,6,1319.0240248433208,107187
6139,1.0,5,1320.0240248433208,107192
6140,0.75,7,1320.7740248433208,107199
6141,1.25,4,1322.0240248433208,107203
6142,-2.0,20,1320.0240248433208,107223
6143,-3.0,14,1317.0240248433208,107237
6144,-2.0,8,1315.0240248433208,107245
6145,1.5,10,1316.5240248433208,107255
6146,0.0,7,1316.5240248433208,107262
6147,1.5,15,1318.0240248433208,107277
6148,-4.0,8,1314.0240248433208,107285
6149,0.0,11,1314.0240248433208,107296
6150,-6.666666666666666,16,1307.357358176654,107312
6151,-2.0,4,1305.357358176654,107316
6152,0.0,1,1305.357358176654,107317
6153,3.0,21,1308.357358176654,107338
6154,0.0,1,1308.357358176654,107339
6155,-2.5,22,1305.857358176654,107361
6156,-2.0,9,1303.857358176654,107370
6157,3.4444444444444446,32,1307.3018026210984,107402
6158,0.0,6,1307.3018026210984,107408
6159,1.5,5,1308.8018026210984,107413
6160,-1.0,9,1307.8018026210984,107422
6161,3.909090909090909,12,1311.7108935301894,107434
6162,4.416666666666667,15,1316.1275601968562,107449
6163,1.0,6,1317.1275601968562,107455
6164,3.0,2,1320.1275601968562,107457
6165,3.928571428571429,7,1324.0561316254275,107464
6166,-3.5,24,1320.5561316254275,107488
6167,-3.0,19,1317.5561316254275,107507
6168,-2.7745098039215685,24,1314.781621821506,107531
6169,-0.4545454545454546,28,1314.3270763669605,107559
6170,-5.0,19,1309.3270763669605,107578
6171,-4.333333333333334,36,1304.9937430336272,107614
6172,0.0,3,1304.9937430336272,107617
6173,-1.0,3,1303.9937430336272,107620
6174,-1.0,5,1302.9937430336272,107625
6175,-7.0,8,1295.9937430336272,107633
6176,-2.1666666666666665,10,1293.8270763669605,107643
6177,3.125,12,1296.9520763669605,107655
6178,-1.5714285714285714,13,1295.3806477955318,107668
6179,-3.0,7,1292.3806477955318,107675
6180,-4.0,6,1288.3806477955318,107681
6181,-4.333333333333333,5,1284.0473144621985,107686
6182,-3.75,15,1280.2973144621985,107701
6183,3.0454545454545454,17,1283.342769007653,107718
6184,3.2383107088989442,27,1286.581079716552,107745
6185,-4.0,17,1282.581079716552,107762
6186,-3.821428571428571,21,1278.7596511451234,107783
6187,-1.8333333333333335,30,1276.92631781179,107813
6188,4.0,6,1280.92631781179,107819
6189,-3.0,13,1277.92631781179,107832
6190,0.0,23,1277.92631781179,107855
6191,-2.0,23,1275.92631781179,107878
6192,-5.0,18,1270.92631781179,107896
6193,2.0,18,1272.92631781179,107914
6194,0.6666666666666667,7,1273.5929844784569,107921
6195,-1.0,13,1272.5929844784569,107934
6196,-0.6666666666666661,30,1271.92631781179,107964
6197,-2.0,2,1269.92631781179,107966
6198,-1.3333333333333333,13,1268.5929844784569,107979
6199,4.0,3,1272.5929844784569,107982
6200,4.0,12,1276.5929844784569,107994
6201,-1.25,11,1275.3429844784569,108005
6202,-0.25,23,1275.0929844784569,108028
6203,-5.25,21,1269.8429844784569,108049
6204,-1.6666666666666667,26,1268.17631781179,108075
6205,-2.0,5,1266.17631781179,108080
6206,-5.8,23,1260.3763178117902,108103
6207,3.0,9,1263.3763178117902,108112
6208,-1.0,20,1262.3763178117902,108132
6209,3.0,6,1265.3763178117902,108138
6210,-3.0,8,1262.3763178117902,108146
6211,-1.3333333333333333,8,1261.042984478457,108154
6212,-3.0,15,1258.042984478457,108169
6213,-7.0,5,1251.042984478457,108174
6214,0.0,9,1251.042984478457,108183
6215,-4.0,19,1247.042984478457,108202
6216,0.0,3,1247.042984478457,108205
6217,2.0,4,1249.042984478457,108209
6218,-1.0,16,1248.042984478457,108225
6219,1.0,15,1249.042984478457,108240
6220,6.0,25,1255.042984478457,108265
6221,-2.0,12,1253.042984478457,108277
6222,4.0,11,1257.042984478457,108288
6223,0.2,23,1257.242984478457,108311
6224,1.0,8,1258.242984478457,108319
6225,2.5,6,1260.742984478457,108325
6226,-3.0,8,1257.742984478457,108333
6227,-1.0,7,1256.742984478457,108340
6228,-3.333333333333333,11,1253.4096511451237,108351
6229,-2.0,3,1251.4096511451237,108354
6230,-1.833333333333333,35,1249.5763178117904,108389
6231,-5.0,20,1244.5763178117904,108409
6232,3.0,35,1247.5763178117904,108444
6233,-3.5,21,1244.0763178117904,108465
6234,2.0,24,1246.0763178117904,108489
6235,-2.571428571428571,35,1243.5048892403618,108524
6236,1.0,8,1244.5048892403618,108532
6237,3.225,39,1247.7298892403617,108571
6238,1.0,34,1248.7298892403617,108605
6239,3.0,26,1251.7298892403617,108631
6240,4.0,21,1255.7298892403617,108652
6241,-9.833333333333334,36,1245.8965559070284,108688
6242,0.2777777777777777,30,1246.1743336848062,108718
6243,-0.3999999999999999,35,1245.7743336848062,108753
6244,7.595238095238095,39,1253.3695717800442,108792
6245,-2.333333333333333,12,1251.036238446711,108804
6246,1.166666666666666,19,1252.2029051133777,108823
6247,0.0,1,1252.2029051133777,108824
6248,0.0,8,1252.2029051133777,108832
6249,-2.0,23,1250.2029051133777,108855
6250,-3.0,37,1247.2029051133777,108892
6251,-0.16666666666666696,46,1247.036238446711,108938
6252,-3.9000000000000004,36,1243.1362384467109,108974
6253,-1.0,2,1242.1362384467109,108976
6254,-3.5,13,1238.6362384467109,108989
6255,2.533333333333333,25,1241.1695717800442,109014
6256,5.4,21,1246.5695717800443,109035
6257,9.0,18,1255.5695717800443,109053
6258,2.6,18,1258.1695717800442,109071
6259,2.466666666666667,54,1260.6362384467109,109125
6260,-1.0,15,1259.6362384467109,109140
6261,1.657142857142857,31,1261.2933813038537,109171
6262,1.0,8,1262.2933813038537,109179
6263,6.5,26,1268.7933813038537,109205
6264,4.0,13,1272.7933813038537,109218
6265,-1.5,5,1271.2933813038537,109223
6266,8.0,28,1279.2933813038537,109251
6267,2.0,8,1281.2933813038537,109259
6268,-2.333333333333333,19,1278.9600479705205,109278
6269,5.8,15,1284.7600479705204,109293
6270,12.0,21,1296.7600479705204,109314
6271,1.5,17,1298.2600479705204,109331
6272,2.0,19,1300.2600479705204,109350
6273,3.0,4,1303.2600479705204,109354
6274,2.0,6,1305.2600479705204,109360
6275,4.2,13,1309.4600479705205,109373
6276,2.0,16,1311.4600479705205,109389
6277,5.333333333333334,33,1316.7933813038537,109422
6278,3.6,14,1320.3933813038536,109436
6279,1.0,11,1321.3933813038536,109447
6280,-2.3833333333333337,24,1319.0100479705202,109471
6281,-1.3333333333333335,22,1317.676714637187,109493
6282,5.333333333333334,2,1323.0100479705202,109495
6283,0.0,8,1323.0100479705202,109503
6284,2.3333333333333335,21,1325.3433813038534,109524
6285,3.0,13,1328.3433813038534,109537
6286,12.0,39,1340.3433813038534,109576
6287,2.75,46,1343.0933813038534,109622
6288,5.5,24,1348.5933813038534,109646
6289,2.5,10,1351.0933813038534,109656
6290,0,0,1351.0933813038534,109656
6291,0,0,1351.0933813038534,109656
6292,0,0,1351.0933813038534,109656
6293,2.25,17,1353.3433813038534,109673
6294,0.0,4,1353.3433813038534,109677
6295,2.5,11,1355.8433813038534,109688
6296,7.583333333333334,16,1363.4267146371867,109704
6297,-1.5833333333333333,12,1361.8433813038534,109716
6298,2.0,11,1363.8433813038534,109727
6299,2.2142857142857144,15,1366.0576670181392,109742
6300,2.2,25,1368.2576670181393,109767
6301,10.45,33,1378.7076670181393,109800
6302,7.0,19,1385.7076670181393,109819
6303,4.166666666666666,33,1389.874333684806,109852
6304,5.0,9,1394.874333684806,109861
6305,2.0,15,1396.874333684806,109876
6306,1.0,13,1397.874333684806,109889
6307,-3.5,13,1394.374333684806,109902
6308,5.928571428571429,10,1400.3029051133774,109912
6309,0.0,14,1400.3029051133774,109926
6310,3.5,10,1403.8029051133774,109936
6311,-3.0,12,1400.8029051133774,109948
6312,-2.3333333333333335,14,1398.4695717800441,109962
6313,-3.0,9,1395.4695717800441,109971
6314,-2.8714285714285714,12,1392.5981432086155,109983
6315,4.0,25,1396.5981432086155,110008
6316,0.0,5,1396.5981432086155,110013
6317,0.6000000000000001,31,1397.1981432086154,110044
6318,-1.25,22,1395.9481432086154,110066
6319,6.25,23,1402.1981432086154,110089
6320,2.25,25,1404.4481432086154,110114
6321,3.25,22,1407.6981432086154,110136
6322,0.0,15,1407.6981432086154,110151
6323,0.0,3,1407.6981432086154,110154
6324,2.0,5,1409.6981432086154,110159
6325,2.0,17,1411.6981432086154,110176
6326,1.0,19,1412.6981432086154,110195
6327,-0.30000000000000004,15,1412.3981432086155,110210
6328,1.0,4,1413.3981432086155,110214
6329,-5.0,20,1408.3981432086155,110234
6330,6.0,6,1414.3981432086155,110240
6331,-1.5,11,1412.8981432086155,110251
6332,-3.5,24,1409.3981432086155,110275
6333,-3.0,5,1406.3981432086155,110280
6334,3.0,7,1409.3981432086155,110287
6335,-1.0,10,1408.3981432086155,110297
6336,3.25,27,1411.6481432086155,110324
6337,-3.3333333333333335,19,1408.3148098752822,110343
6338,0.06666666666666599,30,1408.3814765419488,110373
6339,6.85,27,1415.2314765419487,110400
6340,-8.1,53,1407.1314765419488,110453
6341,-3.0,38,1404.1314765419488,110491
6342,4.0,24,1408.1314765419488,110515
6343,0.0,21,1408.1314765419488,110536
6344,3.111111111111111,27,1411.24258765306,110563
6345,3.333333333333334,20,1414.5759209863932,110583
6346,3.1,41,1417.675920986393,110624
6347,1.1428571428571428,24,1418.8187781292502,110648
6348,1.0,7,1419.8187781292502,110655
6349,-5.424242424242424,11,1414.3945357050077,110666
6350,-3.0,5,1411.3945357050077,110671
6351,0.0,13,1411.3945357050077,110684
6352,-1.4,9,1409.9945357050076,110693
6353,-2.4,22,1407.5945357050075,110715
6354,0.0,10,1407.5945357050075,110725
6355,-0.9166666666666667,24,1406.6778690383408,110749
6356,-0.5499999999999998,27,1406.1278690383408,110776
6357,0.5999999999999996,14,1406.7278690383407,110790
6358,5.333333333333334,22,1412.061202371674,110812
6359,-3.25,15,1408.811202371674,110827
6360,1.1428571428571428,11,1409.954059514531,110838
6361,-3.0,30,1406.954059514531,110868
6362,1.5000000000000004,24,1408.454059514531,110892
6363,0.6666666666666665,35,1409.1207261811978,110927
6364,5.0,16,1414.1207261811978,110943
6365,-1.0,16,1413.1207261811978,110959
6366,-2.0,2,1411.1207261811978,110961
6367,-0.75,5,1410.3707261811978,110966
6368,2.25,12,1412.6207261811978,110978
6369,2.0,27,1414.6207261811978,111005
6370,2.405555555555555,48,1417.0262817367534,111053
6371,-1.0499999999999998,9,1415.9762817367534,111062
6372,2.166666666666667,21,1418.1429484034202,111083
6373,-4.033333333333333,33,1414.1096150700869,111116
6374,-1.1111111111111112,27,1412.9985039589758,111143
6375,-7.133333333333334,27,1405.8651706256423,111170
6376,-3.5238095238095237,22,1402.3413611018327,111192
6377,-2.0,30,1400.3413611018327,111222
6378,-4.0,20,1396.3413611018327,111242
6379,-2.0,19,1394.3413611018327,111261
6380,4.333333333333334,15,1398.674694435166,111276
6381,0.3333333333333333,14,1399.0080277684992,111290
6382,-9.874999999999998,12,1389.1330277684992,111302
6383,-1.0,5,1388.1330277684992,111307
6384,0.0,4,1388.1330277684992,111311
6385,4.666666666666667,25,1392.799694435166,111336
6386,-2.196428571428571,56,1390.6032658637373,111392
6387,4.666666666666667,15,1395.269932530404,111407
6388,6.488888888888889,37,1401.7588214192929,111444
6389,16.16666666666667,111,1417.9254880859596,111555
6390,3.428571428571429,52,1421.354059514531,111607
6391,3.5,24,1424.854059514531,111631
6392,1.0,21,1425.854059514531,111652
6393,-5.0,18,1420.854059514531,111670
6394,-4.237179487179487,42,1416.6168800273515,111712
6395,1.0,16,1417.6168800273515,111728
6396,2.5,24,1420.1168800273515,111752
6397,3.0,15,1423.1168800273515,111767
6398,-3.25,7,1419.8668800273515,111774
6399,-0.8,5,1419.0668800273515,111779
6400,0.0,13,1419.0668800273515,111792
6401,1.7000000000000002,7,1420.7668800273516,111799
6402,11.428571428571427,40,1432.195451455923,111839
6403,-2.0,11,1430.195451455923,111850
6404,-2.0,23,1428.195451455923,111873
6405,0.10000000000000009,11,1428.2954514559228,111884
6406,2.25,31,1430.5454514559228,111915
6407,-2.0,15,1428.5454514559228,111930
6408,2.8333333333333335,32,1431.378784789256,111962
6409,3.916666666666667,16,1435.2954514559228,111978
6410,-2.0,21,1433.2954514559228,111999
6411,1.0,24,1434.2954514559228,112023
6412,-1.3333333333333335,7,1432.9621181225896,112030
6413,-2.0,1,1430.9621181225896,112031
6414,3.0,4,1433.9621181225896,112035
6415,-6.0,14,1427.9621181225896,112049
6416,2.0,12,1429.9621181225896,112061
6417,1.6666666666666665,23,1431.6287847892563,112084
6418,0.0,10,1431.6287847892563,112094
6419,-2.0,21,1429.6287847892563,112115
6420,8.25,19,1437.8787847892563,112134
6421,-1.0555555555555558,22,1436.8232292337007,112156
6422,1.5333333333333332,21,1438.356562567034,112177
6423,-7.333333333333334,43,1431.0232292337007,112220
6424,-3.333333333333333,12,1427.6898959003674,112232
6425,1.0,3,1428.6898959003674,112235
6426,-2.0,7,1426.6898959003674,112242
6427,3.0,18,1429.6898959003674,112260
6428,0.0,6,1429.6898959003674,112266
6429,-2.0,5,1427.6898959003674,112271
6430,3.5454545454545454,26,1431.235350445822,112297
6431,1.6666666666666667,7,1432.9020171124887,112304
6432,1.0,2,1433.9020171124887,112306
6433,2.3333333333333335,6,1436.235350445822,112312
6434,-1.0,18,1435.235350445822,112330
6435,-2.0,16,1433.235350445822,112346
6436,-1.5833333333333333,25,1431.6520171124887,112371
6437,-1.8333333333333335,26,1429.8186837791554,112397
6438,3.0,4,1432.8186837791554,112401
6439,-0.4,5,1432.4186837791553,112406
6440,2.0,8,1434.4186837791553,112414
6441,3.0,6,1437.4186837791553,112420
6442,0.33333333333333326,20,1437.7520171124886,112440
6443,3.0,21,1440.7520171124886,112461
6444,-1.2888888888888888,37,1439.4631282235998,112498
6445,5.333333333333333,27,1444.796461556933,112525
6446,3.0,8,1447.796461556933,112533
6447,0.09999999999999998,15,1447.896461556933,112548
6448,0.0,7,1447.896461556933,112555
6449,0.75,9,1448.646461556933,112564
6450,0.47619047619047583,32,1449.1226520331234,112596
6451,0.0,2,1449.1226520331234,112598
6452,-1.0,11,1448.1226520331234,112609
6453,-0.4666666666666668,21,1447.6559853664567,112630
6454,0.0,3,1447.6559853664567,112633
6455,3.0,7,1450.6559853664567,112640
6456,-0.6666666666666667,8,1449.98931869979,112648
6457,0.3333333333333333,3,1450.3226520331232,112651
6458,-2.8333333333333335,6,1447.48931869979,112657
6459,5.666666666666666,7,1453.1559853664567,112664
6460,-3.0,4,1450.1559853664567,112668
6461,-2.0,9,1448.1559853664567,112677
6462,-5.0,12,1443.1559853664567,112689
6463,1.0,12,1444.1559853664567,112701
6464,0.0,9,1444.1559853664567,112710
6465,-2.0,9,1442.1559853664567,112719
6466,4.0,20,1446.1559853664567,112739
6467,4.7,10,1450.8559853664567,112749
6468,-0.5,10,1450.3559853664567,112759
6469,-7.333333333333334,8,1443.0226520331234,112767
6470,-0.5,7,1442.5226520331234,112774
6471,1.0,28,1443.5226520331234,112802
6472,1.5,11,1445.0226520331234,112813
6473,4.0,7,1449.0226520331234,112820
6474,12.7,27,1461.7226520331235,112847
6475,-1.0,24,1460.7226520331235,112871
6476,0.0,3,1460.7226520331235,112874
6477,-9.5,21,1451.2226520331235,112895
6478,-0.3333333333333335,28,1450.8893186997902,112923
6479,1.0,22,1451.8893186997902,112945
6480,-2.8333333333333335,8,1449.055985366457,112953
6481,-7.5,20,1441.555985366457,112973
6482,-3.5,52,1438.055985366457,113025
6483,0.0,5,1438.055985366457,113030
6484,0.0,6,1438.055985366457,113036
6485,-2.0,8,1436.055985366457,113044
6486,1.0,5,1437.055985366457,113049
6487,0.5555555555555554,20,1437.6115409220126,113069
6488,-6.333333333333333,29,1431.2782075886794,113098
6489,-9.333333333333332,30,1421.9448742553461,113128
6490,2.0,8,1423.9448742553461,113136
6491,2.0,16,1425.9448742553461,113152
6492,-0.6666666666666667,25,1425.2782075886794,113177
6493,-2.0,3,1423.2782075886794,113180
6494,-6.0,11,1417.2782075886794,113191
6495,-4.666666666666667,12,1412.6115409220126,113203
6496,4.0,27,1416.6115409220126,113230
6497,-3.8,18,1412.8115409220127,113248
6498,1.0,8,1413.8115409220127,113256
6499,-2.0,7,1411.8115409220127,113263
6500,0.5,9,1412.3115409220127,113272
6501,-1.1666666666666665,25,1411.144874255346,113297
6502,7.164285714285715,49,1418.3091599696318,113346
6503,4.0,10,1422.3091599696318,113356
6504,3.333333333333333,19,1425.642493302965,113375
6505,0.0,12,1425.642493302965,113387
6506,-4.8,13,1420.842493302965,113400
6507,-1.7,11,1419.142493302965,113411
6508,-5.0,11,1414.142493302965,113422
6509,-5.333333333333334,10,1408.8091599696318,113432
6510,2.0,5,1410.8091599696318,113437
6511,-2.0,8,1408.8091599696318,113445
6512,-2.0,11,1406.8091599696318,113456
6513,-4.0,9,1402.8091599696318,113465
6514,-1.6666666666666667,8,1401.142493302965,113473
6515,1.0,11,1402.142493302965,113484
6516,-1.0,8,1401.142493302965,113492
6517,-0.6666666666666667,29,1400.4758266362983,113521
6518,-2.0,12,1398.4758266362983,113533
6519,2.5,18,1400.9758266362983,113551
6520,3.0,6,1403.9758266362983,113557
6521,1.0,2,1404.9758266362983,113559
6522,-2.0,16,1402.9758266362983,113575
6523,0.0,2,1402.9758266362983,113577
6524,-3.333333333333333,7,1399.642493302965,113584
6525,-1.0,8,1398.642493302965,113592
6526,2.0,11,1400.642493302965,113603
6527,4.142857142857142,16,1404.7853504458221,113619
6528,2.0,4,1406.7853504458221,113623
6529,-3.6666666666666665,7,1403.1186837791554,113630
6530,2.325,26,1405.4436837791554,113656
6531,4.333333333333333,23,1409.7770171124887,113679
6532,2.2,16,1411.9770171124887,113695
6533,0.0,1,1411.9770171124887,113696
6534,0.0,1,1411.9770171124887,113697
6535,7.0,8,1418.9770171124887,113705
6536,9.5,21,1428.4770171124887,113726
6537,2.75,15,1431.2270171124887,113741
6538,4.5,39,1435.7270171124887,113780
6539,0.75,18,1436.4770171124887,113798
6540,5.0,19,1441.4770171124887,113817
6541,2.0,5,1443.4770171124887,113822
6542,-5.5,15,1437.9770171124887,113837
6543,1.1666666666666665,16,1439.1436837791555,113853
6544,-8.666666666666666,11,1430.4770171124887,113864
6545,4.0,28,1434.4770171124887,113892
6546,-5.666666666666667,18,1428.810350445822,113910
6547,-7.466666666666667,17,1421.3436837791553,113927
6548,3.7333333333333325,27,1425.0770171124886,113954
6549,-1.1904761904761905,31,1423.8865409220125,113985
6550,-6.871428571428571,54,1417.0151123505839,114039
6551,-1.5714285714285712,14,1415.4436837791552,114053
6552,-3.666666666666667,17,1411.7770171124885,114070
6553,2.0,4,1413.7770171124885,114074
6554,5.0,4,1418.7770171124885,114078
6555,-0.33333333333333326,14,1418.4436837791552,114092
6556,0.9500000000000002,19,1419.3936837791553,114111
6557,0.0,12,1419.3936837791553,114123
6558,-2.0,10,1417.3936837791553,114133
6559,1.5,17,1418.8936837791553,114150
6560,-4.454545454545455,18,1414.4391383246098,114168
6561,1.0,6,1415.4391383246098,114174
6562,3.0,5,1418.4391383246098,114179
6563,3.0,6,1421.4391383246098,114185
6564,-0.5,10,1420.9391383246098,114195
6565,5.666666666666666,22,1426.6058049912765,114217
6566,1.8333333333333335,19,1428.4391383246098,114236
6567,4.333333333333333,11,1432.772471657943,114247
6568,-2.0,15,1430.772471657943,114262
6569,-1.0,18,1429.772471657943,114280
6570,4.0,21,1433.772471657943,114301
6571,3.0,5,1436.772471657943,114306
6572,-3.3333333333333335,16,1433.4391383246098,114322
6573,-1.666666666666667,28,1431.772471657943,114350
6574,-4.811111111111111,21,1426.9613605468319,114371
6575,-2.6666666666666665,17,1424.2946938801651,114388
6576,-2.0,14,1422.2946938801651,114402
6577,-1.0,18,1421.2946938801651,114420
6578,6.949999999999999,22,1428.2446938801652,114442
6579,7.733333333333333,27,1435.9780272134985,114469
6580,-11.0,25,1424.9780272134985,114494
6581,-4.011111111111111,24,1420.9669161023874,114518
6582,7.6,18,1428.5669161023873,114536
6583,0.6666666666666665,28,1429.233582769054,114564
6584,0.5,28,1429.733582769054,114592
6585,-0.16666666666666674,24,1429.5669161023873,114616
6586,2.0,30,1431.5669161023873,114646
6587,-0.5,12,1431.0669161023873,114658
6588,5.800000000000001,26,1436.8669161023872,114684
6589,4.0,17,1440.8669161023872,114701
6590,4.5,17,1445.3669161023872,114718
6591,9.0,21,1454.3669161023872,114739
6592,0.16666666666666652,10,1454.533582769054,114749
6593,0.0,16,1454.533582769054,114765
6594,4.833333333333334,24,1459.3669161023872,114789
6595,0.0,9,1459.3669161023872,114798
6596,4.75,10,1464.1169161023872,114808
6597,3.0,6,1467.1169161023872,114814
6598,-5.0,8,1462.1169161023872,114822
6599,-5.0,18,1457.1169161023872,114840
6600,-3.25,18,1453.8669161023872,114858
6601,-4.4,20,1449.4669161023871,114878
6602,-3.0,20,1446.4669161023871,114898
6603,-4.0,14,1442.4669161023871,114912
6604,-1.0,5,1441.4669161023871,114917
6605,-1.0,14,1440.4669161023871,114931
6606,7.866666666666666,24,1448.3335827690537,114955
6607,-2.0,22,1446.3335827690537,114977
6608,-6.0,27,1440.3335827690537,115004
6609,1.0,25,1441.3335827690537,115029
6610,-2.666666666666667,9,1438.666916102387,115038
6611,-4.0,28,1434.666916102387,115066
6612,2.0476190476190474,34,1436.714535150006,115100
6613,0.6,22,1437.314535150006,115122
6614,2.2666666666666666,14,1439.5812018166725,115136
6615,-0.4,6,1439.1812018166725,115142
6616,1.5,22,1440.6812018166725,115164
6617,-1.0,22,1439.6812018166725,115186
6618,-9.5,24,1430.1812018166725,115210
6619,4.5,25,1434.6812018166725,115235
6620,4.75,21,1439.4312018166725,115256
6621,2.5,25,1441.9312018166725,115281
6622,2.3333333333333335,13,1444.2645351500057,115294
6623,-8.25,39,1436.0145351500057,115333
6624,-2.0,27,1434.0145351500057,115360
6625,-2.2,21,1431.8145351500057,115381
6626,-3.3333333333333335,23,1428.4812018166724,115404
6627,-3.833333333333334,38,1424.6478684833392,115442
6628,2.0,19,1426.6478684833392,115461
6629,-1.0,11,1425.6478684833392,115472
6630,-5.381818181818182,19,1420.2660503015209,115491
6631,2.0999999999999996,25,1422.3660503015208,115516
6632,-3.666666666666667,22,1418.699383634854,115538
6633,-2.0,9,1416.699383634854,115547
6634,-2.0,13,1414.699383634854,115560
6635,4.666666666666666,22,1419.3660503015208,115582
6636,2.428571428571429,23,1421.794621730092,115605
6637,-15.000000000000002,35,1406.794621730092,115640
6638,1.9166666666666665,29,1408.7112883967588,115669
6639,3.0,33,1411.7112883967588,115702
6640,6.0,13,1417.7112883967588,115715
6641,-0.8333333333333335,17,1416.8779550634256,115732
6642,-2.0,18,1414.8779550634256,115750
6643,3.0,3,1417.8779550634256,115753
6644,4.2,19,1422.0779550634256,115772
6645,-9.0,17,1413.0779550634256,115789
6646,-2.0,5,1411.0779550634256,115794
6647,0.0,2,1411.0779550634256,115796
6648,0.0,5,1411.0779550634256,115801
6649,0,0,1411.0779550634256,115801
6650,0,0,1411.0779550634256,115801
6651,-3.5,11,1407.5779550634256,115812
6652,1.0,8,1408.5779550634256,115820
6653,0.0,10,1408.5779550634256,115830
6654,3.666666666666667,13,1412.2446217300924,115843
6655,3.0,24,1415.2446217300924,115867
6656,-0.875,6,1414.3696217300924,115873
6657,4.0,19,1418.3696217300924,115892
6658,-3.4,8,1414.9696217300923,115900
6659,-4.0,14,1410.9696217300923,115914
6660,0.5,5,1411.4696217300923,115919
6661,2.0,8,1413.4696217300923,115927
6662,0.0,6,1413.4696217300923,115933
6663,-1.0,12,1412.4696217300923,115945
6664,5.5,11,1417.9696217300923,115956
6665,2.1,7,1420.0696217300922,115963
6666,3.0888888888888886,30,1423.1585106189812,115993
6667,0.0,9,1423.1585106189812,116002
6668,-0.5,6,1422.6585106189812,116008
6669,-4.0,10,1418.6585106189812,116018
6670,4.25,10,1422.9085106189812,116028
6671,2.0,17,1424.9085106189812,116045
6672,-5.523809523809524,14,1419.3847010951715,116059
6673,1.761904761904762,21,1421.1466058570763,116080
6674,1.5,14,1422.6466058570763,116094
6675,1.2,10,1423.8466058570764,116104
6676,4.0,6,1427.8466058570764,116110
6677,0.1428571428571428,11,1427.9894629999335,116121
6678,0.6785714285714288,21,1428.6680344285048,116142
6679,-0.5,20,1428.1680344285048,116162
6680,3.0,2,1431.1680344285048,116164
6681,4.0,10,1435.1680344285048,116174
6682,-12.583333333333332,39,1422.5847010951716,116213
6683,0.0,2,1422.5847010951716,116215
6684,0.0,3,1422.5847010951716,116218
6685,3.0,11,1425.5847010951716,116229
6686,-2.5,9,1423.0847010951716,116238
6687,4.0,6,1427.0847010951716,116244
6688,1.5,12,1428.5847010951716,116256
6689,6.2,27,1434.7847010951716,116283
6690,4.333333333333333,20,1439.1180344285049,116303
6691,4.583333333333334,6,1443.7013677618381,116309
6692,-3.5,9,1440.2013677618381,116318
6693,0.0,4,1440.2013677618381,116322
6694,-3.0,15,1437.2013677618381,116337
6695,0.0,47,1437.2013677618381,116384
6696,0.0,11,1437.2013677618381,116395
6697,3.5,7,1440.7013677618381,116402
6698,-3.0,3,1437.7013677618381,116405
6699,0.0,1,1437.7013677618381,116406
6700,1.0,6,1438.7013677618381,116412
6701,2.0,3,1440.7013677618381,116415
6702,-1.0,7,1439.7013677618381,116422
6703,1.5,9,1441.2013677618381,116431
6704,0.6000000000000001,13,1441.801367761838,116444
6705,0.0,10,1441.801367761838,116454
6706,-5.0,15,1436.801367761838,116469
6707,-6.857142857142858,21,1429.9442249046951,116490
6708,-2.0,7,1427.9442249046951,116497
6709,5.083333333333334,9,1433.0275582380284,116506
6710,1.0,8,1434.0275582380284,116514
6711,2.0,10,1436.0275582380284,116524
6712,-9.375,25,1426.6525582380284,116549
6713,2.333333333333333,34,1428.9858915713617,116583
6714,1.3333333333333333,21,1430.319224904695,116604
6715,5.0,17,1435.319224904695,116621
6716,-8.0,19,1427.319224904695,116640
6717,0.0,10,1427.319224904695,116650
6718,-1.5,10,1425.819224904695,116660
6719,2.0,4,1427.819224904695,116664
6720,-6.404761904761904,28,1421.414462999933,116692
6721,-2.0,25,1419.414462999933,116717
6722,-4.0,13,1415.414462999933,116730
6723,0.5,4,1415.914462999933,116734
6724,-9.0,28,1406.914462999933,116762
6725,0.0,27,1406.914462999933,116789
6726,2.0,6,1408.914462999933,116795
6727,-5.857142857142858,22,1403.05732014279,116817
6728,-1.7999999999999998,22,1401.2573201427901,116839
6729,4.142857142857142,13,1405.4001772856473,116852
6730,0.1428571428571428,10,1405.5430344285044,116862
6731,-2.166666666666667,21,1403.3763677618376,116883
6732,0.0,6,1403.3763677618376,116889
6733,-3.7666666666666675,29,1399.609701095171,116918
6734,0.0,7,1399.609701095171,116925
6735,0.75,17,1400.359701095171,116942
6736,-1.25,8,1399.109701095171,116950
6737,-8.571428571428571,49,1390.5382725237423,116999
6738,-6.0,16,1384.5382725237423,117015
6739,-7.0,14,1377.5382725237423,117029
6740,-3.571428571428571,19,1373.9668439523136,117048
6741,-0.25,11,1373.7168439523136,117059
6742,-1.916666666666667,31,1371.800177285647,117090
6743,-6.0,15,1365.800177285647,117105
6744,-2.0,32,1363.800177285647,117137
6745,-2.0,32,1361.800177285647,117169
6746,3.0,12,1364.800177285647,117181
6747,4.666666666666666,16,1369.4668439523136,117197
6748,2.3333333333333335,18,1371.800177285647,117215
6749,-7.7,26,1364.1001772856469,117241
6750,7.416666666666667,33,1371.5168439523136,117274
6751,-1.166666666666667,18,1370.3501772856469,117292
6752,6.159090909090909,19,1376.5092681947378,117311
6753,-0.16666666666666652,33,1376.342601528071,117344
6754,-5.571428571428571,15,1370.7711729566424,117359
6755,-7.0,17,1363.7711729566424,117376
6756,-5.25,21,1358.5211729566424,117397
6757,-2.0,14,1356.5211729566424,117411
6758,-4.5,12,1352.0211729566424,117423
6759,-4.0,18,1348.0211729566424,117441
6760,4.2,8,1352.2211729566425,117449
6761,0.3333333333333335,15,1352.5545062899757,117464
6762,2.0,22,1354.5545062899757,117486
6763,-4.8,24,1349.7545062899758,117510
6764,1.0,6,1350.7545062899758,117516
6765,7.2,13,1357.9545062899758,117529
6766,0.0,7,1357.9545062899758,117536
6767,-5.0,9,1352.9545062899758,117545
6768,-5.0,25,1347.9545062899758,117570
6769,6.0,18,1353.9545062899758,117588
6770,3.0,7,1356.9545062899758,117595
6771,0.5,7,1357.4545062899758,117602
6772,-1.5,18,1355.9545062899758,117620
6773,1.5,29,1357.4545062899758,117649
6774,-3.0,4,1354.4545062899758,117653
6775,-5.8,22,1348.6545062899759,117675
6776,3.0,14,1351.6545062899759,117689
6777,2.0,15,1353.6545062899759,117704
6778,-2.0,10,1351.6545062899759,117714
6779,-3.8333333333333335,31,1347.8211729566426,117745
6780,-9.0,35,1338.8211729566426,117780
6781,-4.0,18,1334.8211729566426,117798
6782,-1.0,8,1333.8211729566426,117806
6783,-1.0,32,1332.8211729566426,117838
6784,-9.0,24,1323.8211729566426,117862
6785,-2.5,25,1321.3211729566426,117887
6786,2.0,12,1323.3211729566426,117899
6787,-2.0,7,1321.3211729566426,117906
6788,-0.8,25,1320.5211729566427,117931
6789,-5.0,12,1315.5211729566427,117943
6790,-5.0,6,1310.5211729566427,117949
6791,-0.5833333333333333,11,1309.9378396233094,117960
6792,-1.0,18,1308.9378396233094,117978
6793,-2.0,2,1306.9378396233094,117980
6794,-6.071428571428571,35,1300.8664110518807,118015
6795,-1.0,8,1299.8664110518807,118023
6796,-2.0,4,1297.8664110518807,118027
6797,-1.0,2,1296.8664110518807,118029
6798,-2.25,21,1294.6164110518807,118050
6799,-1.0,2,1293.6164110518807,118052
6800,-4.0,4,1289.6164110518807,118056
6801,1.0,2,1290.6164110518807,118058
6802,-1.0,18,1289.6164110518807,118076
6803,0.7416666666666667,23,1290.3580777185473,118099
6804,-2.0,3,1288.3580777185473,118102
6805,0.0,4,1288.3580777185473,118106
6806,-2.0,2,1286.3580777185473,118108
6807,-5.216666666666667,21,1281.1414110518806,118129
6808,-1.2999999999999998,8,1279.8414110518806,118137
6809,-2.0,12,1277.8414110518806,118149
6810,-13.121212121212121,17,1264.7201989306686,118166
6811,-4.966666666666667,17,1259.753532264002,118183
6812,-3.0,11,1256.753532264002,118194
6813,0.3333333333333333,13,1257.0868655973352,118207
6814,0.0,1,1257.0868655973352,118208
6815,-2.0,4,1255.0868655973352,118212
6816,-2.0,32,1253.0868655973352,118244
6817,0.0,10,1253.0868655973352,118254
6818,0.0,7,1253.0868655973352,118261
6819,2.3333333333333335,24,1255.4201989306684,118285
6820,3.0,37,1258.4201989306684,118322
6821,1.9,18,1260.3201989306685,118340
6822,7.5,42,1267.8201989306685,118382
6823,0.5,16,1268.3201989306685,118398
6824,-2.0,19,1266.3201989306685,118417
6825,-1.9206349206349205,26,1264.3995640100336,118443
6826,1.5,32,1265.8995640100336,118475
6827,5.75,25,1271.6495640100336,118500
6828,-5.0,14,1266.6495640100336,118514
6829,0.6666666666666665,20,1267.3162306767003,118534
6830,1.5,29,1268.8162306767003,118563
6831,-7.4,36,1261.4162306767003,118599
6832,-1.0,19,1260.4162306767003,118618
6833,-3.0,5,1257.4162306767003,118623
6834,3.0,13,1260.4162306767003,118636
6835,-3.0,35,1257.4162306767003,118671
6836,5.5,34,1262.9162306767003,118705
6837,3.0,45,1265.9162306767003,118750
6838,0.0,36,1265.9162306767003,118786
6839,5.0,14,1270.9162306767003,118800
6840,1.1666666666666667,13,1272.082897343367,118813
6841,1.0,9,1273.082897343367,118822
6842,-22.5,50,1250.582897343367,118872
6843,-8.0,27,1242.582897343367,118899
6844,2.6666666666666665,25,1245.2495640100337,118924
6845,4.333333333333333,27,1249.582897343367,118951
6846,-3.0,15,1246.582897343367,118966
6847,-5.0,20,1241.582897343367,118986
6848,-2.5,12,1239.082897343367,118998
6849,-2.5999999999999996,21,1236.482897343367,119019
6850,2.5,14,1238.982897343367,119033
6851,5.333333333333334,29,1244.3162306767003,119062
6852,-2.0,18,1242.3162306767003,119080
6853,-7.199999999999999,25,1235.1162306767003,119105
6854,-0.5,33,1234.6162306767003,119138
6855,1.833333333333333,14,1236.4495640100336,119152
6856,-5.75,40,1230.6995640100336,119192
6857,-2.5,26,1228.1995640100336,119218
6858,2.25,7,1230.4495640100336,119225
6859,-11.25,35,1219.1995640100336,119260
6860,0.05555555555555536,38,1219.2551195655892,119298
6861,5.5,18,1224.7551195655892,119316
6862,-3.571428571428571,9,1221.1836909941605,119325
6863,-13.316666666666666,45,1207.867024327494,119370
6864,1.5,12,1209.367024327494,119382
6865,1.0,5,1210.367024327494,119387
6866,-1.5,20,1208.867024327494,119407
6867,2.928571428571429,46,1211.7955957560653,119453
6868,-5.3,34,1206.4955957560653,119487
6869,3.0,30,1209.4955957560653,119517
6870,1.0,15,1210.4955957560653,119532
6871,-0.5833333333333333,38,1209.912262422732,119570
6872,5.0,15,1214.912262422732,119585
6873,5.866666666666667,19,1220.7789290893986,119604
6874,3.0,5,1223.7789290893986,119609
6875,4.666666666666666,32,1228.4455957560654,119641
6876,3.9000000000000004,49,1232.3455957560654,119690
6877,10.0,39,1242.3455957560654,119729
6878,-1.0,15,1241.3455957560654,119744
6879,-4.833333333333334,25,1236.5122624227322,119769
6880,-2.9000000000000004,25,1233.612262422732,119794
6881,2.0,3,1235.612262422732,119797
6882,0.08333333333333348,10,1235.6955957560654,119807
6883,7.000000000000001,47,1242.6955957560654,119854
6884,3.0,34,1245.6955957560654,119888
6885,-2.5,18,1243.1955957560654,119906
6886,1.5,15,1244.6955957560654,119921
6887,0.95,12,1245.6455957560654,119933
6888,-3.466666666666667,27,1242.1789290893987,119960
6889,3.0,9,1245.1789290893987,119969
6890,-1.1111111111111112,4,1244.0678179782876,119973
6891,5.0,6,1249.0678179782876,119979
6892,4.0,13,1253.0678179782876,119992
6893,4.0,24,1257.0678179782876,120016
6894,-2.0,3,1255.0678179782876,120019
6895,-8.25,29,1246.8178179782876,120048
6896,12.0,21,1258.8178179782876,120069
6897,3.0,5,1261.8178179782876,120074
6898,0.1428571428571428,27,1261.9606751211447,120101
6899,-3.0,24,1258.9606751211447,120125
6900,2.2,2,1261.1606751211448,120127
6901,1.0,5,1262.1606751211448,120132
6902,10.0,33,1272.1606751211448,120165
6903,0.0,5,1272.1606751211448,120170
6904,-1.0,8,1271.1606751211448,120178
6905,1.0,9,1272.1606751211448,120187
6906,-1.5714285714285714,38,1270.589246549716,120225
6907,-5.0,12,1265.589246549716,120237
6908,4.276190476190476,13,1269.8654370259067,120250
6909,-4.0,23,1265.8654370259067,120273
6910,-2.0,26,1263.8654370259067,120299
6911,-3.166666666666667,21,1260.69877035924,120320
6912,-1.5,40,1259.19877035924,120360
6913,1.0,3,1260.19877035924,120363
6914,-0.8,16,1259.39877035924,120379
6915,1.0,6,1260.39877035924,120385
6916,1.7,14,1262.09877035924,120399
6917,-1.0,5,1261.09877035924,120404
6918,1.0,5,1262.09877035924,120409
6919,0.0,4,1262.09877035924,120413
6920,-0.6666666666666665,31,1261.4321036925733,120444
6921,4.666666666666667,27,1266.09877035924,120471
6922,-1.0,21,1265.09877035924,120492
6923,2.0555555555555554,26,1267.1543259147957,120518
6924,-6.5,27,1260.6543259147957,120545
6925,3.0,7,1263.6543259147957,120552
6926,0.0,3,1263.6543259147957,120555
6927,-0.5,3,1263.1543259147957,120558
6928,0.0,11,1263.1543259147957,120569
6929,3.25,24,1266.4043259147957,120593
6930,0.0,3,1266.4043259147957,120596
6931,4.75,10,1271.1543259147957,120606
6932,-5.0,14,1266.1543259147957,120620
6933,1.0,13,1267.1543259147957,120633
6934,-0.33333333333333304,29,1266.8209925814624,120662
6935,3.666666666666667,38,1270.4876592481291,120700
6936,3.5,7,1273.9876592481291,120707
6937,2.3809523809523805,24,1276.3686116290814,120731
6938,2.0,7,1278.3686116290814,120738
6939,1.0,8,1279.3686116290814,120746
6940,-3.0,18,1276.3686116290814,120764
6941,0.0,5,1276.3686116290814,120769
6942,-1.0,9,1275.3686116290814,120778
6943,-3.5,12,1271.8686116290814,120790
6944,-4.2,9,1267.6686116290814,120799
6945,0.0,6,1267.6686116290814,120805
6946,1.0,1,1268.6686116290814,120806
6947,1.0,4,1269.6686116290814,120810
6948,-2.0,3,1267.6686116290814,120813
6949,-1.0,5,1266.6686116290814,120818
6950,-2.0,7,1264.6686116290814,120825
6951,-2.5666666666666664,24,1262.1019449624148,120849
6952,-1.0,5,1261.1019449624148,120854
6953,-5.0,10,1256.1019449624148,120864
6954,2.0,17,1258.1019449624148,120881
6955,-1.25,13,1256.8519449624148,120894
6956,0.7000000000000002,15,1257.5519449624148,120909
6957,0.3333333333333335,8,1257.885278295748,120917
6958,2.5,9,1260.385278295748,120926
6959,2.0,1,1262.385278295748,120927
6960,2.0,1,1264.385278295748,120928
6961,1.0,7,1265.385278295748,120935
6962,3.0,7,1268.385278295748,120942
6963,-3.1904761904761907,21,1265.194802105272,120963
6964,3.1666666666666665,18,1268.3614687719387,120981
6965,2.0,5,1270.3614687719387,120986
6966,-1.5,21,1268.8614687719387,121007
6967,-8.75,49,1260.1114687719387,121056
6968,2.25,3,1262.3614687719387,121059
6969,4.0,5,1266.3614687719387,121064
6970,-3.0277777777777786,25,1263.3336909941609,121089
6971,-11.5,27,1251.8336909941609,121116
6972,-8.0,13,1243.8336909941609,121129
6973,-8.2,26,1235.6336909941608,121155
6974,-6.0,12,1229.6336909941608,121167
6975,-5.0,12,1224.6336909941608,121179
6976,-2.333333333333333,14,1222.3003576608276,121193
6977,7.0,14,1229.3003576608276,121207
6978,10.166666666666668,35,1239.4670243274943,121242
6979,-1.5,11,1237.9670243274943,121253
6980,0.5555555555555556,6,1238.52257988305,121259
6981,2.5,11,1241.02257988305,121270
6982,7.0,7,1248.02257988305,121277
6983,0.6666666666666667,11,1248.6892465497167,121288
6984,0.3333333333333335,16,1249.02257988305,121304
6985,-4.577777777777777,32,1244.4448021052722,121336
6986,-7.67063492063492,44,1236.7741671846372,121380
6987,-10.591176470588236,32,1226.182990714049,121412
6988,-5.0,32,1221.182990714049,121444
6989,-3.2,23,1217.982990714049,121467
6990,-9.1,20,1208.8829907140491,121487
6991,3.0,15,1211.8829907140491,121502
6992,-1.0,11,1210.8829907140491,121513
6993,4.0,9,1214.8829907140491,121522
6994,-7.785714285714286,38,1207.097276428335,121560
6995,-9.4,36,1197.6972764283348,121596
6996,6.0,28,1203.6972764283348,121624
6997,-1.0,13,1202.6972764283348,121637
6998,3.0,13,1205.6972764283348,121650
6999,1.0,5,1206.6972764283348,121655
7000,-5.666666666666667,25,1201.030609761668,121680
7001,-1.0,14,1200.030609761668,121694
7002,6.0,9,1206.030609761668,121703
7003,-4.0,13,1202.030609761668,121716
7004,1.3571428571428572,18,1203.387752618811,121734
7005,-2.6666666666666665,15,1200.7210859521442,121749
7006,-3.5,12,1197.2210859521442,121761
7007,4.5,14,1201.7210859521442,121775
7008,-2.000000000000001,22,1199.7210859521442,121797
7009,-4.0,11,1195.7210859521442,121808
7010,-2.0,11,1193.7210859521442,121819
7011,-2.666666666666667,18,1191.0544192854775,121837
7012,0.0,2,1191.0544192854775,121839
7013,4.75,15,1195.8044192854775,121854
7014,0.0,16,1195.8044192854775,121870
7015,-4.666666666666667,26,1191.1377526188107,121896
7016,-2.7142857142857144,15,1188.423466904525,121911
7017,-5.666666666666668,47,1182.7568002378582,121958
7018,0.7666666666666668,37,1183.5234669045249,121995
7019,2.0,8,1185.5234669045249,122003
7020,-6.361111111111111,14,1179.1623557934138,122017
7021,-9.8,47,1169.3623557934138,122064
7022,0.33333333333333326,20,1169.695689126747,122084
7023,-1.3571428571428572,21,1168.3385462696042,122105
7024,-1.0,11,1167.3385462696042,122116
7025,0.3809523809523808,21,1167.7194986505565,122137
7026,-2.383333333333333,22,1165.336165317223,122159
7027,-7.666666666666667,19,1157.6694986505563,122178
7028,-2.0,12,1155.6694986505563,122190
7029,0.6666666666666663,11,1156.336165317223,122201
7030,-6.0,12,1150.336165317223,122213
7031,-2.0,14,1148.336165317223,122227
7032,-4.5,19,1143.836165317223,122246
7033,-2.0,11,1141.836165317223,122257
7034,-5.5,36,1136.336165317223,122293
7035,-1.0,22,1135.336165317223,122315
7036,1.9333333333333336,36,1137.2694986505564,122351
7037,-1.7999999999999998,25,1135.4694986505565,122376
7038,-9.0,25,1126.4694986505565,122401
7039,-11.071428571428571,28,1115.3980700791278,122429
7040,-4.0,23,1111.3980700791278,122452
7041,1.333333333333333,10,1112.731403412461,122462
7042,2.0,15,1114.731403412461,122477
7043,-1.1428571428571428,11,1113.588546269604,122488
7044,-7.0,9,1106.588546269604,122497
7045,1.5,31,1108.088546269604,122528
7046,0.3333333333333335,29,1108.4218796029372,122557
7047,-3.0,11,1105.4218796029372,122568
7048,-1.0,7,1104.4218796029372,122575
7049,-1.0,4,1103.4218796029372,122579
7050,-1.0,4,1102.4218796029372,122583
7051,-1.2857142857142858,13,1101.136165317223,122596
7052,-15.0,41,1086.136165317223,122637
7053,6.0476190476190474,23,1092.183784364842,122660
7054,-10.666666666666666,39,1081.5171176981753,122699
7055,-3.5,31,1078.0171176981753,122730
7056,-11.0,21,1067.0171176981753,122751
7057,-1.5999999999999996,18,1065.4171176981754,122769
7058,0.0,13,1065.4171176981754,122782
7059,4.0,6,1069.4171176981754,122788
7060,-4.5,13,1064.9171176981754,122801
7061,5.0,29,1069.9171176981754,122830
7062,-3.0,14,1066.9171176981754,122844
7063,-0.3333333333333339,50,1066.5837843648421,122894
7064,-5.0,34,1061.5837843648421,122928
7065,-3.833333333333333,24,1057.7504510315089,122952
7066,0.4166666666666665,33,1058.1671176981756,122985
7067,-5.444444444444445,23,1052.7226732537313,123008
7068,-5.0,7,1047.7226732537313,123015
7069,2.5,19,1050.2226732537313,123034
7070,9.261904761904763,39,1059.484578015636,123073
7071,6.6000000000000005,25,1066.084578015636,123098
7072,1.0,11,1067.084578015636,123109
7073,2.2,8,1069.284578015636,123117
7074,1.5,10,1070.784578015636,123127
7075,-6.2,19,1064.584578015636,123146
7076,4.916666666666667,29,1069.5012446823027,123175
7077,-5.0,16,1064.5012446823027,123191
7078,-3.5,18,1061.0012446823027,123209
7079,-1.0,17,1060.0012446823027,123226
7080,1.0,22,1061.0012446823027,123248
7081,4.0,6,1065.0012446823027,123254
7082,8.0,5,1073.0012446823027,123259
7083,8.0,10,1081.0012446823027,123269
7084,1.0,14,1082.0012446823027,123283
7085,2.0,7,1084.0012446823027,123290
7086,-2.9411764705882355,34,1081.0600682117145,123324
7087,0.666666666666667,28,1081.7267348783812,123352
7088,1.0,11,1082.7267348783812,123363
7089,1.0,18,1083.7267348783812,123381
7090,-8.0,20,1075.7267348783812,123401
7091,-2.571428571428571,17,1073.1553063069525,123418
7092,-12.25,51,1060.9053063069525,123469
7093,-0.16666666666666696,10,1060.7386396402858,123479
7094,0.5,6,1061.2386396402858,123485
7095,-12.666666666666668,34,1048.571972973619,123519
7096,-2.0,9,1046.571972973619,123528
7097,2.583333333333333,23,1049.1553063069523,123551
7098,-5.0,15,1044.1553063069523,123566
7099,0.5,27,1044.6553063069523,123593
7100,-1.6666666666666665,9,1042.9886396402856,123602
7101,0.5,37,1043.4886396402856,123639
7102,1.416666666666667,26,1044.9053063069523,123665
7103,-2.666666666666666,36,1042.2386396402856,123701
7104,-1.871212121212121,33,1040.3674275190735,123734
7105,-7.0,7,1033.3674275190735,123741
7106,0.3333333333333335,21,1033.7007608524068,123762
7107,-1.0,11,1032.7007608524068,123773
7108,-1.25,16,1031.4507608524068,123789
7109,2.666666666666667,12,1034.1174275190735,123801
7110,1.0,29,1035.1174275190735,123830
7111,-5.0,7,1030.1174275190735,123837
7112,2.0,4,1032.1174275190735,123841
7113,0.4285714285714286,8,1032.5459989476449,123849
7114,-0.37142857142857144,8,1032.1745703762163,123857
7115,-4.8,47,1027.3745703762163,123904
7116,2.2,6,1029.5745703762163,123910
7117,5.666666666666667,26,1035.241237042883,123936
7118,-2.9523809523809526,15,1032.2888560905021,123951
7119,-4.000000000000001,29,1028.2888560905021,123980
7120,-1.6666666666666665,27,1026.6221894238354,124007
7121,7.949999999999999,33,1034.5721894238354,124040
7122,1.4000000000000004,20,1035.9721894238355,124060
7123,-3.4000000000000004,15,1032.5721894238354,124075
7124,5.0,23,1037.5721894238354,124098
7125,-4.0,9,1033.5721894238354,124107
7126,-1.0,41,1032.5721894238354,124148
7127,-3.5,10,1029.0721894238354,124158
7128,10.5,25,1039.5721894238354,124183
7129,0.0,1,1039.5721894238354,124184
7130,-4.166666666666666,26,1035.4055227571687,124210
7131,0.8333333333333333,28,1036.238856090502,124238
7132,-2.4,23,1033.8388560905018,124261
7133,5.5,26,1039.3388560905018,124287
7134,0.0,9,1039.3388560905018,124296
7135,-2.2,7,1037.1388560905018,124303
7136,3.833333333333334,25,1040.972189423835,124328
7137,-0.6666666666666667,23,1040.3055227571683,124351
7138,-5.0,16,1035.3055227571683,124367
7139,-0.7999999999999998,11,1034.5055227571684,124378
7140,-2.2,5,1032.3055227571683,124383
7141,-2.0,16,1030.3055227571683,124399
7142,-2.6666666666666665,10,1027.6388560905016,124409
7143,-5.5,17,1022.1388560905016,124426
7144,0.0,21,1022.1388560905016,124447
7145,4.5,16,1026.6388560905016,124463
7146,-0.5,25,1026.1388560905016,124488
7147,-3.0,10,1023.1388560905016,124498
7148,-1.0499999999999998,9,1022.0888560905016,124507
7149,2.0,4,1024.0888560905016,124511
7150,2.0,6,1026.0888560905016,124517
7151,-4.238095238095238,9,1021.8507608524064,124526
7152,1.0,4,1022.8507608524064,124530
7153,0.0,4,1022.8507608524064,124534
7154,-0.5,4,1022.3507608524064,124538
7155,-2.0,9,1020.3507608524064,124547
7156,0.0,10,1020.3507608524064,124557
7157,2.428571428571429,17,1022.7793322809779,124574
7158,1.5,22,1024.279332280978,124596
7159,0.6666666666666666,7,1024.9459989476447,124603
7160,4.0,10,1028.9459989476447,124613
7161,7.2,8,1036.1459989476448,124621
7162,0.0,22,1036.1459989476448,124643
7163,-2.0,10,1034.1459989476448,124653
7164,5.0,23,1039.1459989476448,124676
7165,-4.0,8,1035.1459989476448,124684
7166,5.0,13,1040.1459989476448,124697
7167,-2.333333333333333,15,1037.8126656143115,124712
7168,1.0,13,1038.8126656143115,124725
7169,9.666666666666666,21,1048.4793322809783,124746
7170,-5.0,8,1043.4793322809783,124754
7171,-4.958333333333334,20,1038.520998947645,124774
7172,0.33333333333333326,18,1038.8543322809783,124792
7173,4.0,17,1042.8543322809783,124809
7174,0,0,1042.8543322809783,124809
7175,0,0,1042.8543322809783,124809
7176,0,0,1042.8543322809783,124809
7177,10.2,6,1053.0543322809783,124815
7178,1.3333333333333333,17,1054.3876656143116,124832
7179,-3.25,12,1051.1376656143116,124844
7180,5.0,9,1056.1376656143116,124853
7181,1.25,10,1057.3876656143116,124863
7182,-6.404761904761905,40,1050.9829037095496,124903
7183,0.0,2,1050.9829037095496,124905
7184,-2.0,2,1048.9829037095496,124907
7185,2.45,11,1051.4329037095497,124918
7186,-2.666666666666667,17,1048.766237042883,124935
7187,0.0,4,1048.766237042883,124939
7188,0.0,4,1048.766237042883,124943
7189,0.0,3,1048.766237042883,124946
7190,0,0,1048.766237042883,124946
7191,0,0,1048.766237042883,124946
7192,0,0,1048.766237042883,124946
7193,0.0,4,1048.766237042883,124950
7194,3.0,38,1051.766237042883,124988
7195,-7.166666666666668,40,1044.5995703762162,125028
7196,0.0,3,1044.5995703762162,125031
7197,0,0,1044.5995703762162,125031
7198,0,0,1044.5995703762162,125031
7199,0,0,1044.5995703762162,125031
7200,0.0,3,1044.5995703762162,125034
7201,-6.333333333333334,13,1038.266237042883,125047
7202,-1.3333333333333335,39,1036.9329037095497,125086
7203,4.0,23,1040.9329037095497,125109
7204,2.0,30,1042.9329037095497,125139
7205,5.833333333333333,27,1048.766237042883,125166
7206,-0.4166666666666665,16,1048.3495703762162,125182
7207,-2.0,4,1046.3495703762162,125186
7208,0.0,2,1046.3495703762162,125188
7209,0.0,1,1046.3495703762162,125189
7210,0.0,1,1046.3495703762162,125190
7211,-2.0,4,1044.3495703762162,125194
7212,0.0,6,1044.3495703762162,125200
7213,3.345238095238095,28,1047.6948084714543,125228
7214,0.75,6,1048.4448084714543,125234
7215,0.75,13,1049.1948084714543,125247
7216,6.0,8,1055.1948084714543,125255
7217,3.0,9,1058.1948084714543,125264
7218,-0.5,12,1057.6948084714543,125276
7219,-2.0,7,1055.6948084714543,125283
7220,0.0,4,1055.6948084714543,125287
7221,1.0,14,1056.6948084714543,125301
7222,0.0,8,1056.6948084714543,125309
7223,0.0,4,1056.6948084714543,125313
7224,6.5,39,1063.1948084714543,125352
7225,0.0,9,1063.1948084714543,125361
7226,-1.6666666666666667,8,1061.5281418047875,125369
7227,-0.55,10,1060.9781418047876,125379
7228,0.0,6,1060.9781418047876,125385
7229,0.0,2,1060.9781418047876,125387
7230,3.0,3,1063.9781418047876,125390
7231,2.0,6,1065.9781418047876,125396
7232,0.0,18,1065.9781418047876,125414
7233,2.0,5,1067.9781418047876,125419
7234,3.0,11,1070.9781418047876,125430
7235,6.0,11,1076.9781418047876,125441
7236,1.0,4,1077.9781418047876,125445
7237,-2.0,3,1075.9781418047876,125448
7238,0.0,3,1075.9781418047876,125451
7239,-2.0,18,1073.9781418047876,125469
7240,-7.5,17,1066.4781418047876,125486
7241,2.333333333333333,23,1068.8114751381208,125509
7242,-2.0,9,1066.8114751381208,125518
7243,1.2,9,1068.0114751381209,125527
7244,0.0,19,1068.0114751381209,125546
7245,0.0,4,1068.0114751381209,125550
7246,0.0,7,1068.0114751381209,125557
7247,0.0,5,1068.0114751381209,125562
7248,-4.5,28,1063.5114751381209,125590
7249,2.0,14,1065.5114751381209,125604
7250,-4.0,13,1061.5114751381209,125617
7251,-5.0,5,1056.5114751381209,125622
7252,0.2,5,1056.711475138121,125627
7253,2.5,26,1059.211475138121,125653
7254,-1.1666666666666667,19,1058.0448084714542,125672
7255,-5.0,3,1053.0448084714542,125675
7256,4.0,13,1057.0448084714542,125688
7257,2.95,8,1059.9948084714542,125696
7258,4.333333333333334,19,1064.3281418047875,125715
7259,6.0,9,1070.3281418047875,125724
7260,-0.23809523809523814,9,1070.0900465666923,125733
7261,0.0,10,1070.0900465666923,125743
7262,-4.5,12,1065.5900465666923,125755
7263,2.0,12,1067.5900465666923,125767
7264,0.0,7,1067.5900465666923,125774
7265,-3.25,22,1064.3400465666923,125796
7266,-3.166666666666667,19,1061.1733799000256,125815
7267,-3.666666666666667,23,1057.5067132333588,125838
7268,0.0,9,1057.5067132333588,125847
7269,-1.0,7,1056.5067132333588,125854
7270,10.045454545454545,7,1066.5521677788133,125861
7271,-4.0,10,1062.5521677788133,125871
7272,0,0,1062.5521677788133,125871
7273,0,0,1062.5521677788133,125871
7274,0,0,1062.5521677788133,125871
7275,-1.5714285714285714,6,1060.9807392073847,125877
7276,3.0,7,1063.9807392073847,125884
7277,0,0,1063.9807392073847,125884
7278,0,0,1063.9807392073847,125884
7279,0,0,1063.9807392073847,125884
7280,2.178571428571429,12,1066.159310635956,125896
7281,3.0,3,1069.159310635956,125899
7282,-5.75,13,1063.409310635956,125912
7283,-3.166666666666667,18,1060.2426439692892,125930
7284,-1.0,8,1059.2426439692892,125938
7285,2.0,7,1061.2426439692892,125945
7286,0.0,6,1061.2426439692892,125951
7287,-0.5,11,1060.7426439692892,125962
7288,3.0,10,1063.7426439692892,125972
7289,-3.0,25,1060.7426439692892,125997
7290,-1.3333333333333333,5,1059.409310635956,126002
7291,0.0,8,1059.409310635956,126010
7292,-0.33333333333333326,14,1059.0759773026227,126024
7293,1.0,26,1060.0759773026227,126050
7294,0.0,4,1060.0759773026227,126054
7295,-3.666666666666667,14,1056.409310635956,126068
7296,-3.5,13,1052.909310635956,126081
7297,0.0,5,1052.909310635956,126086
7298,-6.25,7,1046.659310635956,126093
7299,-1.6666666666666665,9,1044.9926439692892,126102
7300,2.7,19,1047.6926439692893,126121
7301,-1.0666666666666667,10,1046.6259773026227,126131
7302,0.0,2,1046.6259773026227,126133
7303,0.0,5,1046.6259773026227,126138
7304,3.428571428571429,10,1050.054548731194,126148
7305,-2.0,3,1048.054548731194,126151
7306,0.0,2,1048.054548731194,126153
7307,1.0,5,1049.054548731194,126158
7308,0.0,5,1049.054548731194,126163
7309,1.0,16,1050.054548731194,126179
7310,-7.25,41,1042.804548731194,126220
7311,0.5,22,1043.304548731194,126242
7312,0.2,12,1043.504548731194,126254
7313,1.0,3,1044.504548731194,126257
7314,1.0,11,1045.504548731194,126268
7315,1.0,18,1046.504548731194,126286
7316,0.0,5,1046.504548731194,126291
7317,-4.0,5,1042.504548731194,126296
7318,2.25,38,1044.754548731194,126334
7319,-0.33333333333333326,10,1044.4212153978608,126344
7320,2.0,14,1046.4212153978608,126358
7321,-4.0,8,1042.4212153978608,126366
7322,-3.3333333333333335,20,1039.0878820645275,126386
7323,5.0,14,1044.0878820645275,126400
7324,2.388888888888889,20,1046.4767709534165,126420
7325,8.8,27,1055.2767709534164,126447
7326,-0.8,9,1054.4767709534165,126456
7327,4.75,16,1059.2267709534165,126472
7328,3.2222222222222223,6,1062.4489931756386,126478
7329,0.0,4,1062.4489931756386,126482
7330,3.0,5,1065.4489931756386,126487
7331,2.5,15,1067.9489931756386,126502
7332,6.666666666666666,14,1074.6156598423054,126516
7333,0.0,8,1074.6156598423054,126524
7334,1.3333333333333333,7,1075.9489931756386,126531
7335,-4.666666666666666,14,1071.282326508972,126545
7336,-0.5,4,1070.782326508972,126549
7337,5.2,8,1075.982326508972,126557
7338,1.2000000000000002,8,1077.182326508972,126565
7339,0.0,5,1077.182326508972,126570
7340,2.0,14,1079.182326508972,126584
7341,-4.0,7,1075.182326508972,126591
7342,7.2,21,1082.382326508972,126612
7343,6.0,9,1088.382326508972,126621
7344,3.2,9,1091.582326508972,126630
7345,-7.666666666666667,21,1083.9156598423053,126651
7346,1.0,8,1084.9156598423053,126659
7347,-1.75,9,1083.1656598423053,126668
7348,-1.0,11,1082.1656598423053,126679
7349,-4.6,16,1077.5656598423054,126695
7350,2.0,3,1079.5656598423054,126698
7351,-1.3333333333333335,22,1078.2323265089722,126720
7352,-1.0,11,1077.2323265089722,126731
7353,1.0,8,1078.2323265089722,126739
7354,1.385714285714286,27,1079.6180407946865,126766
7355,3.0,25,1082.6180407946865,126791
7356,2.5,15,1085.1180407946865,126806
7357,4.5,9,1089.6180407946865,126815
7358,3.833333333333333,24,1093.4513741280198,126839
7359,-0.7999999999999998,6,1092.6513741280198,126845
7360,-2.0,7,1090.6513741280198,126852
7361,4.5,26,1095.1513741280198,126878
7362,0.6666666666666666,8,1095.8180407946866,126886
7363,1.5,10,1097.3180407946866,126896
7364,-0.4285714285714286,10,1096.8894693661152,126906
7365,0.0,8,1096.8894693661152,126914
7366,-3.0,10,1093.8894693661152,126924
7367,0.0,10,1093.8894693661152,126934
7368,-4.242424242424242,11,1089.647045123691,126945
7369,0.4500000000000002,12,1090.097045123691,126957
7370,4.2,6,1094.297045123691,126963
7371,1.0,10,1095.297045123691,126973
7372,0.0,2,1095.297045123691,126975
7373,0,0,1095.297045123691,126975
7374,0,0,1095.297045123691,126975
7375,-1.8571428571428572,7,1093.4399022665482,126982
7376,-0.4015873015873015,24,1093.0383149649608,127006
7377,7.0,44,1100.0383149649608,127050
7378,5.0,13,1105.0383149649608,127063
7379,1.5,28,1106.5383149649608,127091
7380,0,0,1106.5383149649608,127091
7381,0,0,1106.5383149649608,127091
7382,0,0,1106.5383149649608,127091
7383,6.566666666666666,5,1113.1049816316274,127096
7384,2.0,11,1115.1049816316274,127107
7385,-1.0,12,1114.1049816316274,127119
7386,-7.333333333333333,12,1106.7716482982942,127131
7387,1.0,11,1107.7716482982942,127142
7388,0.7000000000000002,4,1108.4716482982942,127146
7389,-2.8,22,1105.6716482982943,127168
7390,1.5,9,1107.1716482982943,127177
7391,0.6666666666666667,8,1107.838314964961,127185
7392,0.0,6,1107.838314964961,127191
7393,0.0,9,1107.838314964961,127200
7394,2.2,19,1110.038314964961,127219
7395,1.0,13,1111.038314964961,127232
7396,5.219047619047619,36,1116.2573625840087,127268
7397,10.0,22,1126.2573625840087,127290
7398,2.0,5,1128.2573625840087,127295
7399,-7.166666666666667,19,1121.090695917342,127314
7400,3.0,19,1124.090695917342,127333
7401,-9.133333333333333,18,1114.9573625840085,127351
7402,0.0,1,1114.9573625840085,127352
7403,0.0,15,1114.9573625840085,127367
7404,-0.9428571428571431,51,1114.0145054411514,127418
7405,-3.0,15,1111.0145054411514,127433
7406,0.0,11,1111.0145054411514,127444
7407,5.0,23,1116.0145054411514,127467
7408,1.0,2,1117.0145054411514,127469
7409,9.283333333333333,23,1126.2978387744847,127492
7410,0.0,20,1126.2978387744847,127512
7411,-1.0,11,1125.2978387744847,127523
7412,5.333333333333334,12,1130.631172107818,127535
7413,1.6666666666666667,10,1132.2978387744847,127545
7414,4.2,7,1136.4978387744848,127552
7415,0.0,10,1136.4978387744848,127562
7416,1.1666666666666665,14,1137.6645054411515,127576
7417,2.1500000000000004,22,1139.8145054411516,127598
7418,-9.583333333333332,13,1130.2311721078183,127611
7419,-2.5,13,1127.7311721078183,127624
7420,1.0,11,1128.7311721078183,127635
7421,-1.0,15,1127.7311721078183,127650
7422,-0.6666666666666667,23,1127.0645054411516,127673
7423,1.875,8,1128.9395054411516,127681
7424,-0.16666666666666674,20,1128.7728387744849,127701
7425,-3.0,17,1125.7728387744849,127718
7426,-3.565656565656566,34,1122.2071822088283,127752
7427,1.0,16,1123.2071822088283,127768
7428,2.833333333333333,37,1126.0405155421615,127805
7429,-5.166666666666667,26,1120.8738488754948,127831
7430,2.0,4,1122.8738488754948,127835
7431,-2.0,8,1120.8738488754948,127843
7432,-2.142857142857143,7,1118.7309917326377,127850
7433,0.0,2,1118.7309917326377,127852
7434,0.5,6,1119.2309917326377,127858
7435,-5.4,19,1113.8309917326376,127877
7436,-1.6363636363636365,5,1112.1946280962738,127882
7437,-3.0,15,1109.1946280962738,127897
7438,0.6666666666666667,6,1109.8612947629406,127903
7439,0.0,8,1109.8612947629406,127911
7440,-1.0,9,1108.8612947629406,127920
7441,2.0,8,1110.8612947629406,127928
7442,-2.6666666666666665,9,1108.1946280962738,127937
7443,1.5,39,1109.6946280962738,127976
7444,-4.0,24,1105.6946280962738,128000
7445,3.5,29,1109.1946280962738,128029
7446,-1.4722222222222223,47,1107.7224058740517,128076
7447,4.666666666666667,33,1112.3890725407184,128109
7448,-0.7777777777777777,22,1111.6112947629406,128131
7449,3.1090909090909093,29,1114.7203856720314,128160
7450,2.2666666666666657,24,1116.987052338698,128184
7451,3.6666666666666665,26,1120.6537190053648,128210
7452,2.5,31,1123.1537190053648,128241
7453,9.75,23,1132.9037190053648,128264
7454,4.5,9,1137.4037190053648,128273
7455,-9.833333333333334,38,1127.5703856720315,128311
7456,1.3333333333333333,22,1128.9037190053648,128333
7457,3.0,16,1131.9037190053648,128349
7458,-14.333333333333332,48,1117.5703856720315,128397
7459,0.6666666666666665,23,1118.2370523386983,128420
7460,2.447712418300654,35,1120.684764756999,128455
7461,-5.0,19,1115.684764756999,128474
7462,2.2666666666666666,11,1117.9514314236656,128485
7463,0.8333333333333333,24,1118.7847647569988,128509
7464,7.0,17,1125.7847647569988,128526
7465,-1.0,10,1124.7847647569988,128536
7466,4.0,7,1128.7847647569988,128543
7467,-2.25,10,1126.5347647569988,128553
7468,4.333333333333333,24,1130.868098090332,128577
7469,-4.0,21,1126.868098090332,128598
7470,0.0,3,1126.868098090332,128601
7471,0.0,5,1126.868098090332,128606
7472,-3.452380952380952,13,1123.415717137951,128619
7473,-1.0,1,1122.415717137951,128620
7474,2.0,12,1124.415717137951,128632
7475,-7.911111111111111,20,1116.50460602684,128652
7476,-6.25,9,1110.25460602684,128661
7477,1.2424242424242422,24,1111.4970302692643,128685
7478,2.5,5,1113.9970302692643,128690
7479,-1.25,5,1112.7470302692643,128695
7480,0.0,7,1112.7470302692643,128702
7481,-5.5,9,1107.2470302692643,128711
7482,-2.0,10,1105.2470302692643,128721
7483,0.0,1,1105.2470302692643,128722
7484,0.0,1,1105.2470302692643,128723
7485,-2.0,3,1103.2470302692643,128726
7486,0.0,5,1103.2470302692643,128731
7487,0.0,3,1103.2470302692643,128734
7488,-1.0,7,1102.2470302692643,128741
7489,1.0,2,1103.2470302692643,128743
7490,-1.0,2,1102.2470302692643,128745
7491,1.0,3,1103.2470302692643,128748
7492,1.0,14,1104.2470302692643,128762
7493,-1.0,2,1103.2470302692643,128764
7494,0.0,2,1103.2470302692643,128766
7495,-3.0,4,1100.2470302692643,128770
7496,4.0,4,1104.2470302692643,128774
7497,0.0,11,1104.2470302692643,128785
7498,-1.6111111111111112,15,1102.6359191581532,128800
7499,-1.8333333333333333,50,1100.80258582482,128850
7500,0.0,5,1100.80258582482,128855
7501,0.0,4,1100.80258582482,128859
7502,4.25,5,1105.05258582482,128864
7503,7.0,22,1112.05258582482,128886
7504,2.6,7,1114.6525858248199,128893
7505,-3.0,10,1111.6525858248199,128903
7506,-3.0,5,1108.6525858248199,128908
7507,2.25,16,1110.9025858248199,128924
7508,-4.0,9,1106.9025858248199,128933
7509,-1.3333333333333333,3,1105.5692524914866,128936
7510,-1.3333333333333333,4,1104.2359191581534,128940
7511,7.0,8,1111.2359191581534,128948
7512,8.0,12,1119.2359191581534,128960
7513,3.0,13,1122.2359191581534,128973
7514,5.7,13,1127.9359191581534,128986
7515,4.666666666666667,22,1132.6025858248202,129008
7516,-2.4411764705882355,8,1130.1614093542319,129016
7517,-0.6363636363636365,8,1129.5250457178681,129024
7518,5.2,15,1134.7250457178682,129039
7519,5.0,8,1139.7250457178682,129047
7520,0.0,3,1139.7250457178682,129050
7521,-5.0,4,1134.7250457178682,129054
7522,0.0,2,1134.7250457178682,129056
7523,-3.571428571428571,9,1131.1536171464395,129065
7524,-1.0,4,1130.1536171464395,129069
7525,-2.25,20,1127.9036171464395,129089
7526,1.0,29,1128.9036171464395,129118
7527,3.0,10,1131.9036171464395,129128
7528,-2.333333333333333,17,1129.5702838131062,129145
7529,1.1904761904761905,10,1130.7607600035824,129155
7530,-2.5,6,1128.2607600035824,129161
7531,1.75,8,1130.0107600035824,129169
7532,2.2,17,1132.2107600035824,129186
7533,-5.454545454545455,21,1126.756214549037,129207
7534,7.5,9,1134.256214549037,129216
7535,-2.8,7,1131.456214549037,129223
7536,-0.8,12,1130.656214549037,129235
7537,-1.0,12,1129.656214549037,129247
7538,4.066666666666666,26,1133.7228812157036,129273
7539,0,0,1133.7228812157036,129273
7540,0,0,1133.7228812157036,129273
7541,0,0,1133.7228812157036,129273
7542,0.6666666666666667,5,1134.3895478823704,129278
7543,4.0,6,1138.3895478823704,129284
7544,-2.0,14,1136.3895478823704,129298
7545,2.0,7,1138.3895478823704,129305
7546,1.6,12,1139.9895478823703,129317
7547,2.666666666666666,20,1142.656214549037,129337
7548,0.0,4,1142.656214549037,129341
7549,2.2,3,1144.856214549037,129344
7550,0.0,1,1144.856214549037,129345
7551,-3.0,22,1141.856214549037,129367
7552,3.0,9,1144.856214549037,129376
7553,5.0,4,1149.856214549037,129380
7554,-1.5,19,1148.356214549037,129399
7555,-1.5,17,1146.856214549037,129416
7556,-6.0,13,1140.856214549037,129429
7557,-1.5,20,1139.356214549037,129449
7558,0.0,7,1139.356214549037,129456
7559,3.0,20,1142.356214549037,129476
7560,0.0,5,1142.356214549037,129481
7561,-5.577777777777778,41,1136.7784367712593,129522
7562,6.0,11,1142.7784367712593,129533
7563,-11.003968253968253,30,1131.774468517291,129563
7564,3.666666666666667,7,1135.4411351839578,129570
7565,5.0,1,1140.4411351839578,129571
7566,5.0,1,1145.4411351839578,129572
7567,0.0,4,1145.4411351839578,129576
7568,-3.0,8,1142.4411351839578,129584
7569,-4.574603174603174,42,1137.8665320093546,129626
7570,-5.75,32,1132.1165320093546,129658
7571,-0.5,23,1131.6165320093546,129681
7572,1.3000000000000003,38,1132.9165320093546,129719
7573,-2.0,3,1130.9165320093546,129722
7574,6.6,30,1137.5165320093545,129752
7575,6.083333333333333,44,1143.5998653426877,129796
7576,-1.0,15,1142.5998653426877,129811
7577,3.0,18,1145.5998653426877,129829
7578,0.0,16,1145.5998653426877,129845
7579,0.0,12,1145.5998653426877,129857
7580,-1.3333333333333335,18,1144.2665320093545,129875
7581,3.555555555555556,45,1147.8220875649101,129920
7582,-5.785714285714285,43,1142.036373279196,129963
7583,-1.0,10,1141.036373279196,129973
7584,1.0,15,1142.036373279196,129988
7585,-2.0,43,1140.036373279196,130031
7586,3.0,9,1143.036373279196,130040
7587,5.0,1,1148.036373279196,130041
7588,-3.0,9,1145.036373279196,130050
7589,1.0,8,1146.036373279196,130058
7590,-4.0,18,1142.036373279196,130076
7591,0.0,24,1142.036373279196,130100
7592,-0.5,4,1141.536373279196,130104
7593,0.7000000000000002,18,1142.236373279196,130122
7594,-4.0,26,1138.236373279196,130148
7595,0.0,29,1138.236373279196,130177
7596,-2.333333333333333,13,1135.9030399458627,130190
7597,-6.0,16,1129.9030399458627,130206
7598,4.466666666666667,17,1134.3697066125294,130223
7599,2.0,5,1136.3697066125294,130228
7600,-0.6428571428571428,15,1135.7268494696723,130243
7601,2.5,12,1138.2268494696723,130255
7602,-11.5,32,1126.7268494696723,130287
7603,-5.0,19,1121.7268494696723,130306
7604,-6.0,6,1115.7268494696723,130312
7605,-1.0,4,1114.7268494696723,130316
7606,-1.0,4,1113.7268494696723,130320
7607,2.0,11,1115.7268494696723,130331
7608,-2.0,7,1113.7268494696723,130338
7609,2.0,6,1115.7268494696723,130344
7610,-4.666666666666666,12,1111.0601828030055,130356
7611,0.0,4,1111.0601828030055,130360
7612,-12.5,25,1098.5601828030055,130385
7613,4.133333333333334,18,1102.693516136339,130403
7614,1.0,4,1103.693516136339,130407
7615,2.0,11,1105.693516136339,130418
7616,0.0,7,1105.693516136339,130425
7617,2.6666666666666665,27,1108.3601828030057,130452
7618,3.0,9,1111.3601828030057,130461
7619,0.0,28,1111.3601828030057,130489
7620,-0.25,13,1111.1101828030057,130502
7621,2.6666666666666665,30,1113.7768494696725,130532
7622,1.0,15,1114.7768494696725,130547
7623,-6.0,8,1108.7768494696725,130555
7624,0.6666666666666666,6,1109.4435161363392,130561
7625,-1.3333333333333335,4,1108.110182803006,130565
7626,2.666666666666667,12,1110.7768494696727,130577
7627,0.3333333333333335,8,1111.110182803006,130585
7628,-9.708333333333334,30,1101.4018494696727,130615
7629,7.0,47,1108.4018494696727,130662
7630,-4.025974025974026,31,1104.3758754436988,130693
7631,-7.0,27,1097.3758754436988,130720
7632,-3.5,19,1093.8758754436988,130739
7633,-4.733333333333333,37,1089.1425421103654,130776
7634,-11.5,41,1077.6425421103654,130817
7635,-11.833333333333334,40,1065.8092087770322,130857
7636,-2.9000000000000004,32,1062.909208777032,130889
7637,-0.5,29,1062.409208777032,130918
7638,-4.0,30,1058.409208777032,130948
7639,-16.0,34,1042.409208777032,130982
7640,5.666666666666667,15,1048.0758754436988,130997
7641,-2.0,15,1046.0758754436988,131012
7642,-4.666666666666667,18,1041.409208777032,131030
7643,-6.066666666666666,22,1035.3425421103655,131052
7644,-8.5,21,1026.8425421103655,131073
7645,-1.6666666666666667,25,1025.1758754436987,131098
7646,-2.0,14,1023.1758754436987,131112
7647,-11.11111111111111,23,1012.0647643325876,131135
7648,-7.083333333333333,23,1004.9814309992543,131158
7649,0.666666666666667,31,1005.6480976659209,131189
7650,2.1666666666666665,20,1007.8147643325875,131209
7651,0.0,2,1007.8147643325875,131211
7652,4.166666666666667,12,1011.9814309992541,131223
7653,0.0,6,1011.9814309992541,131229
7654,2.0,6,1013.9814309992541,131235
7655,-0.8999999999999999,15,1013.0814309992542,131250
7656,-2.0,9,1011.0814309992542,131259
7657,1.0,18,1012.0814309992542,131277
7658,-2.0,19,1010.0814309992542,131296
7659,-1.0,10,1009.0814309992542,131306
7660,-2.333333333333333,15,1006.7480976659208,131321
7661,1.666666666666667,23,1008.4147643325874,131344
7662,5.0,17,1013.4147643325874,131361
7663,-1.6499999999999995,54,1011.7647643325874,131415
7664,-5.0,23,1006.7647643325874,131438
7665,-4.333333333333333,21,1002.4314309992541,131459
7666,-2.5,20,999.9314309992541,131479
7667,-5.0,16,994.9314309992541,131495
7668,2.75,25,997.6814309992541,131520
7669,-7.333333333333334,27,990.3480976659207,131547
7670,0.0,2,990.3480976659207,131549
7671,2.266666666666667,23,992.6147643325874,131572
7672,0.0,4,992.6147643325874,131576
7673,-0.25,6,992.3647643325874,131582
7674,3.0,5,995.3647643325874,131587
7675,-0.25,11,995.1147643325874,131598
7676,-0.25,5,994.8647643325874,131603
7677,-1.0,8,993.8647643325874,131611
7678,2.0,10,995.8647643325874,131621
7679,2.0,5,997.8647643325874,131626
7680,3.0,16,1000.8647643325874,131642
7681,-6.8,9,994.0647643325874,131651
7682,0.08333333333333326,13,994.1480976659208,131664
7683,0.8571428571428572,12,995.0052405230637,131676
7684,3.75,7,998.7552405230637,131683
7685,-1.25,6,997.5052405230637,131689
7686,-1.0,7,996.5052405230637,131696
7687,3.2,9,999.7052405230637,131705
7688,0.6666666666666667,12,1000.3719071897303,131717
7689,-1.25,7,999.1219071897303,131724
7690,3.95,25,1003.0719071897304,131749
7691,3.0,10,1006.0719071897304,131759
7692,-7.333333333333333,49,998.738573856397,131808
7693,-1.0,12,997.738573856397,131820
7694,-3.2857142857142856,19,994.4528595706827,131839
7695,5.3999999999999995,19,999.8528595706827,131858
7696,-2.0,13,997.8528595706827,131871
7697,0.0,2,997.8528595706827,131873
7698,0.0,9,997.8528595706827,131882
7699,1.0,8,998.8528595706827,131890
7700,-3.75,30,995.1028595706827,131920
7701,1.6666666666666665,8,996.7695262373493,131928
7702,-6.0,17,990.7695262373493,131945
7703,-7.0,12,983.7695262373493,131957
7704,0.0,11,983.7695262373493,131968
7705,10.7,19,994.4695262373493,131987
7706,1.25,16,995.7195262373493,132003
7707,2.857142857142857,7,998.5766690944922,132010
7708,-1.3333333333333335,34,997.2433357611588,132044
7709,-5.357142857142858,25,991.886192904016,132069
7710,0.3333333333333339,21,992.2195262373493,132090
7711,-1.5,15,990.7195262373493,132105
7712,2.0,12,992.7195262373493,132117
7713,-2.583333333333333,41,990.136192904016,132158
7714,0.0,32,990.136192904016,132190
7715,-6.6,23,983.5361929040159,132213
7716,7.0,13,990.5361929040159,132226
7717,1.6666666666666665,34,992.2028595706826,132260
7718,-8.0,7,984.2028595706826,132267
7719,2.1666666666666665,9,986.3695262373492,132276
7720,2.0,9,988.3695262373492,132285
7721,3.0,10,991.3695262373492,132295
7722,5.357142857142857,19,996.7266690944921,132314
7723,10.307142857142857,38,1007.0338119516349,132352
7724,1.0,9,1008.0338119516349,132361
7725,-4.25,13,1003.7838119516349,132374
7726,-7.142857142857142,32,996.6409548087778,132406
7727,-5.857142857142858,12,990.7838119516349,132418
7728,-4.019047619047619,32,986.7647643325873,132450
7729,4.333333333333333,8,991.0980976659207,132458
7730,-7.6,11,983.4980976659207,132469
7731,-2.8333333333333335,25,980.6647643325873,132494
7732,-4.333333333333333,22,976.3314309992539,132516
7733,0.0,4,976.3314309992539,132520
7734,-5.8,36,970.531430999254,132556
7735,2.0,16,972.531430999254,132572
7736,-0.6666666666666667,19,971.8647643325874,132591
7737,0.4166666666666667,14,972.281430999254,132605
7738,-8.2,26,964.0814309992539,132631
7739,1.0833333333333335,13,965.1647643325873,132644
7740,-1.1333333333333333,28,964.031430999254,132672
7741,0.3333333333333333,12,964.3647643325874,132684
7742,-2.0,8,962.3647643325874,132692
7743,-5.0,23,957.3647643325874,132715
7744,-4.0,29,953.3647643325874,132744
7745,0.0,32,953.3647643325874,132776
7746,-2.6571428571428575,28,950.7076214754445,132804
7747,0.0,11,950.7076214754445,132815
7748,0.33333333333333326,17,951.0409548087779,132832
7749,-1.1666666666666667,25,949.8742881421113,132857
7750,-3.0,8,946.8742881421113,132865
7751,-4.238095238095237,27,942.6361929040161,132892
7752,-5.333333333333333,11,937.3028595706827,132903
7753,-0.46666666666666656,29,936.836192904016,132932
7754,1.0,6,937.836192904016,132938
7755,2.142857142857143,16,939.9790500468731,132954
7756,0,0,939.9790500468731,132954
7757,0,0,939.9790500468731,132954
7758,-1.3333333333333333,12,938.6457167135397,132966
7759,1.0,24,939.6457167135397,132990
7760,-1.0,12,938.6457167135397,133002
7761,-2.0,16,936.6457167135397,133018
7762,-3.0,5,933.6457167135397,133023
7763,-2.0,11,931.6457167135397,133034
7764,1.8666666666666667,20,933.5123833802064,133054
7765,-0.33333333333333326,8,933.179050046873,133062
7766,-4.133333333333333,24,929.0457167135397,133086
7767,4.25,23,933.2957167135397,133109
7768,-6.666666666666666,19,926.6290500468731,133128
7769,-6.0,11,920.6290500468731,133139
7770,1.75,25,922.3790500468731,133164
7771,-2.0,7,920.3790500468731,133171
7772,1.5,16,921.8790500468731,133187
7773,3.25,13,925.1290500468731,133200
7774,-4.4,19,920.7290500468731,133219
7775,-0.25,5,920.4790500468731,133224
7776,9.7,23,930.1790500468732,133247
7777,-2.571428571428571,9,927.6076214754446,133256
7778,-1.0,7,926.6076214754446,133263
7779,2.0,20,928.6076214754446,133283
7780,0.0,17,928.6076214754446,133300
7781,-6.088888888888889,18,922.5187325865558,133318
7782,8.0,15,930.5187325865558,133333
7783,0,0,930.5187325865558,133333
7784,0,0,930.5187325865558,133333
7785,0,0,930.5187325865558,133333
7786,0.3333333333333335,11,930.8520659198891,133344
7787,0.0,2,930.8520659198891,133346
7788,0.0,1,930.8520659198891,133347
7789,-6.0,8,924.8520659198891,133355
7790,0.0,9,924.8520659198891,133364
7791,3.866666666666667,18,928.7187325865558,133382
7792,2.366666666666667,14,931.0853992532225,133396
7793,-2.0,9,929.0853992532225,133405
7794,0.4285714285714286,12,929.5139706817939,133417
7795,3.0,6,932.5139706817939,133423
7796,2.0,5,934.5139706817939,133428
7797,2.0,5,936.5139706817939,133433
7798,2.166666666666667,26,938.6806373484606,133459
7799,2.333333333333333,13,941.0139706817939,133472
7800,-7.5,30,933.5139706817939,133502
7801,-3.4411764705882355,20,930.0727942112056,133522
7802,-6.333333333333333,14,923.7394608778723,133536
7803,5.666666666666667,9,929.4061275445389,133545
7804,-5.5,33,923.9061275445389,133578
7805,2.166666666666667,20,926.0727942112055,133598
7806,6.0,14,932.0727942112055,133612
7807,2.0,16,934.0727942112055,133628
7808,2.6666666666666665,6,936.7394608778721,133634
7809,1.5,23,938.2394608778721,133657
7810,-1.0,11,937.2394608778721,133668
7811,6.0,16,943.2394608778721,133684
7812,1.6666666666666667,20,944.9061275445388,133704
7813,3.5,6,948.4061275445388,133710
7814,-2.0,4,946.4061275445388,133714
7815,-2.0,17,944.4061275445388,133731
7816,-3.0,11,941.4061275445388,133742
7817,-4.35,18,937.0561275445388,133760
7818,0.33333333333333326,8,937.3894608778721,133768
7819,1.0,10,938.3894608778721,133778
7820,-2.0,9,936.3894608778721,133787
7821,-4.0,10,932.3894608778721,133797
7822,0,0,932.3894608778721,133797
7823,0,0,932.3894608778721,133797
7824,0,0,932.3894608778721,133797
7825,-1.333333333333333,15,931.0561275445388,133812
7826,0.0,1,931.0561275445388,133813
7827,-4.0,3,927.0561275445388,133816
7828,1.0,7,928.0561275445388,133823
7829,2.5,8,930.5561275445388,133831
7830,2.5,15,933.0561275445388,133846
7831,3.333333333333334,4,936.3894608778721,133850
7832,-4.0,4,932.3894608778721,133854
7833,-3.0,8,929.3894608778721,133862
7834,-2.0,6,927.3894608778721,133868
7835,-4.0,16,923.3894608778721,133884
7836,-6.0,15,917.3894608778721,133899
7837,2.5,15,919.8894608778721,133914
7838,0.833333333333333,14,920.7227942112055,133928
7839,-1.6666666666666665,8,919.0561275445389,133936
7840,0.628571428571429,42,919.6846989731102,133978
7841,1.0,20,920.6846989731102,133998
7842,0.0,16,920.6846989731102,134014
7843,-1.3214285714285714,21,919.3632704016817,134035
7844,-0.7999999999999998,9,918.5632704016817,134044
7845,-2.0,4,916.5632704016817,134048
7846,-1.0,2,915.5632704016817,134050
7847,-2.0,3,913.5632704016817,134053
7848,0.0,5,913.5632704016817,134058
7849,0.06666666666666698,30,913.6299370683485,134088
7850,3.0,6,916.6299370683485,134094
7851,-5.571428571428571,24,911.0585084969199,134118
7852,2.0,5,913.0585084969199,134123
7853,-7.454545454545455,17,905.6039630423744,134140
7854,-3.5,24,902.1039630423744,134164
7855,2.0588235294117645,23,904.1627865717861,134187
7856,-13.0,48,891.1627865717861,134235
7857,-3.5,32,887.6627865717861,134267
7858,0.0,1,887.6627865717861,134268
7859,0.0,8,887.6627865717861,134276
7860,3.5,26,891.1627865717861,134302
7861,-4.416666666666667,21,886.7461199051195,134323
7862,-1.8,15,884.9461199051195,134338
7863,-7.0,23,877.9461199051195,134361
7864,-3.0,14,874.9461199051195,134375
7865,2.0,9,876.9461199051195,134384
7866,-4.833333333333333,27,872.1127865717862,134411
7867,-2.0,14,870.1127865717862,134425
7868,2.0,8,872.1127865717862,134433
7869,8.363636363636363,24,880.4764229354225,134457
7870,-6.0,18,874.4764229354225,134475
7871,0.5,3,874.9764229354225,134478
7872,-0.5,5,874.4764229354225,134483
7873,0.0,5,874.4764229354225,134488
7874,0.0,9,874.4764229354225,134497
7875,-1.0,6,873.4764229354225,134503
7876,2.0,22,875.4764229354225,134525
7877,-1.375,40,874.1014229354225,134565
7878,-1.0,11,873.1014229354225,134576
7879,1.0,18,874.1014229354225,134594
7880,5.0,15,879.1014229354225,134609
7881,-3.166666666666666,46,875.9347562687559,134655
7882,5.7,48,881.634756268756,134703
7883,2.0,4,883.634756268756,134707
7884,0,0,883.634756268756,134707
7885,0,0,883.634756268756,134707
7886,0,0,883.634756268756,134707
7887,1.0,2,884.634756268756,134709
7888,1.0,4,885.634756268756,134713
7889,-3.0,4,882.634756268756,134717
7890,1.0,12,883.634756268756,134729
7891,-3.0,13,880.634756268756,134742
7892,0.0,6,880.634756268756,134748
7893,2.3095238095238098,35,882.9442800782798,134783
7894,5.7,29,888.6442800782798,134812
7895,3.333333333333333,21,891.9776134116132,134833
7896,-4.666666666666668,24,887.3109467449466,134857
7897,-10.0,27,877.3109467449466,134884
7898,-4.0,23,873.3109467449466,134907
7899,-7.683333333333334,40,865.6276134116133,134947
7900,-5.5,25,860.1276134116133,134972
7901,2.0,7,862.1276134116133,134979
7902,6.533333333333333,15,868.6609467449466,134994
7903,1.0,31,869.6609467449466,135025
7904,-4.833333333333334,38,864.8276134116132,135063
7905,-13.0,36,851.8276134116132,135099
7906,1.6666666666666667,25,853.4942800782799,135124
7907,-3.0,14,850.4942800782799,135138
7908,-5.0,19,845.4942800782799,135157
7909,-0.33333333333333326,9,845.1609467449465,135166
7910,-0.5,19,844.6609467449465,135185
7911,-3.0,4,841.6609467449465,135189
7912,0.0,7,841.6609467449465,135196
7913,2.833333333333334,13,844.4942800782799,135209
7914,1.0,11,845.4942800782799,135220
7915,-0.8,5,844.6942800782799,135225
7916,-10.44025974025974,61,834.2540203380202,135286
7917,-12.633333333333335,17,821.6206870046868,135303
7918,3.85,27,825.4706870046869,135330
7919,3.783333333333333,25,829.2540203380202,135355
7920,1.0,13,830.2540203380202,135368
7921,1.2000000000000002,22,831.4540203380202,135390
7922,-4.0,26,827.4540203380202,135416
7923,-1.25,20,826.2040203380202,135436
7924,-5.537878787878787,70,820.6661415501414,135506
7925,-15.0,86,805.6661415501414,135592
7926,2.0,14,807.6661415501414,135606
7927,1.5,31,809.1661415501414,135637
7928,-2.85,21,806.3161415501414,135658
7929,-7.0,40,799.3161415501414,135698
7930,-2.6,18,796.7161415501414,135716
7931,-7.0,25,789.7161415501414,135741
7932,-0.5000000000000004,41,789.2161415501414,135782
7933,-3.4166666666666665,26,785.7994748834748,135808
7934,0.2,5,785.9994748834748,135813
7935,0.0,8,785.9994748834748,135821
7936,2.0,14,787.9994748834748,135835
7937,-1.5,13,786.4994748834748,135848
7938,6.0,25,792.4994748834748,135873
7939,-3.6,27,788.8994748834748,135900
7940,-8.392857142857142,19,780.5066177406177,135919
7941,1.0,8,781.5066177406177,135927
7942,0.0,15,781.5066177406177,135942
7943,2.2,15,783.7066177406177,135957
7944,-0.5,26,783.2066177406177,135983
7945,1.0,17,784.2066177406177,136000
7946,-2.5,28,781.7066177406177,136028
7947,5.5,16,787.2066177406177,136044
7948,8.5,21,795.7066177406177,136065
7949,-1.3956043956043955,14,794.3110133450133,136079
7950,-1.3333333333333333,6,792.9776800116799,136085
7951,-0.3333333333333335,35,792.6443466783466,136120
7952,-2.5,30,790.1443466783466,136150
7953,-2.571428571428571,37,787.572918106918,136187
7954,-3.571428571428571,8,784.0014895354894,136195
7955,0.0,1,784.0014895354894,136196
7956,-3.0,6,781.0014895354894,136202
7957,2.0,11,783.0014895354894,136213
7958,3.0,5,786.0014895354894,136218
7959,-2.0,13,784.0014895354894,136231
7960,1.4285714285714286,4,785.4300609640609,136235
7961,4.95,13,790.3800609640609,136248
7962,1.0,15,791.3800609640609,136263
7963,0.0,4,791.3800609640609,136267
7964,-4.571428571428571,10,786.8086323926324,136277
7965,-4.371428571428572,12,782.4372038212038,136289
7966,3.2,11,785.6372038212038,136300
7967,-1.0,8,784.6372038212038,136308
7968,-5.0,2,779.6372038212038,136310
7969,-1.0,1,778.6372038212038,136311
7970,0.0,7,778.6372038212038,136318
7971,-8.571428571428571,21,770.0657752497752,136339
7972,3.75,6,773.8157752497752,136345
7973,-1.0,25,772.8157752497752,136370
7974,-3.75,24,769.0657752497752,136394
7975,0.0,14,769.0657752497752,136408
7976,-0.9666666666666668,25,768.0991085831085,136433
7977,0.75,11,768.8491085831085,136444
7978,0,0,768.8491085831085,136444
7979,0,0,768.8491085831085,136444
7980,0,0,768.8491085831085,136444
7981,-3.333333333333333,7,765.5157752497752,136451
7982,10.049999999999999,20,775.5657752497751,136471
7983,0.0,9,775.5657752497751,136480
7984,-0.7999999999999998,14,774.7657752497752,136494
7985,-11.285714285714285,19,763.4800609640608,136513
7986,-1.8214285714285714,7,761.6586323926323,136520
7987,-0.25,7,761.4086323926323,136527
7988,4.533333333333334,11,765.9419657259656,136538
7989,-0.25,4,765.6919657259656,136542
7990,2.666666666666667,26,768.3586323926322,136568
7991,-1.0,9,767.3586323926322,136577
7992,-1.0,1,766.3586323926322,136578
7993,2.0,3,768.3586323926322,136581
7994,-4.5,5,763.8586323926322,136586
7995,-2.5,6,761.3586323926322,136592
7996,-0.25,8,761.1086323926322,136600
7997,-3.5,20,757.6086323926322,136620
7998,-5.0,8,752.6086323926322,136628
7999,3.0,5,755.6086323926322,136633
8000,1.0,15,756.6086323926322,136648
8001,-3.25,11,753.3586323926322,136659
8002,-5.5,4,747.8586323926322,136663
8003,5.5,16,753.3586323926322,136679
8004,3.25,21,756.6086323926322,136700
8005,0.4285714285714286,11,757.0372038212037,136711
8006,-3.0,12,754.0372038212037,136723
8007,-7.0,25,747.0372038212037,136748
8008,3.0,5,750.0372038212037,136753
8009,-1.0,1,749.0372038212037,136754
8010,1.0,5,750.0372038212037,136759
8011,-3.0,4,747.0372038212037,136763
8012,-2.0,11,745.0372038212037,136774
8013,2.0,9,747.0372038212037,136783
8014,0.0,4,747.0372038212037,136787
8015,0.0,4,747.0372038212037,136791
8016,-1.1,28,745.9372038212036,136819
8017,5.5,30,751.4372038212036,136849
8018,-3.0,10,748.4372038212036,136859
8019,-2.966666666666667,21,745.4705371545369,136880
8020,2.0,6,747.4705371545369,136886
8021,0.0,3,747.4705371545369,136889
8022,0.0,8,747.4705371545369,136897
8023,3.0,8,750.4705371545369,136905
8024,-1.25,4,749.2205371545369,136909
8025,2.0,8,751.2205371545369,136917
8026,-4.130434782608695,11,747.0901023719282,136928
8027,2.0,6,749.0901023719282,136934
8028,4.0,9,753.0901023719282,136943
8029,1.0,7,754.0901023719282,136950
8030,2.0,5,756.0901023719282,136955
8031,-1.5714285714285714,4,754.5186738004996,136959
8032,1.2000000000000002,8,755.7186738004997,136967
8033,1.5,15,757.2186738004997,136982
8034,-3.0,6,754.2186738004997,136988
8035,-3.333333333333333,9,750.8853404671663,136997
8036,3.0,15,753.8853404671663,137012
8037,-1.3333333333333333,5,752.552007133833,137017
8038,-9.0,22,743.552007133833,137039
8039,-2.0,6,741.552007133833,137045
8040,4.0,16,745.552007133833,137061
8041,1.0,11,746.552007133833,137072
8042,2.0,11,748.552007133833,137083
8043,1.0,7,749.552007133833,137090
8044,-4.2666666666666675,21,745.2853404671663,137111
8045,0.0,12,745.2853404671663,137123
8046,0.6666666666666667,10,745.9520071338329,137133
8047,0.0,22,745.9520071338329,137155
8048,-1.0,33,744.9520071338329,137188
8049,-3.0,5,741.9520071338329,137193
8050,0.16666666666666652,10,742.1186738004996,137203
8051,4.0,7,746.1186738004996,137210
8052,-1.0,6,745.1186738004996,137216
8053,1.0,14,746.1186738004996,137230
8054,1.5,34,747.6186738004996,137264
8055,1.0,25,748.6186738004996,137289
8056,0.0,8,748.6186738004996,137297
8057,-3.0,29,745.6186738004996,137326
8058,5.0,19,750.6186738004996,137345
8059,-1.3333333333333333,17,749.2853404671662,137362
8060,-1.5,19,747.7853404671662,137381
8061,-8.333333333333332,26,739.4520071338328,137407
8062,-1.5714285714285714,14,737.8805785624043,137421
8063,4.25,19,742.1305785624043,137440
8064,-4.0,30,738.1305785624043,137470
8065,4.083333333333333,29,742.2139118957376,137499
8066,-4.125,34,738.0889118957376,137533
8067,1.75,5,739.8389118957376,137538
8068,-0.75,17,739.0889118957376,137555
8069,-3.0,23,736.0889118957376,137578
8070,-0.4,31,735.6889118957376,137609
8071,4.0,10,739.6889118957376,137619
8072,-7.5,29,732.1889118957376,137648
8073,2.0,16,734.1889118957376,137664
8074,1.0,16,735.1889118957376,137680
8075,-1.0,16,734.1889118957376,137696
8076,9.0,28,743.1889118957376,137724
8077,2.5,14,745.6889118957376,137738
8078,-1.6666666666666667,22,744.022245229071,137760
8079,0.0,10,744.022245229071,137770
8080,-2.3666666666666663,31,741.6555785624043,137801
8081,0.0,16,741.6555785624043,137817
8082,0.0,11,741.6555785624043,137828
8083,0.8888888888888888,8,742.5444674512933,137836
8084,-3.916666666666667,9,738.6278007846266,137845
8085,-4.333333333333334,20,734.2944674512933,137865
8086,7.333333333333333,20,741.6278007846266,137885
8087,-1.0,20,740.6278007846266,137905
8088,1.0,15,741.6278007846266,137920
8089,7.0,28,748.6278007846266,137948
8090,-3.3333333333333335,29,745.2944674512933,137977
8091,0.0,7,745.2944674512933,137984
8092,-4.333333333333333,16,740.9611341179599,138000
8093,3.5555555555555554,11,744.5166896735154,138011
8094,-0.8,4,743.7166896735155,138015
8095,1.5,4,745.2166896735155,138019
8096,2.7,10,747.9166896735155,138029
8097,0.0,13,747.9166896735155,138042
8098,1.75,12,749.6666896735155,138054
8099,-3.0,6,746.6666896735155,138060
8100,-2.0,9,744.6666896735155,138069
8101,-4.0,18,740.6666896735155,138087
8102,-4.5,13,736.1666896735155,138100
8103,-2.0,7,734.1666896735155,138107
8104,-2.25,18,731.9166896735155,138125
8105,3.0,5,734.9166896735155,138130
8106,1.0,9,735.9166896735155,138139
8107,6.2,12,742.1166896735156,138151
8108,2.0,5,744.1166896735156,138156
8109,-1.0,12,743.1166896735156,138168
8110,9.0,25,752.1166896735156,138193
8111,2.0,4,754.1166896735156,138197
8112,1.0,7,755.1166896735156,138204
8113,-3.8333333333333335,18,751.2833563401822,138222
8114,3.0,21,754.2833563401822,138243
8115,1.75,15,756.0333563401822,138258
8116,2.0,20,758.0333563401822,138278
8117,2.0,12,760.0333563401822,138290
8118,-2.454545454545455,13,757.5788108856367,138303
8119,-0.3333333333333333,6,757.2454775523033,138309
8120,1.0,8,758.2454775523033,138317
8121,1.0,13,759.2454775523033,138330
8122,-1.0,1,758.2454775523033,138331
8123,-2.0,7,756.2454775523033,138338
8124,-0.5,15,755.7454775523033,138353
8125,-1.0,12,754.7454775523033,138365
8126,-0.9111111111111112,38,753.8343664411922,138403
8127,2.5,7,756.3343664411922,138410
8128,7.0,26,763.3343664411922,138436
8129,0.0,9,763.3343664411922,138445
8130,-3.0,7,760.3343664411922,138452
8131,0.0,21,760.3343664411922,138473
8132,-1.583333333333333,35,758.7510331078588,138508
8133,6.545454545454545,13,765.2964876533133,138521
8134,-1.5833333333333333,4,763.7131543199799,138525
8135,0.0,8,763.7131543199799,138533
8136,1.866666666666667,40,765.5798209866466,138573
8137,1.6666666666666667,10,767.2464876533132,138583
8138,3.2,13,770.4464876533133,138596
8139,4.0,19,774.4464876533133,138615
8140,1.0,9,775.4464876533133,138624
8141,-2.0,6,773.4464876533133,138630
8142,-3.0,7,770.4464876533133,138637
8143,0.0,8,770.4464876533133,138645
8144,0.0,11,770.4464876533133,138656
8145,-5.0,15,765.4464876533133,138671
8146,-4.0,6,761.4464876533133,138677
8147,0.0,3,761.4464876533133,138680
8148,1.0,7,762.4464876533133,138687
8149,-6.904761904761905,23,755.5417257485514,138710
8150,1.0,2,756.5417257485514,138712
8151,2.0,7,758.5417257485514,138719
8152,0.0,3,758.5417257485514,138722
8153,0.0,4,758.5417257485514,138726
8154,-5.25,10,753.2917257485514,138736
8155,3.0,13,756.2917257485514,138749
8156,0.0,7,756.2917257485514,138756
8157,2.0,8,758.2917257485514,138764
8158,0,0,758.2917257485514,138764
8159,0,0,758.2917257485514,138764
8160,8.0,34,766.2917257485514,138798
8161,-0.16666666666666607,20,766.1250590818847,138818
8162,-1.2142857142857142,17,764.9107733675991,138835
8163,3.5,12,768.4107733675991,138847
8164,0.0,5,768.4107733675991,138852
8165,2.0,8,770.4107733675991,138860
8166,0.0,6,770.4107733675991,138866
8167,0.0,4,770.4107733675991,138870
8168,-2.0,9,768.4107733675991,138879
8169,-3.5,16,764.9107733675991,138895
8170,0.6000000000000001,7,765.5107733675991,138902
8171,3.0,11,768.5107733675991,138913
8172,-2.0,9,766.5107733675991,138922
8173,5.5,21,772.0107733675991,138943
8174,4.0,15,776.0107733675991,138958
8175,0.0,7,776.0107733675991,138965
8176,3.833333333333333,16,779.8441067009325,138981
8177,8.0,14,787.8441067009325,138995
8178,0.0,5,787.8441067009325,139000
8179,0.0,5,787.8441067009325,139005
8180,3.5,9,791.3441067009325,139014
8181,3.6,16,794.9441067009325,139030
8182,5.5,20,800.4441067009325,139050
8183,4.0,3,804.4441067009325,139053
8184,-0.9500000000000002,32,803.4941067009324,139085
8185,-3.4,23,800.0941067009325,139108
8186,0.05555555555555536,23,800.149662256488,139131
8187,3.0,6,803.149662256488,139137
8188,3.5454545454545454,20,806.6951168019425,139157
8189,4.75,22,811.4451168019425,139179
8190,5.416666666666666,29,816.8617834686091,139208
8191,6.933333333333333,30,823.7951168019424,139238
8192,3.0,11,826.7951168019424,139249
8193,3.0,6,829.7951168019424,139255
8194,-0.8999999999999999,19,828.8951168019424,139274
8195,1.0,3,829.8951168019424,139277
8196,0.3333333333333333,4,830.2284501352758,139281
8197,1.0,5,831.2284501352758,139286
8198,-2.0,2,829.2284501352758,139288
8199,1.0,15,830.2284501352758,139303
8200,0.20000000000000018,12,830.4284501352759,139315
8201,-1.4545454545454546,8,828.9739046807304,139323
8202,0.0,5,828.9739046807304,139328
8203,1.0,4,829.9739046807304,139332
8204,1.0,8,830.9739046807304,139340
8205,2.0,8,832.9739046807304,139348
8206,1.0,8,833.9739046807304,139356
8207,6.2,5,840.1739046807304,139361
8208,1.0,8,841.1739046807304,139369
8209,4.0,14,845.1739046807304,139383
8210,2.0,10,847.1739046807304,139393
8211,1.3571428571428572,24,848.5310475378733,139417
8212,3.333333333333333,19,851.8643808712067,139436
8213,2.0,4,853.8643808712067,139440
8214,2.0,13,855.8643808712067,139453
8215,-5.0,7,850.8643808712067,139460
8216,1.0,7,851.8643808712067,139467
8217,0.0,3,851.8643808712067,139470
8218,4.5,17,856.3643808712067,139487
8219,2.0,5,858.3643808712067,139492
8220,3.0,6,861.3643808712067,139498
8221,0.0,1,861.3643808712067,139499
8222,0.0,3,861.3643808712067,139502
8223,-0.25,5,861.1143808712067,139507
8224,1.0,8,862.1143808712067,139515
8225,2.0,9,864.1143808712067,139524
8226,0.0,8,864.1143808712067,139532
8227,3.0,6,867.1143808712067,139538
8228,1.6,5,868.7143808712067,139543
8229,6.0,29,874.7143808712067,139572
8230,1.0,7,875.7143808712067,139579
8231,5.25,20,880.9643808712067,139599
8232,3.0,5,883.9643808712067,139604
8233,-1.0,2,882.9643808712067,139606
8234,2.0,6,884.9643808712067,139612
8235,0.0,5,884.9643808712067,139617
8236,1.6,2,886.5643808712067,139619
8237,-2.0,5,884.5643808712067,139624
8238,6.0,14,890.5643808712067,139638
8239,5.5,15,896.0643808712067,139653
8240,2.0,6,898.0643808712067,139659
8241,-8.25,41,889.8143808712067,139700
8242,-2.0,1,887.8143808712067,139701
8243,-2.0,5,885.8143808712067,139706
8244,0.0,5,885.8143808712067,139711
8245,0.25,8,886.0643808712067,139719
8246,10.0,15,896.0643808712067,139734
8247,3.25,25,899.3143808712067,139759
8248,2.1666666666666665,11,901.4810475378733,139770
8249,-1.0,4,900.4810475378733,139774
8250,1.6,6,902.0810475378734,139780
8251,-1.8571428571428572,26,900.2239046807305,139806
8252,0.1428571428571428,26,900.3667618235876,139832
8253,3.5,9,903.8667618235876,139841
8254,0.5,34,904.3667618235876,139875
8255,4.2,8,908.5667618235876,139883
8256,-1.0,7,907.5667618235876,139890
8257,2.0,14,909.5667618235876,139904
8258,4.0,3,913.5667618235876,139907
8259,0.0,11,913.5667618235876,139918
8260,0.7666666666666662,17,914.3334284902543,139935
8261,2.0,21,916.3334284902543,139956
8262,0.0,1,916.3334284902543,139957
8263,-5.6,12,910.7334284902543,139969
8264,-3.0,11,907.7334284902543,139980
8265,-9.0,16,898.7334284902543,139996
8266,0.33333333333333326,24,899.0667618235876,140020
8267,0.5,39,899.5667618235876,140059
8268,-8.25,12,891.3167618235876,140071
8269,-1.6666666666666667,14,889.650095156921,140085
8270,-8.0,22,881.650095156921,140107
8271,2.0,6,883.650095156921,140113
8272,-5.166666666666666,29,878.4834284902544,140142
8273,0.0,13,878.4834284902544,140155
8274,-5.0,10,873.4834284902544,140165
8275,1.0,8,874.4834284902544,140173
8276,-3.0666666666666664,25,871.4167618235876,140198
8277,-2.0,4,869.4167618235876,140202
8278,0.0,4,869.4167618235876,140206
8279,-1.0,13,868.4167618235876,140219
8280,0.0,3,868.4167618235876,140222
8281,-1.7999999999999998,21,866.6167618235877,140243
8282,-2.25,2,864.3667618235877,140245
8283,3.0,8,867.3667618235877,140253
8284,1.6,12,868.9667618235877,140265
8285,0,0,868.9667618235877,140265
8286,0,0,868.9667618235877,140265
8287,0,0,868.9667618235877,140265
8288,0.75,9,869.7167618235877,140274
8289,-2.0,5,867.7167618235877,140279
8290,4.0,22,871.7167618235877,140301
8291,-2.0,12,869.7167618235877,140313
8292,4.555555555555555,27,874.2723173791433,140340
8293,1.0,20,875.2723173791433,140360
8294,-2.3333333333333335,4,872.9389840458099,140364
8295,-2.666666666666667,11,870.2723173791433,140375
8296,-5.276190476190475,24,864.9961269029528,140399
8297,-2.0,5,862.9961269029528,140404
8298,2.0,4,864.9961269029528,140408
8299,-1.0,2,863.9961269029528,140410
8300,0.16666666666666674,18,864.1627935696195,140428
8301,-2.5,16,861.6627935696195,140444
8302,-0.5,18,861.1627935696195,140462
8303,3.142857142857143,9,864.3056507124766,140471
8304,-1.6666666666666667,18,862.6389840458099,140489
8305,-9.257142857142856,20,853.3818411886671,140509
8306,-5.571428571428571,42,847.8104126172385,140551
8307,-8.071428571428571,24,839.73898404581,140575
8308,-2.111111111111111,12,837.6278729346989,140587
8309,-10.45,30,827.1778729346988,140617
8310,9.6,56,836.7778729346988,140673
8311,1.0,4,837.7778729346988,140677
8312,2.75,23,840.5278729346988,140700
8313,-2.3205128205128207,24,838.207360114186,140724
8314,1.5,44,839.707360114186,140768
8315,-2.0,11,837.707360114186,140779
8316,0.0,4,837.707360114186,140783
8317,-18.0,58,819.707360114186,140841
8318,-2.0,3,817.707360114186,140844
8319,-1.5,13,816.207360114186,140857
8320,-2.0,3,814.207360114186,140860
8321,1.0,15,815.207360114186,140875
8322,-1.0,2,814.207360114186,140877
8323,2.5,5,816.707360114186,140882
8324,0.0,5,816.707360114186,140887
8325,0.0,3,816.707360114186,140890
8326,-3.0,19,813.707360114186,140909
8327,-7.142857142857142,14,806.5645029713289,140923
8328,6.0,18,812.5645029713289,140941
8329,8.86111111111111,31,821.42561408244,140972
8330,-15.266666666666666,37,806.1589474157734,141009
8331,0,0,806.1589474157734,141009
8332,0,0,806.1589474157734,141009
8333,0,0,806.1589474157734,141009
8334,-5.4,14,800.7589474157734,141023
8335,-5.0,12,795.7589474157734,141035
8336,0.0,7,795.7589474157734,141042
8337,1.0,6,796.7589474157734,141048
8338,-5.416666666666667,43,791.3422807491067,141091
8339,-2.166666666666667,19,789.1756140824401,141110
8340,-1.4,18,787.7756140824401,141128
8341,-3.2380952380952377,24,784.537518844345,141152
8342,5.0,20,789.537518844345,141172
8343,-1.0,6,788.537518844345,141178
8344,0.0,2,788.537518844345,141180
8345,-1.2333333333333334,14,787.3041855110116,141194
8346,-0.6153846153846154,6,786.688800895627,141200
8347,-0.5,12,786.188800895627,141212
8348,-3.1363636363636367,21,783.0524372592633,141233
8349,-4.8,13,778.2524372592634,141246
8350,0.0,20,778.2524372592634,141266
8351,-4.333333333333333,17,773.91910392593,141283
8352,-10.833333333333332,26,763.0857705925966,141309
8353,5.0,18,768.0857705925966,141327
8354,-4.9,25,763.1857705925967,141352
8355,-4.449999999999999,53,758.7357705925966,141405
8356,-1.4,16,757.3357705925966,141421
8357,-1.25,8,756.0857705925966,141429
8358,3.166666666666667,14,759.2524372592633,141443
8359,2.833333333333333,27,762.0857705925966,141470
8360,0.0,7,762.0857705925966,141477
8361,2.2666666666666666,11,764.3524372592633,141488
8362,-0.33333333333333326,13,764.0191039259299,141501
8363,0.666666666666667,23,764.6857705925966,141524
8364,0.0,20,764.6857705925966,141544
8365,-7.666666666666666,22,757.0191039259299,141566
8366,-2.5,31,754.5191039259299,141597
8367,0.0,10,754.5191039259299,141607
8368,3.0,11,757.5191039259299,141618
8369,2.033333333333333,29,759.5524372592632,141647
8370,6.5,10,766.0524372592632,141657
8371,1.0,3,767.0524372592632,141660
8372,2.388888888888889,23,769.4413261481521,141683
8373,0.0,19,769.4413261481521,141702
8374,1.0,12,770.4413261481521,141714
8375,-1.0,6,769.4413261481521,141720
8376,3.4000000000000004,43,772.8413261481521,141763
8377,0.0,20,772.8413261481521,141783
8378,1.25,19,774.0913261481521,141802
8379,-1.0833333333333333,18,773.0079928148187,141820
8380,0.0,8,773.0079928148187,141828
8381,-1.5,19,771.5079928148187,141847
8382,-5.0,26,766.5079928148187,141873
8383,-5.0,5,761.5079928148187,141878
8384,-2.0,6,759.5079928148187,141884
8385,-2.0,5,757.5079928148187,141889
8386,0.0,19,757.5079928148187,141908
8387,-2.25,7,755.2579928148187,141915
8388,-1.1999999999999997,10,754.0579928148187,141925
8389,-2.0,5,752.0579928148187,141930
8390,1.1428571428571428,5,753.2008499576758,141935
8391,-6.357142857142858,20,746.8437071005329,141955
8392,0.0,1,746.8437071005329,141956
8393,-5.666666666666667,56,741.1770404338663,142012
8394,0.0,1,741.1770404338663,142013
8395,-3.333333333333333,17,737.8437071005329,142030
8396,2.7,13,740.543707100533,142043
8397,-2.0,3,738.543707100533,142046
8398,1.0,5,739.543707100533,142051
8399,-1.3333333333333333,11,738.2103737671996,142062
8400,0.0,12,738.2103737671996,142074
8401,3.0,6,741.2103737671996,142080
8402,-1.0,8,740.2103737671996,142088
8403,-4.666666666666666,15,735.543707100533,142103
8404,-0.04999999999999982,24,735.493707100533,142127
8405,2.0,8,737.493707100533,142135
8406,1.8499999999999996,29,739.343707100533,142164
8407,-1.0,8,738.343707100533,142172
8408,0,0,738.343707100533,142172
8409,0,0,738.343707100533,142172
8410,0,0,738.343707100533,142172
8411,0.0,2,738.343707100533,142174
8412,0.0,1,738.343707100533,142175
8413,-3.0,3,735.343707100533,142178
8414,0,0,735.343707100533,142178
8415,0,0,735.343707100533,142178
8416,0,0,735.343707100533,142178
8417,2.0,7,737.343707100533,142185
8418,-5.583333333333333,29,731.7603737671997,142214
8419,-5.0,9,726.7603737671997,142223
8420,3.0,2,729.7603737671997,142225
8421,-3.0,4,726.7603737671997,142229
8422,-3.0,2,723.7603737671997,142231
8423,-3.0,2,720.7603737671997,142233
8424,2.0,13,722.7603737671997,142246
8425,-4.0,15,718.7603737671997,142261
8426,2.8,11,721.5603737671996,142272
8427,0.9500000000000002,24,722.5103737671997,142296
8428,-3.0,3,719.5103737671997,142299
8429,5.5,16,725.0103737671997,142315
8430,0.0,7,725.0103737671997,142322
8431,-2.75,14,722.2603737671997,142336
8432,1.25,16,723.5103737671997,142352
8433,5.0,13,728.5103737671997,142365
8434,-1.0,21,727.5103737671997,142386
8435,-3.0,13,724.5103737671997,142399
8436,2.0,9,726.5103737671997,142408
8437,-7.0,11,719.5103737671997,142419
8438,-9.5,29,710.0103737671997,142448
8439,1.5454545454545454,23,711.5558283126542,142471
8440,0.0,4,711.5558283126542,142475
8441,-1.0,16,710.5558283126542,142491
8442,-6.357142857142858,28,704.1986854555113,142519
8443,-5.8,29,698.3986854555113,142548
8444,-8.208333333333332,19,690.190352122178,142567
8445,-1.0,4,689.190352122178,142571
8446,-1.0,6,688.190352122178,142577
8447,3.0,3,691.190352122178,142580
8448,1.3666666666666663,17,692.5570187888446,142597
8449,0.08333333333333348,26,692.640352122178,142623
8450,-3.0,5,689.640352122178,142628
8451,-1.0,4,688.640352122178,142632
8452,-4.666666666666666,10,683.9736854555114,142642
8453,2.5,33,686.4736854555114,142675
8454,0.0,9,686.4736854555114,142684
8455,4.0,34,690.4736854555114,142718
8456,-0.11111111111111116,24,690.3625743444003,142742
8457,5.166666666666667,25,695.5292410110669,142767
8458,-1.0,5,694.5292410110669,142772
8459,-5.416666666666666,33,689.1125743444003,142805
8460,-6.5,29,682.6125743444003,142834
8461,0.2,17,682.8125743444003,142851
8462,-2.0,6,680.8125743444003,142857
8463,-1.0,1,679.8125743444003,142858
8464,0.0,2,679.8125743444003,142860
8465,0.0,1,679.8125743444003,142861
8466,-1.333333333333334,24,678.479241011067,142885
8467,-2.0,15,676.479241011067,142900
8468,1.6,5,678.079241011067,142905
8469,1.0,2,679.079241011067,142907
8470,0.0,2,679.079241011067,142909
8471,0.0,3,679.079241011067,142912
8472,0.0,5,679.079241011067,142917
8473,0.0,4,679.079241011067,142921
8474,4.416666666666667,17,683.4959076777336,142938
8475,2.0,7,685.4959076777336,142945
8476,0.0,4,685.4959076777336,142949
8477,0.0,10,685.4959076777336,142959
8478,0.0,7,685.4959076777336,142966
8479,-7.25,20,678.2459076777336,142986
8480,-1.0,8,677.2459076777336,142994
8481,0.0,13,677.2459076777336,143007
8482,1.0,22,678.2459076777336,143029
8483,-1.5,12,676.7459076777336,143041
8484,-1.0,15,675.7459076777336,143056
8485,-4.5,18,671.2459076777336,143074
8486,-4.5,29,666.7459076777336,143103
8487,-1.666666666666667,51,665.079241011067,143154
8488,0.0,9,665.079241011067,143163
8489,-3.0,17,662.079241011067,143180
8490,-4.0,14,658.079241011067,143194
8491,-2.0,10,656.079241011067,143204
8492,1.5,24,657.579241011067,143228
8493,1.1428571428571428,6,658.7220981539241,143234
8494,3.642857142857143,6,662.3649552967812,143240
8495,4.0,22,666.3649552967812,143262
8496,-6.666666666666667,19,659.6982886301146,143281
8497,0,0,659.6982886301146,143281
8498,0,0,659.6982886301146,143281
8499,-6.953846153846154,33,652.7444424762684,143314
8500,0.0,19,652.7444424762684,143333
8501,0.0,3,652.7444424762684,143336
8502,-0.5,3,652.2444424762684,143339
8503,2.0,3,654.2444424762684,143342
8504,4.25,16,658.4944424762684,143358
8505,-6.666666666666667,25,651.8277758096018,143383
8506,-0.75,9,651.0777758096018,143392
8507,-2.0,11,649.0777758096018,143403
8508,3.0,15,652.0777758096018,143418
8509,3.0,9,655.0777758096018,143427
8510,6.0,18,661.0777758096018,143445
8511,-1.833333333333333,16,659.2444424762684,143461
8512,2.7,13,661.9444424762685,143474
8513,4.0,9,665.9444424762685,143483
8514,0.0,7,665.9444424762685,143490
8515,2.0,13,667.9444424762685,143503
8516,-3.5,6,664.4444424762685,143509
8517,-3.333333333333333,22,661.1111091429351,143531
8518,0.0,3,661.1111091429351,143534
8519,1.0,4,662.1111091429351,143538
8520,2.25,2,664.3611091429351,143540
8521,3.0,7,667.3611091429351,143547
8522,4.125,8,671.4861091429351,143555
8523,3.0,6,674.4861091429351,143561
8524,5.0,9,679.4861091429351,143570
8525,0.0,2,679.4861091429351,143572
8526,3.0,4,682.4861091429351,143576
8527,-2.0,2,680.4861091429351,143578
8528,7.0,19,687.4861091429351,143597
8529,0.0,3,687.4861091429351,143600
8530,-3.8,9,683.6861091429352,143609
8531,2.0,10,685.6861091429352,143619
8532,-1.0,2,684.6861091429352,143621
8533,-4.0,9,680.6861091429352,143630
8534,-2.0,7,678.6861091429352,143637
8535,-4.5,7,674.1861091429352,143644
8536,-4.571428571428571,6,669.6146805715066,143650
8537,-4.571428571428571,12,665.043252000078,143662
8538,-0.5,4,664.543252000078,143666
8539,-1.0,4,663.543252000078,143670
8540,-2.0,7,661.543252000078,143677
8541,5.5,11,667.043252000078,143688
8542,-3.8,31,663.2432520000781,143719
8543,1.0,6,664.2432520000781,143725
8544,9.666666666666666,23,673.9099186667447,143748
8545,1.0,3,674.9099186667447,143751
8546,8.0,26,682.9099186667447,143777
8547,1.0,3,683.9099186667447,143780
8548,-2.5,6,681.4099186667447,143786
8549,-4.0,10,677.4099186667447,143796
8550,4.0,4,681.4099186667447,143800
8551,1.0,3,682.4099186667447,143803
8552,0.0,6,682.4099186667447,143809
8553,4.2,7,686.6099186667448,143816
8554,2.0,3,688.6099186667448,143819
8555,0.0,13,688.6099186667448,143832
8556,-1.25,15,687.3599186667448,143847
8557,8.7,21,696.0599186667448,143868
8558,-9.5,29,686.5599186667448,143897
8559,3.0,7,689.5599186667448,143904
8560,-1.0,9,688.5599186667448,143913
8561,-5.076923076923077,12,683.4829955898217,143925
8562,0.0,2,683.4829955898217,143927
8563,1.2000000000000002,7,684.6829955898218,143934
8564,3.0,6,687.6829955898218,143940
8565,0.0,1,687.6829955898218,143941
8566,-1.0,7,686.6829955898218,143948
8567,-0.5,11,686.1829955898218,143959
8568,1.7000000000000002,13,687.8829955898218,143972
8569,2.0,19,689.8829955898218,143991
8570,0.5,9,690.3829955898218,144000
8571,1.0,5,691.3829955898218,144005
8572,0.7,13,692.0829955898218,144018
8573,2.0,7,694.0829955898218,144025
8574,0.0,4,694.0829955898218,144029
8575,2.9000000000000004,29,696.9829955898218,144058
8576,3.5,5,700.4829955898218,144063
8577,-0.5,3,699.9829955898218,144066
8578,1.0,5,700.9829955898218,144071
8579,2.0,25,702.9829955898218,144096
8580,-1.0,7,701.9829955898218,144103
8581,-4.285714285714286,28,697.6972813041075,144131
8582,-1.2333333333333334,25,696.4639479707741,144156
8583,-3.7111111111111112,29,692.752836859663,144185
8584,-0.3333333333333339,22,692.4195035263297,144207
8585,2.0,8,694.4195035263297,144215
8586,-1.666666666666667,24,692.752836859663,144239
8587,1.0,21,693.752836859663,144260
8588,-5.0,18,688.752836859663,144278
8589,-2.0744588744588746,29,686.6783779852042,144307
8590,8.0,28,694.6783779852042,144335
8591,0.5,11,695.1783779852042,144346
8592,2.666666666666667,24,697.8450446518708,144370
8593,0.0,16,697.8450446518708,144386
8594,-3.0,8,694.8450446518708,144394
8595,-13.238095238095239,30,681.6069494137756,144424
8596,-0.5714285714285712,20,681.0355208423471,144444
8597,-5.25,21,675.7855208423471,144465
8598,0.9285714285714288,43,676.7140922709185,144508
8599,7.0,21,683.7140922709185,144529
8600,-5.0,18,678.7140922709185,144547
8601,-3.4,7,675.3140922709185,144554
8602,-5.75,20,669.5640922709185,144574
8603,-2.333333333333333,27,667.2307589375852,144601
8604,0.0,2,667.2307589375852,144603
8605,2.0,6,669.2307589375852,144609
8606,2.0,4,671.2307589375852,144613
8607,-1.9999999999999996,32,669.2307589375852,144645
8608,0.25,25,669.4807589375852,144670
8609,-0.8888888888888888,15,668.5918700486963,144685
8610,0.0,5,668.5918700486963,144690
8611,-1.0,7,667.5918700486963,144697
8612,0.0,6,667.5918700486963,144703
8613,0.0,3,667.5918700486963,144706
8614,-1.0,5,666.5918700486963,144711
8615,4.199999999999999,16,670.7918700486963,144727
8616,-4.713768115942028,39,666.0781019327543,144766
8617,-5.0,17,661.0781019327543,144783
8618,2.0,11,663.0781019327543,144794
8619,-1.0,12,662.0781019327543,144806
8620,3.5333333333333337,8,665.6114352660876,144814
8621,1.666666666666667,16,667.2781019327542,144830
8622,0.0,2,667.2781019327542,144832
8623,-2.0,5,665.2781019327542,144837
8624,-2.111111111111111,15,663.1669908216431,144852
8625,-1.3333333333333333,4,661.8336574883098,144856
8626,3.0,4,664.8336574883098,144860
8627,0.0,6,664.8336574883098,144866
8628,0.0,8,664.8336574883098,144874
8629,-3.4444444444444446,21,661.3892130438653,144895
8630,-6.333333333333333,7,655.0558797105319,144902
8631,2.3088235294117645,12,657.3647032399437,144914
8632,0.0,4,657.3647032399437,144918
8633,4.0,20,661.3647032399437,144938
8634,4.666666666666667,18,666.0313699066103,144956
8635,2.0,5,668.0313699066103,144961
8636,-1.8,14,666.2313699066103,144975
8637,3.0,6,669.2313699066103,144981
8638,4.0,14,673.2313699066103,144995
8639,-3.888888888888889,4,669.3424810177214,144999
8640,3.0,2,672.3424810177214,145001
8641,3.666666666666667,12,676.009147684388,145013
8642,-3.571428571428571,8,672.4377191129595,145021
8643,-3.5,26,668.9377191129595,145047
8644,2.2,8,671.1377191129595,145055
8645,1.0,13,672.1377191129595,145068
8646,0.0,8,672.1377191129595,145076
8647,0.0,9,672.1377191129595,145085
8648,2.0,5,674.1377191129595,145090
8649,-2.0,4,672.1377191129595,145094
8650,-2.0,4,670.1377191129595,145098
8651,0.09285714285714286,10,670.2305762558167,145108
8652,2.0,14,672.2305762558167,145122
8653,-1.25,18,670.9805762558167,145140
8654,2.5,11,673.4805762558167,145151
8655,-1.0,24,672.4805762558167,145175
8656,-3.0,23,669.4805762558167,145198
8657,-0.5,6,668.9805762558167,145204
8658,2.0,8,670.9805762558167,145212
8659,3.0,7,673.9805762558167,145219
8660,2.0,5,675.9805762558167,145224
8661,-7.083333333333333,13,668.8972429224833,145237
8662,0.0,5,668.8972429224833,145242
8663,-0.7166666666666668,26,668.1805762558166,145268
8664,-0.9333333333333331,23,667.2472429224833,145291
8665,4.817460317460317,46,672.0647032399437,145337
8666,-4.038095238095239,23,668.0266080018484,145360
8667,-2.0,6,666.0266080018484,145366
8668,3.0,15,669.0266080018484,145381
8669,0.0,7,669.0266080018484,145388
8670,-0.8333333333333335,12,668.1932746685151,145400
8671,2.666666666666667,15,670.8599413351817,145415
8672,2.428571428571429,28,673.2885127637531,145443
8673,-1.5,14,671.7885127637531,145457
8674,3.0,2,674.7885127637531,145459
8675,-3.0,11,671.7885127637531,145470
8676,-4.833333333333333,18,666.9551794304198,145488
8677,-0.5,10,666.4551794304198,145498
8678,-2.0,3,664.4551794304198,145501
8679,-2.3333333333333335,9,662.1218460970864,145510
8680,0.0,7,662.1218460970864,145517
8681,-0.5,4,661.6218460970864,145521
8682,5.0,8,666.6218460970864,145529
8683,-2.0,3,664.6218460970864,145532
8684,-1.0,6,663.6218460970864,145538
8685,-1.0,14,662.6218460970864,145552
8686,-1.0,2,661.6218460970864,145554
8687,-3.0,5,658.6218460970864,145559
8688,-0.33333333333333326,6,658.288512763753,145565
8689,-4.833333333333333,35,653.4551794304197,145600
8690,2.333333333333333,27,655.788512763753,145627
8691,-1.3333333333333335,23,654.4551794304197,145650
8692,-1.166666666666666,32,653.288512763753,145682
8693,-3.0,5,650.288512763753,145687
8694,6.5,20,656.788512763753,145707
8695,-5.0,24,651.788512763753,145731
8696,-5.5,16,646.288512763753,145747
8697,-5.5,17,640.788512763753,145764
8698,-3.15,28,637.638512763753,145792
8699,-3.0,14,634.638512763753,145806
8700,-5.5,17,629.138512763753,145823
8701,-2.3333333333333335,10,626.8051794304197,145833
8702,2.5,18,629.3051794304197,145851
8703,-5.0,9,624.3051794304197,145860
8704,-10.25,50,614.0551794304197,145910
8705,3.2,14,617.2551794304197,145924
8706,-5.0,9,612.2551794304197,145933
8707,-3.0,18,609.2551794304197,145951
8708,0.6923076923076923,7,609.9474871227275,145958
8709,-3.5,20,606.4474871227275,145978
8710,0.5,10,606.9474871227275,145988
8711,0.0,6,606.9474871227275,145994
8712,-3.5,6,603.4474871227275,146000
8713,3.0,9,606.4474871227275,146009
8714,0.75,10,607.1974871227275,146019
8715,0.75,14,607.9474871227275,146033
8716,0.0,17,607.9474871227275,146050
8717,-2.0,16,605.9474871227275,146066
8718,-1.3333333333333333,7,604.6141537893941,146073
8719,7.433333333333334,19,612.0474871227274,146092
8720,-3.076923076923077,6,608.9705640458043,146098
8721,-8.0,17,600.9705640458043,146115
8722,-2.0,12,598.9705640458043,146127
8723,6.0,11,604.9705640458043,146138
8724,0.0,4,604.9705640458043,146142
8725,-0.5,7,604.4705640458043,146149
8726,-4.0,11,600.4705640458043,146160
8727,5.0,16,605.4705640458043,146176
8728,1.5,5,606.9705640458043,146181
8729,-2.0,7,604.9705640458043,146188
8730,2.0,4,606.9705640458043,146192
8731,2.0,5,608.9705640458043,146197
8732,3.0,6,611.9705640458043,146203
8733,-2.333333333333333,8,609.6372307124709,146211
8734,-3.0,25,606.6372307124709,146236
8735,2.0,38,608.6372307124709,146274
8736,2.5,11,611.1372307124709,146285
8737,-13.27450980392157,32,597.8627209085494,146317
8738,-3.8499999999999996,21,594.0127209085493,146338
8739,-2.9411764705882355,12,591.071544437961,146350
8740,-6.333333333333334,11,584.7382111046277,146361
8741,-2.0,7,582.7382111046277,146368
8742,-0.6666666666666666,7,582.071544437961,146375
8743,-2.0,4,580.071544437961,146379
8744,-1.0,7,579.071544437961,146386
8745,-2.0,4,577.071544437961,146390
8746,0.0,10,577.071544437961,146400
8747,3.0,10,580.071544437961,146410
8748,2.0,5,582.071544437961,146415
8749,7.0,15,589.071544437961,146430
8750,-4.0,16,585.071544437961,146446
8751,3.0,15,588.071544437961,146461
8752,0.0,4,588.071544437961,146465
8753,2.0,4,590.071544437961,146469
8754,-2.0,7,588.071544437961,146476
8755,0.0,1,588.071544437961,146477
8756,2.0,7,590.071544437961,146484
8757,-4.0,8,586.071544437961,146492
8758,-8.333333333333332,40,577.7382111046277,146532
8759,1.0,11,578.7382111046277,146543
8760,-3.0,15,575.7382111046277,146558
8761,-3.333333333333333,11,572.4048777712943,146569
8762,-2.0,9,570.4048777712943,146578
8763,-0.25,19,570.1548777712943,146597
8764,-2.0,7,568.1548777712943,146604
8765,-2.333333333333333,33,565.8215444379609,146637
8766,3.0,2,568.8215444379609,146639
8767,-0.5,6,568.3215444379609,146645
8768,0.17857142857142883,21,568.5001158665324,146666
8769,-4.8,24,563.7001158665324,146690
8770,3.0,14,566.7001158665324,146704
8771,0.0,3,566.7001158665324,146707
8772,3.0,2,569.7001158665324,146709
8773,-2.583333333333333,14,567.1167825331991,146723
8774,-1.5,3,565.6167825331991,146726
8775,-1.3333333333333333,7,564.2834491998657,146733
8776,0.0,1,564.2834491998657,146734
8777,-4.0,6,560.2834491998657,146740
8778,-0.5,4,559.7834491998657,146744
8779,0.5,10,560.2834491998657,146754
8780,-0.5,3,559.7834491998657,146757
8781,0.6666666666666667,3,560.4501158665323,146760
8782,4.433333333333334,17,564.8834491998656,146777
8783,-1.0,21,563.8834491998656,146798
8784,-7.666666666666668,33,556.216782533199,146831
8785,1.6666666666666667,13,557.8834491998656,146844
8786,0.3333333333333335,20,558.216782533199,146864
8787,-1.0,17,557.216782533199,146881
8788,-3.8555555555555556,28,553.3612269776434,146909
8789,1.5,6,554.8612269776434,146915
8790,-2.5,20,552.3612269776434,146935
8791,-3.6666666666666665,20,548.6945603109767,146955
8792,1.0,22,549.6945603109767,146977
8793,-2.666666666666667,16,547.0278936443101,146993
8794,5.0,23,552.0278936443101,147016
8795,-3.333333333333333,7,548.6945603109767,147023
8796,0.0,4,548.6945603109767,147027
8797,-2.0,5,546.6945603109767,147032
8798,-1.5714285714285714,1,545.1231317395482,147033
8799,0.0,1,545.1231317395482,147034
8800,-2.5,3,542.6231317395482,147037
8801,0.0,1,542.6231317395482,147038
8802,0.0,4,542.6231317395482,147042
8803,3.0,8,545.6231317395482,147050
8804,2.0,4,547.6231317395482,147054
8805,-0.6333333333333333,17,546.9897984062148,147071
8806,0.0,10,546.9897984062148,147081
8807,3.833333333333333,37,550.8231317395482,147118
8808,-1.0,2,549.8231317395482,147120
8809,0.0,2,549.8231317395482,147122
8810,-2.333333333333333,15,547.4897984062148,147137
8811,-10.0,21,537.4897984062148,147158
8812,0.0,1,537.4897984062148,147159
8813,2.0,5,539.4897984062148,147164
8814,2.0,4,541.4897984062148,147168
8815,1.0,4,542.4897984062148,147172
8816,-0.5,4,541.9897984062148,147176
8817,4.0,3,545.9897984062148,147179
8818,-0.5,3,545.4897984062148,147182
8819,-2.0,15,543.4897984062148,147197
8820,0.0,2,543.4897984062148,147199
8821,1.2,3,544.6897984062149,147202
8822,4.2,3,548.8897984062149,147205
8823,2.0,8,550.8897984062149,147213
8824,-4.0,19,546.8897984062149,147232
8825,1.0,3,547.8897984062149,147235
8826,-5.6,11,542.2897984062149,147246
8827,3.0,10,545.2897984062149,147256
8828,3.5,6,548.7897984062149,147262
8829,0.0,4,548.7897984062149,147266
8830,-3.0,5,545.7897984062149,147271
8831,-1.0,6,544.7897984062149,147277
8832,-3.946428571428571,8,540.8433698347864,147285
8833,1.0,4,541.8433698347864,147289
8834,-6.7745098039215685,28,535.0688600308648,147317
8835,2.0,4,537.0688600308648,147321
8836,-0.875,4,536.1938600308648,147325
8837,2.0,4,538.1938600308648,147329
8838,0.0,4,538.1938600308648,147333
8839,0.3333333333333333,4,538.5271933641982,147337
8840,-0.6666666666666667,5,537.8605266975316,147342
8841,-0.5,11,537.3605266975316,147353
8842,0.0,6,537.3605266975316,147359
8843,3.7,24,541.0605266975316,147383
8844,0.2,9,541.2605266975316,147392
8845,-1.0,3,540.2605266975316,147395
8846,-3.05,25,537.2105266975317,147420
8847,4.1,14,541.3105266975317,147434
8848,0.0,6,541.3105266975317,147440
8849,5.333333333333333,21,546.6438600308651,147461
8850,2.0,4,548.6438600308651,147465
8851,-6.4,24,542.2438600308651,147489
8852,6.266666666666667,12,548.5105266975318,147501
8853,-2.5,8,546.0105266975318,147509
8854,3.3333333333333335,18,549.3438600308651,147527
8855,3.0,12,552.3438600308651,147539
8856,0.0,8,552.3438600308651,147547
8857,2.5,14,554.8438600308651,147561
8858,-4.6190476190476195,29,550.2248124118175,147590
8859,-0.5,37,549.7248124118175,147627
8860,-3.8,23,545.9248124118176,147650
8861,-4.476190476190477,43,541.4486219356271,147693
8862,0.5,15,541.9486219356271,147708
8863,-11.0,19,530.9486219356271,147727
8864,3.3333333333333335,45,534.2819552689605,147772
8865,-6.083333333333333,35,528.1986219356271,147807
8866,-0.5,20,527.6986219356271,147827
8867,5.5,8,533.1986219356271,147835
8868,-3.75,23,529.4486219356271,147858
8869,-2.0,30,527.4486219356271,147888
8870,1.5,13,528.9486219356271,147901
8871,-9.307692307692308,29,519.6409296279348,147930
8872,-2.766666666666667,25,516.8742629612682,147955
8873,-1.3333333333333335,32,515.5409296279348,147987
8874,0.4285714285714288,16,515.9695010565063,148003
8875,-1.3333333333333333,5,514.6361677231729,148008
8876,-3.0,26,511.6361677231729,148034
8877,1.6666666666666667,12,513.3028343898395,148046
8878,-5.0,14,508.3028343898395,148060
8879,2.0,4,510.3028343898395,148064
8880,2.0,4,512.3028343898395,148068
8881,0.38095238095238093,20,512.6837867707919,148088
8882,-3.0,23,509.6837867707919,148111
8883,-1.6666666666666665,23,508.01712010412524,148134
8884,-7.5,14,500.51712010412524,148148
8885,-3.0,3,497.51712010412524,148151
8886,-2.0,5,495.51712010412524,148156
8887,3.0,15,498.51712010412524,148171
8888,-5.333333333333334,13,493.1837867707919,148184
8889,-15.916666666666668,44,477.26712010412524,148228
8890,-4.0,1,473.26712010412524,148229
8891,-2.5,14,470.76712010412524,148243
8892,-4.0,20,466.76712010412524,148263
8893,0.0,4,466.76712010412524,148267
8894,-1.0,11,465.76712010412524,148278
8895,1.0,4,466.76712010412524,148282
8896,2.0,12,468.76712010412524,148294
8897,-6.0,24,462.76712010412524,148318
8898,-11.5,17,451.26712010412524,148335
8899,-1.0,14,450.26712010412524,148349
8900,2.3333333333333335,12,452.60045343745855,148361
8901,3.0,5,455.60045343745855,148366
8902,-3.0,7,452.60045343745855,148373
8903,-4.111111111111111,13,448.48934232634747,148386
8904,-3.8571428571428577,23,444.63219946920464,148409
8905,1.0,5,445.63219946920464,148414
8906,-3.0,24,442.63219946920464,148438
8907,0.0,2,442.63219946920464,148440
8908,2.0,2,444.63219946920464,148442
8909,-0.16666666666666652,20,444.46553280253795,148462
8910,-5.0,23,439.46553280253795,148485
8911,1.0,2,440.46553280253795,148487
8912,-2.0,2,438.46553280253795,148489
8913,2.0,3,440.46553280253795,148492
8914,0.0,5,440.46553280253795,148497
8915,-1.0,14,439.46553280253795,148511
8916,0.0,22,439.46553280253795,148533
8917,1.0,7,440.46553280253795,148540
8918,2.333333333333333,12,442.79886613587126,148552
8919,0.0,3,442.79886613587126,148555
8920,0.0,2,442.79886613587126,148557
8921,3.0,4,445.79886613587126,148561
8922,-7.0,26,438.79886613587126,148587
8923,-3.326923076923077,5,435.47194305894817,148592
8924,2.0,2,437.47194305894817,148594
8925,0.0,2,437.47194305894817,148596
8926,4.0,2,441.47194305894817,148598
8927,-9.0,30,432.47194305894817,148628
8928,-2.0,3,430.47194305894817,148631
8929,-4.0,6,426.47194305894817,148637
8930,-3.0,6,423.47194305894817,148643
8931,-8.0,9,415.47194305894817,148652
8932,1.75,6,417.22194305894817,148658
8933,-0.25,3,416.97194305894817,148661
8934,-2.0,18,414.97194305894817,148679
8935,-2.5,9,412.47194305894817,148688
8936,4.545454545454545,39,417.01739760440273,148727
8937,2.0,5,419.01739760440273,148732
8938,-7.833333333333333,35,411.1840642710694,148767
8939,-1.0,8,410.1840642710694,148775
8940,1.0,19,411.1840642710694,148794
8941,-3.0,1,408.1840642710694,148795
8942,-2.0,8,406.1840642710694,148803
8943,-2.5,8,403.6840642710694,148811
8944,1.0,5,404.6840642710694,148816
8945,-0.5,8,404.1840642710694,148824
8946,2.5,4,406.6840642710694,148828
8947,-1.0,4,405.6840642710694,148832
8948,-1.0,4,404.6840642710694,148836
8949,-3.0,4,401.6840642710694,148840
8950,-3.0,12,398.6840642710694,148852
8951,-3.5,12,395.1840642710694,148864
8952,3.0,7,398.1840642710694,148871
8953,-4.75,11,393.4340642710694,148882
8954,3.0,5,396.4340642710694,148887
8955,2.0,4,398.4340642710694,148891
8956,1.0,1,399.4340642710694,148892
8957,-8.666666666666668,15,390.76739760440273,148907
8958,-1.0,4,389.76739760440273,148911
8959,-2.0,5,387.76739760440273,148916
8960,-1.0,4,386.76739760440273,148920
8961,-0.25,7,386.51739760440273,148927
8962,1.0,12,387.51739760440273,148939
8963,-2.5,11,385.01739760440273,148950
8964,0.0,5,385.01739760440273,148955
8965,3.1666666666666665,6,388.1840642710694,148961
8966,0,0,388.1840642710694,148961
8967,0,0,388.1840642710694,148961
8968,0,0,388.1840642710694,148961
8969,-1.0,4,387.1840642710694,148965
8970,0.3333333333333333,3,387.51739760440273,148968
8971,-2.0,4,385.51739760440273,148972
8972,0.0,8,385.51739760440273,148980
8973,4.5,5,390.01739760440273,148985
8974,0,0,390.01739760440273,148985
8975,0,0,390.01739760440273,148985
8976,0,0,390.01739760440273,148985
8977,-4.666666666666666,20,385.35073093773605,149005
8978,1.0,10,386.35073093773605,149015
8979,0.0,9,386.35073093773605,149024
8980,-1.0,13,385.35073093773605,149037
8981,3.0,5,388.35073093773605,149042
8982,1.0,8,389.35073093773605,149050
8983,4.5,7,393.85073093773605,149057
8984,-1.9047619047619047,19,391.9459690329741,149076
8985,-1.6666666666666665,24,390.27930236630743,149100
8986,1.0,14,391.27930236630743,149114
8987,2.0,5,393.27930236630743,149119
8988,-0.6666666666666666,9,392.61263569964075,149128
8989,6.5,12,399.11263569964075,149140
8990,-3.0,28,396.11263569964075,149168
8991,-1.7575757575757576,11,394.355059942065,149179
8992,-0.4242424242424243,18,393.93081751782256,149197
8993,-1.0,13,392.93081751782256,149210
8994,-1.25,10,391.68081751782256,149220
8995,-6.499999999999999,9,385.18081751782256,149229
8996,1.0,9,386.18081751782256,149238
8997,-1.0,1,385.18081751782256,149239
8998,-1.0,1,384.18081751782256,149240
8999,-1.0,5,383.18081751782256,149245
9000,-1.0,19,382.18081751782256,149264
9001,3.5,24,385.68081751782256,149288
9002,-4.0,15,381.68081751782256,149303
9003,4.333333333333333,36,386.0141508511559,149339
9004,1.0000000000000002,32,387.0141508511559,149371
9005,3.0,15,390.0141508511559,149386
9006,-1.8,8,388.21415085115586,149394
9007,-2.333333333333334,22,385.88081751782255,149416
9008,-0.25,13,385.63081751782255,149429
9009,1.1666666666666665,11,386.79748418448924,149440
9010,-4.0,14,382.79748418448924,149454
9011,2.0,15,384.79748418448924,149469
9012,-0.16666666666666696,21,384.63081751782255,149490
9013,-0.6666666666666667,11,383.96415085115586,149501
9014,3.0,9,386.96415085115586,149510
9015,0.25,12,387.21415085115586,149522
9016,3.2,12,390.41415085115585,149534
9017,-5.0,16,385.41415085115585,149550
9018,0.0,1,385.41415085115585,149551
9019,-3.0,9,382.41415085115585,149560
9020,-2.0,6,380.41415085115585,149566
9021,3.5,17,383.91415085115585,149583
9022,1.0,10,384.91415085115585,149593
9023,1.5,16,386.41415085115585,149609
9024,0.0,18,386.41415085115585,149627
9025,-2.0,1,384.41415085115585,149628
9026,0.0,2,384.41415085115585,149630
9027,-2.0,1,382.41415085115585,149631
9028,0.0,1,382.41415085115585,149632
9029,0.0,1,382.41415085115585,149633
9030,0.0,1,382.41415085115585,149634
9031,0.0,5,382.41415085115585,149639
9032,1.266666666666667,16,383.6808175178225,149655
9033,-1.0,12,382.6808175178225,149667
9034,2.0,4,384.6808175178225,149671
9035,2.666666666666667,40,387.3474841844892,149711
9036,-0.33333333333333326,12,387.0141508511559,149723
9037,-1.0,7,386.0141508511559,149730
9038,-7.0,17,379.0141508511559,149747
9039,-4.787878787878788,21,374.22627206327707,149768
9040,1.0,9,375.22627206327707,149777
9041,2.0,4,377.22627206327707,149781
9042,-1.0,1,376.22627206327707,149782
9043,-1.0,4,375.22627206327707,149786
9044,-2.0,3,373.22627206327707,149789
9045,-6.5,4,366.72627206327707,149793
9046,0.0,5,366.72627206327707,149798
9047,-1.0,3,365.72627206327707,149801
9048,1.75,12,367.47627206327707,149813
9049,-0.19047619047619052,10,367.28579587280086,149823
9050,-5.25,14,362.03579587280086,149837
9051,0.3333333333333333,6,362.3691292061342,149843
9052,-5.0,7,357.3691292061342,149850
9053,1.0,4,358.3691292061342,149854
9054,4.0,6,362.3691292061342,149860
9055,-6.0,12,356.3691292061342,149872
9056,2.2,1,358.56912920613416,149873
9057,-2.0,4,356.56912920613416,149877
9058,-0.25,7,356.31912920613416,149884
9059,-2.5,11,353.81912920613416,149895
9060,-2.666666666666667,11,351.1524625394675,149906
9061,-5.333333333333333,18,345.81912920613416,149924
9062,0.6000000000000001,13,346.4191292061342,149937
9063,-5.333333333333334,7,341.0857958728009,149944
9064,-0.5,10,340.5857958728009,149954
9065,0.0,4,340.5857958728009,149958
9066,0.0,2,340.5857958728009,149960
9067,3.0,9,343.5857958728009,149969
9068,-2.0,5,341.5857958728009,149974
9069,-0.5,9,341.0857958728009,149983
9070,-1.0,16,340.0857958728009,149999
9071,-0.6666666666666665,12,339.4191292061342,150011
9072,-0.8333333333333333,34,338.5857958728009,150045
9073,-8.0,25,330.5857958728009,150070
9074,0.1904761904761907,26,330.7762720632771,150096
9075,-9.166666666666666,22,321.6096053966104,150118
9076,0.0,3,321.6096053966104,150121
9077,3.0,2,324.6096053966104,150123
9078,1.0,1,325.6096053966104,150124
9079,-2.3333333333333335,13,323.2762720632771,150137
9080,-0.7045454545454546,17,322.57172660873164,150154
9081,-6.7333333333333325,37,315.8383932753983,150191
9082,-5.600732600732601,32,310.2376606746657,150223
9083,4.0,16,314.2376606746657,150239
9084,-2.5,14,311.7376606746657,150253
9085,-0.5,14,311.2376606746657,150267
9086,-0.25,5,310.9876606746657,150272
9087,4.5,10,315.4876606746657,150282
9088,0.5,6,315.9876606746657,150288
9089,0.0,2,315.9876606746657,150290
9090,0.0,13,315.9876606746657,150303
9091,2.0,10,317.9876606746657,150313
9092,3.0952380952380953,17,321.08289876990375,150330
9093,1.0,14,322.08289876990375,150344
9094,0.0,3,322.08289876990375,150347
9095,3.0,7,325.08289876990375,150354
9096,2.333333333333333,12,327.41623210323706,150366
9097,-2.571428571428571,9,324.8448035318085,150375
9098,-9.4,32,315.44480353180853,150407
9099,0.0,3,315.44480353180853,150410
9100,-1.333333333333333,19,314.1114701984752,150429
9101,-0.33333333333333326,16,313.7781368651419,150445
9102,-5.333333333333333,23,308.4448035318086,150468
9103,-8.3,36,300.1448035318086,150504
9104,-6.1,20,294.04480353180855,150524
9105,-0.1911764705882355,16,293.8536270612203,150540
9106,-2.857142857142857,13,290.9964842040775,150553
9107,-6.714285714285715,40,284.28219848979177,150593
9108,-0.5,5,283.78219848979177,150598
9109,0.0,8,283.78219848979177,150606
9110,-3.190476190476191,19,280.59172229931556,150625
9111,-2.666666666666667,25,277.9250556326489,150650
9112,-4.0,11,273.9250556326489,150661
9113,1.2,18,275.12505563264887,150679
9114,-2.5,13,272.62505563264887,150692
9115,3.25,19,275.87505563264887,150711
9116,-2.0,4,273.87505563264887,150715
9117,-0.9545454545454546,22,272.9205101781034,150737
9118,-6.0,29,266.9205101781034,150766
9119,0.6666666666666667,10,267.5871768447701,150776
9120,0.0,5,267.5871768447701,150781
9121,-2.6666666666666665,9,264.9205101781034,150790
9122,-3.0,10,261.9205101781034,150800
9123,2.95,28,264.8705101781034,150828
9124,-6.0,27,258.8705101781034,150855
9125,-1.0,18,257.8705101781034,150873
9126,-0.5,24,257.3705101781034,150897
9127,0.3809523809523809,19,257.7514625590558,150916
9128,-3.333333333333333,14,254.41812922572248,150930
9129,-1.0,20,253.41812922572248,150950
9130,0.0,3,253.41812922572248,150953
9131,4.0,21,257.4181292257225,150974
9132,-7.666666666666666,25,249.75146255905585,150999
9133,0.3999999999999999,16,250.15146255905586,151015
9134,-18.857142857142858,29,231.294319701913,151044
9135,4.0,13,235.294319701913,151057
9136,0.0,2,235.294319701913,151059
9137,-2.333333333333333,13,232.96098636857965,151072
9138,1.0,1,233.96098636857965,151073
9139,-3.6666666666666665,8,230.294319701913,151081
9140,5.0,14,235.294319701913,151095
9141,0.0,13,235.294319701913,151108
9142,-2.4027777777777777,38,232.89154192413523,151146
9143,-1.0,22,231.89154192413523,151168
9144,0.0,11,231.89154192413523,151179
9145,1.4285714285714286,8,233.32011335270664,151187
9146,-1.5,7,231.82011335270664,151194
9147,2.0,4,233.82011335270664,151198
9148,-1.0,9,232.82011335270664,151207
9149,1.088888888888889,27,233.90900224159554,151234
9150,0.0,1,233.90900224159554,151235
9151,-2.0,12,231.90900224159554,151247
9152,-3.666666666666666,32,228.2423355749289,151279
9153,0.6666666666666665,17,228.90900224159554,151296
9154,-6.666666666666666,29,222.2423355749289,151325
9155,3.0,7,225.2423355749289,151332
9156,1.0,6,226.2423355749289,151338
9157,6.666666666666667,27,232.90900224159554,151365
9158,-1.0,14,231.90900224159554,151379
9159,3.0,4,234.90900224159554,151383
9160,-1.5714285714285712,26,233.33757367016696,151409
9161,-2.0,8,231.33757367016696,151417
9162,0.0,7,231.33757367016696,151424
9163,-2.833333333333333,9,228.50424033683362,151433
9164,-3.0,6,225.50424033683362,151439
9165,-3.0,1,222.50424033683362,151440
9166,8.0,7,230.50424033683362,151447
9167,0.0,5,230.50424033683362,151452
9168,-1.1304347826086956,6,229.37380555422493,151458
9169,-1.0,5,228.37380555422493,151463
9170,-4.0,17,224.37380555422493,151480
9171,-11.75,25,212.62380555422493,151505
9172,8.142857142857142,23,220.76666269708207,151528
9173,-1.0,4,219.76666269708207,151532
9174,-1.0,4,218.76666269708207,151536
9175,6.0,8,224.76666269708207,151544
9176,1.0,13,225.76666269708207,151557
9177,-2.0,5,223.76666269708207,151562
9178,-2.0,3,221.76666269708207,151565
9179,-2.0,3,219.76666269708207,151568
9180,-0.8,12,218.96666269708206,151580
9181,-1.1333333333333333,6,217.83332936374873,151586
9182,0.0,32,217.83332936374873,151618
9183,-4.5,5,213.33332936374873,151623
9184,1.0,4,214.33332936374873,151627
9185,1.5,7,215.83332936374873,151634
9186,2.2,4,218.03332936374872,151638
9187,-1.5714285714285714,5,216.46190079232014,151643
9188,-2.0,5,214.46190079232014,151648
9189,6.4,21,220.86190079232014,151669
9190,-11.857142857142858,22,209.00475793517728,151691
9191,-2.7333333333333334,16,206.27142460184396,151707
9192,3.0,21,209.27142460184396,151728
9193,-0.3333333333333335,18,208.93809126851062,151746
9194,0.0,4,208.93809126851062,151750
9195,4.6,25,213.5380912685106,151775
9196,-1.0,3,212.5380912685106,151778
9197,-6.0,19,206.5380912685106,151797
9198,-3.0,5,203.5380912685106,151802
9199,-3.0,11,200.5380912685106,151813
9200,0.0,21,200.5380912685106,151834
9201,-1.3333333333333333,7,199.20475793517727,151841
9202,-1.3333333333333333,6,197.87142460184393,151847
9203,-2.1904761904761902,13,195.68094841136772,151860
9204,-1.0,3,194.68094841136772,151863
9205,-9.0,54,185.68094841136772,151917
9206,-4.611111111111111,29,181.0698373002566,151946
9207,1.4,15,182.46983730025661,151961
9208,0.6666666666666667,24,183.13650396692327,151985
9209,5.0,32,188.13650396692327,152017
9210,2.0,6,190.13650396692327,152023
9211,-0.25,4,189.88650396692327,152027
9212,2.5,11,192.38650396692327,152038
9213,1.5,6,193.88650396692327,152044
9214,5.0,25,198.88650396692327,152069
9215,3.4,16,202.28650396692328,152085
9216,2.0,6,204.28650396692328,152091
9217,0.0,8,204.28650396692328,152099
9218,-25.384920634920636,66,178.90158333200264,152165
9219,1.0,10,179.90158333200264,152175
9220,2.142857142857143,8,182.04444047485978,152183
9221,4.2,7,186.24444047485977,152190
9222,4.0,22,190.24444047485977,152212
9223,8.0,34,198.24444047485977,152246
9224,0.0,1,198.24444047485977,152247
9225,2.5,19,200.74444047485977,152266
9226,2.2424242424242427,16,202.98686471728402,152282
9227,1.0,2,203.98686471728402,152284
9228,0.0,12,203.98686471728402,152296
9229,-1.5714285714285714,3,202.41543614585544,152299
9230,-0.875,4,201.54043614585544,152303
9231,0.7000000000000002,16,202.24043614585543,152319
9232,4.0,3,206.24043614585543,152322
9233,0.0,6,206.24043614585543,152328
9234,-1.5,16,204.74043614585543,152344
9235,-1.0,7,203.74043614585543,152351
9236,4.0,3,207.74043614585543,152354
9237,3.0,6,210.74043614585543,152360
9238,2.0,4,212.74043614585543,152364
9239,-1.0,4,211.74043614585543,152368
9240,-4.0,10,207.74043614585543,152378
9241,-3.0,18,204.74043614585543,152396
9242,2.0,4,206.74043614585543,152400
9243,2.0,4,208.74043614585543,152404
9244,-1.5,21,207.24043614585543,152425
9245,2.0,4,209.24043614585543,152429
9246,0.0,4,209.24043614585543,152433
9247,5.0,6,214.24043614585543,152439
9248,-5.0,8,209.24043614585543,152447
9249,0.3333333333333333,8,209.57376947918877,152455
9250,0.0,4,209.57376947918877,152459
9251,1.5,15,211.07376947918877,152474
9252,-3.0,4,208.07376947918877,152478
9253,0.0,4,208.07376947918877,152482
9254,-1.0,4,207.07376947918877,152486
9255,2.0,6,209.07376947918877,152492
9256,-1.0,5,208.07376947918877,152497
9257,-2.6363636363636367,11,205.43740584282514,152508
9258,1.166666666666667,22,206.6040725094918,152530
9259,-2.0,17,204.6040725094918,152547
9260,1.75,6,206.3540725094918,152553
9261,-3.0,7,203.3540725094918,152560
9262,-0.666666666666667,11,202.68740584282514,152571
9263,-1.0,8,201.68740584282514,152579
9264,0.0,9,201.68740584282514,152588
9265,-0.8,16,200.88740584282513,152604
9266,2.0,9,202.88740584282513,152613
9267,0.5,10,203.38740584282513,152623
9268,3.2000000000000006,19,206.58740584282512,152642
9269,0.75,20,207.33740584282512,152662
9270,0.0,5,207.33740584282512,152667
9271,-0.8,11,206.5374058428251,152678
9272,-1.3333333333333333,2,205.20407250949177,152680
9273,0.0,1,205.20407250949177,152681
9274,5.0,12,210.20407250949177,152693
9275,-2.0,3,208.20407250949177,152696
9276,-1.3333333333333333,12,206.87073917615842,152708
9277,-2.0,5,204.87073917615842,152713
9278,3.783333333333333,20,208.65407250949175,152733
9279,0.0,1,208.65407250949175,152734
9280,0.0,3,208.65407250949175,152737
9281,0.0,8,208.65407250949175,152745
9282,-1.0,5,207.65407250949175,152750
9283,0.0,5,207.65407250949175,152755
9284,-2.333333333333333,18,205.3207391761584,152773
9285,-1.3333333333333333,6,203.98740584282507,152779
9286,0.0,3,203.98740584282507,152782
9287,0.25,22,204.23740584282507,152804
9288,-7.333333333333333,21,196.90407250949173,152825
9289,1.0,6,197.90407250949173,152831
9290,-2.1333333333333333,10,195.7707391761584,152841
9291,-8.166666666666666,14,187.60407250949174,152855
9292,1.0,7,188.60407250949174,152862
9293,-1.8214285714285714,2,186.78264393806316,152864
9294,0.4166666666666665,23,187.19931060472982,152887
9295,-5.333333333333333,11,181.86597727139647,152898
9296,-1.5,21,180.36597727139647,152919
9297,0.0,1,180.36597727139647,152920
9298,-3.3333333333333335,17,177.03264393806313,152937
9299,-6.166666666666667,10,170.86597727139647,152947
9300,1.0,24,171.86597727139647,152971
9301,-2.6666666666666665,17,169.19931060472982,152988
9302,1.6666666666666667,18,170.86597727139647,153006
9303,-0.09090909090909091,14,170.77506818048738,153020
9304,1.6666666666666667,27,172.44173484715404,153047
9305,-6.5,13,165.94173484715404,153060
9306,0.0,24,165.94173484715404,153084
9307,-4.607843137254902,25,161.33389170989915,153109
9308,-3.0,13,158.33389170989915,153122
9309,-1.121212121212121,34,157.21267958868702,153156
9310,-1.8333333333333333,10,155.37934625535368,153166
9311,-6.333333333333333,11,149.04601292202034,153177
9312,-3.666666666666667,20,145.37934625535368,153197
9313,-1.333333333333333,12,144.04601292202034,153209
9314,2.142857142857143,8,146.18887006487748,153217
9315,0.33333333333333337,17,146.52220339821082,153234
9316,2.0,15,148.52220339821082,153249
9317,-5.277777777777779,23,143.24442562043305,153272
9318,0.5,23,143.74442562043305,153295
9319,-1.5,19,142.24442562043305,153314
9320,1.1428571428571428,13,143.3872827632902,153327
9321,-3.0,16,140.3872827632902,153343
9322,0.36363636363636354,27,140.75091912692656,153370
9323,0.2,6,140.95091912692655,153376
9324,-0.5,5,140.45091912692655,153381
9325,2.0,4,142.45091912692655,153385
9326,-3.2857142857142856,15,139.16520484121227,153400
9327,-2.0,3,137.16520484121227,153403
9328,4.0,8,141.16520484121227,153411
9329,-5.266666666666666,26,135.8985381745456,153437
9330,-1.0833333333333335,14,134.81520484121225,153451
9331,2.0,4,136.81520484121225,153455
9332,0.0,11,136.81520484121225,153466
9333,-3.5,14,133.31520484121225,153480
9334,-4.630434782608695,18,128.68477005860356,153498
9335,-0.5,6,128.18477005860356,153504
9336,-1.0,15,127.18477005860356,153519
9337,3.0,18,130.18477005860356,153537
9338,-12.166666666666668,24,118.01810339193689,153561
9339,3.0,7,121.01810339193689,153568
9340,2.8333333333333335,39,123.85143672527022,153607
9341,-7.0,28,116.85143672527022,153635
9342,0.0,9,116.85143672527022,153644
9343,0.0,3,116.85143672527022,153647
9344,-4.0,15,112.85143672527022,153662
9345,-1.5,22,111.35143672527022,153684
9346,-1.0,7,110.35143672527022,153691
9347,0.0,3,110.35143672527022,153694
9348,4.0,18,114.35143672527022,153712
9349,-6.0,20,108.35143672527022,153732
9350,-3.230434782608696,17,105.12100194266152,153749
9351,-2.0,17,103.12100194266152,153766
9352,-3.0,7,100.12100194266152,153773
9353,-4.0,19,96.12100194266152,153792
9354,-7.357142857142858,25,88.76385908551866,153817
9355,-2.0,5,86.76385908551866,153822
9356,0.0,3,86.76385908551866,153825
9357,-1.0,30,85.76385908551866,153855
9358,1.3333333333333335,23,87.09719241885199,153878
9359,-2.0,4,85.09719241885199,153882
9360,2.0,5,87.09719241885199,153887
9361,-1.666666666666667,12,85.43052575218532,153899
9362,0.5,42,85.93052575218532,153941
9363,-8.3,22,77.63052575218532,153963
9364,2.0,6,79.63052575218532,153969
9365,-0.5,7,79.13052575218532,153976
9366,-2.6666666666666665,6,76.46385908551865,153982
9367,-2.392857142857143,19,74.07100194266151,154001
9368,-0.5,11,73.57100194266151,154012
9369,2.2,9,75.77100194266151,154021
9370,1.0,7,76.77100194266151,154028
9371,0.0,7,76.77100194266151,154035
9372,1.0,5,77.77100194266151,154040
9373,0.0,4,77.77100194266151,154044
9374,2.0,3,79.77100194266151,154047
9375,-0.6666666666666667,8,79.10433527599484,154055
9376,5.0,6,84.10433527599484,154061
9377,0.0,7,84.10433527599484,154068
9378,2.0,7,86.10433527599484,154075
9379,2.0,3,88.10433527599484,154078
9380,0.0,8,88.10433527599484,154086
9381,-2.0,17,86.10433527599484,154103
9382,5.0,4,91.10433527599484,154107
9383,0.0,7,91.10433527599484,154114
9384,4.25,16,95.35433527599484,154130
9385,5.2,12,100.55433527599484,154142
9386,-1.5,11,99.05433527599484,154153
9387,-0.16666666666666674,45,98.88766860932817,154198
9388,0.0,2,98.88766860932817,154200
9389,3.0,17,101.88766860932817,154217
9390,-4.25,14,97.63766860932817,154231
9391,0.0,9,97.63766860932817,154240
9392,-4.833333333333333,25,92.80433527599484,154265
9393,1.0,10,93.80433527599484,154275
9394,-1.6078431372549022,11,92.19649213873994,154286
9395,-3.7411764705882353,24,88.45531566815171,154310
9396,3.0,25,91.45531566815171,154335
9397,-1.0,10,90.45531566815171,154345
9398,-3.0,16,87.45531566815171,154361
9399,-2.0,10,85.45531566815171,154371
9400,-5.130434782608695,13,80.32488088554302,154384
9401,0.3333333333333333,10,80.65821421887635,154394
9402,-2.0,7,78.65821421887635,154401
9403,-3.833333333333333,38,74.82488088554302,154439
9404,-1.5714285714285714,7,73.25345231411445,154446
9405,0.0,3,73.25345231411445,154449
9406,1.0,7,74.25345231411445,154456
9407,0.5,14,74.75345231411445,154470
9408,1.0,4,75.75345231411445,154474
9409,-3.25,13,72.50345231411445,154487
9410,-1.0,1,71.50345231411445,154488
9411,-3.0,8,68.50345231411445,154496
9412,1.0,4,69.50345231411445,154500
9413,3.0,4,72.50345231411445,154504
9414,1.0,7,73.50345231411445,154511
9415,2.0,14,75.50345231411445,154525
9416,0.5,6,76.00345231411445,154531
9417,-3.571428571428571,9,72.43202374268589,154540
9418,0.0,2,72.43202374268589,154542
9419,1.2,17,73.63202374268589,154559
9420,2.75,16,76.38202374268589,154575
9421,0.0,9,76.38202374268589,154584
9422,-0.833333333333333,10,75.54869040935256,154594
9423,-3.333333333333333,34,72.21535707601923,154628
9424,-1.0,10,71.21535707601923,154638
9425,2.166666666666667,14,73.3820237426859,154652
9426,-1.607843137254902,27,71.774180605431,154679
9427,-3.3333333333333335,20,68.44084727209767,154699
9428,-3.166666666666667,23,65.274180605431,154722
9429,-1.6666666666666665,5,63.607513938764335,154727
9430,-8.296703296703296,30,55.31081064206104,154757
9431,6.3,23,61.61081064206104,154780
9432,-8.0,22,53.61081064206104,154802
9433,-1.0,3,52.61081064206104,154805
9434,0.5,7,53.11081064206104,154812
9435,-0.8333333333333335,13,52.277477308727704,154825
9436,2.0,6,54.277477308727704,154831
9437,-8.38888888888889,21,45.88858841983881,154852
9438,0.0,5,45.88858841983881,154857
9439,-0.4,8,45.48858841983881,154865
9440,3.8333333333333335,15,49.32192175317215,154880
9441,-1.5,27,47.82192175317215,154907
9442,3.5555555555555554,13,51.377477308727705,154920
9443,-3.038095238095238,34,48.33938207063247,154954
9444,3.0,29,51.33938207063247,154983
9445,2.0,9,53.33938207063247,154992
9446,8.958333333333332,22,62.297715403965796,155014
9447,-3.5,17,58.797715403965796,155031
9448,-6.6,24,52.197715403965795,155055
9449,3.166666666666666,27,55.36438207063246,155082
9450,-1.8333333333333335,17,53.53104873729912,155099
9451,0.0,17,53.53104873729912,155116
9452,4.0,5,57.53104873729912,155121
9453,-1.3714285714285714,9,56.15962016587055,155130
9454,-0.3999999999999999,17,55.75962016587055,155147
9455,-2.0,7,53.75962016587055,155154
9456,-5.733333333333333,22,48.02628683253722,155176
9457,1.0,3,49.02628683253722,155179
9458,-2.0,20,47.02628683253722,155199
9459,-2.25,8,44.77628683253722,155207
9460,-2.25,6,42.52628683253722,155213
9461,2.0,4,44.52628683253722,155217
9462,0.9285714285714286,8,45.45485826110865,155225
9463,-0.23333333333333317,17,45.22152492777531,155242
9464,-4.333333333333333,11,40.88819159444198,155253
9465,0.0,5,40.88819159444198,155258
9466,0.25,23,41.13819159444198,155281
9467,2.6666666666666665,8,43.80485826110864,155289
9468,-3.0595238095238098,27,40.74533445158483,155316
9469,-3.1333333333333333,36,37.6120011182515,155352
9470,0.9285714285714286,5,38.54057254682293,155357
9471,0.6666666666666666,10,39.20723921348959,155367
9472,-11.642857142857142,24,27.56438207063245,155391
9473,-1.0,3,26.56438207063245,155394
9474,1.4285714285714286,6,27.992953499203878,155400
9475,0.0,1,27.992953499203878,155401
9476,0.0,4,27.992953499203878,155405
9477,2.0,2,29.992953499203878,155407
9478,0.0,2,29.992953499203878,155409
9479,0.0,5,29.992953499203878,155414
9480,-4.0,11,25.992953499203878,155425
9481,0.0,1,25.992953499203878,155426
9482,3.0,3,28.992953499203878,155429
9483,-1.7857142857142858,10,27.207239213489594,155439
9484,-1.7857142857142858,19,25.42152492777531,155458
9485,0.0,13,25.42152492777531,155471
9486,-0.5,11,24.92152492777531,155482
9487,-4.333333333333333,5,20.588191594441977,155487
9488,-3.333333333333333,9,17.254858261108645,155496
9489,-2.333333333333333,4,14.921524927775312,155500
9490,-2.0,2,12.921524927775312,155502
9491,-1.0,2,11.921524927775312,155504
9492,-1.0,2,10.921524927775312,155506
9493,-1.5,10,9.421524927775312,155516
9494,-4.333333333333333,6,5.088191594441979,155522
9495,1.3333333333333333,20,6.421524927775312,155542
9496,1.75,10,8.171524927775312,155552
9497,1.2,14,9.371524927775312,155566
9498,4.4,23,13.771524927775312,155589
9499,-4.333333333333333,6,9.438191594441978,155595
9500,-0.25,12,9.188191594441978,155607
9501,2.666666666666667,7,11.854858261108646,155614
9502,-2.0,3,9.854858261108646,155617
9503,-2.333333333333333,4,7.521524927775313,155621
9504,-4.0,11,3.521524927775313,155632
9505,-2.333333333333333,4,1.1881915944419799,155636
9506,-4.0,5,-2.81180840555802,155641
9507,-2.333333333333333,4,-5.145141738891353,155645
9508,1.0,4,-4.145141738891353,155649
9509,-5.0,10,-9.145141738891354,155659
9510,-2.333333333333333,4,-11.478475072224686,155663
9511,-8.857142857142858,18,-20.335617929367544,155681
9512,-3.6666666666666665,13,-24.00228459603421,155694
9513,-1.0,2,-25.00228459603421,155696
9514,-2.3333333333333335,10,-27.335617929367544,155706
9515,-10.333333333333334,22,-37.66895126270088,155728
9516,0.5,14,-37.16895126270088,155742
9517,8.5,42,-28.66895126270088,155784
9518,2.25,6,-26.41895126270088,155790
9519,-1.0,3,-27.41895126270088,155793
9520,-1.3333333333333333,8,-28.75228459603421,155801
9521,-1.3333333333333333,4,-30.085617929367544,155805
9522,-1.0,3,-31.085617929367544,155808
9523,-2.0,17,-33.085617929367544,155825
9524,4.2,15,-28.885617929367545,155840
9525,0.0,11,-28.885617929367545,155851
9526,3.0,13,-25.885617929367545,155864
9527,6.0,24,-19.885617929367545,155888
9528,0.0,4,-19.885617929367545,155892
9529,-2.25,18,-22.135617929367545,155910
9530,2.2,16,-19.935617929367545,155926
9531,0.5,6,-19.435617929367545,155932
9532,-7.0,18,-26.435617929367545,155950
9533,1.0,7,-25.435617929367545,155957
9534,0.0,1,-25.435617929367545,155958
9535,0.0,5,-25.435617929367545,155963
9536,-4.0,5,-29.435617929367545,155968
9537,2.2,2,-27.235617929367546,155970
9538,-1.3333333333333333,5,-28.568951262700878,155975
9539,0.0,7,-28.568951262700878,155982
9540,0.0,4,-28.568951262700878,155986
9541,0.0,1,-28.568951262700878,155987
9542,-2.8,9,-31.36895126270088,155996
9543,0.8571428571428572,21,-30.51180840555802,156017
9544,-1.25,20,-31.76180840555802,156037
9545,2.75,5,-29.01180840555802,156042
9546,8.366666666666667,22,-20.645141738891354,156064
9547,1.0,12,-19.645141738891354,156076
9548,-0.25,14,-19.895141738891354,156090
9549,-0.1666666666666663,21,-20.061808405558022,156111
9550,-3.5,9,-23.561808405558022,156120
9551,-6.8,7,-30.361808405558023,156127
9552,1.0,6,-29.361808405558023,156133
9553,1.0,3,-28.361808405558023,156136
9554,-1.0,17,-29.361808405558023,156153
9555,2.0,28,-27.361808405558023,156181
9556,0.0,14,-27.361808405558023,156195
9557,2.0,5,-25.361808405558023,156200
9558,2.666666666666667,19,-22.695141738891355,156219
9559,2.0,3,-20.695141738891355,156222
9560,-1.0,23,-21.695141738891355,156245
9561,2.0,7,-19.695141738891355,156252
9562,3.666666666666667,15,-16.028475072224687,156267
9563,5.0,15,-11.028475072224687,156282
9564,2.0,10,-9.028475072224687,156292
9565,-4.333333333333334,14,-13.36180840555802,156306
9566,-0.30000000000000004,22,-13.661808405558022,156328
9567,-3.0,17,-16.66180840555802,156345
9568,-2.571428571428571,9,-19.23323697698659,156354
9569,2.0,4,-17.23323697698659,156358
9570,-1.3714285714285714,6,-18.60466554841516,156364
9571,-2.0,6,-20.60466554841516,156370
9572,0.0,12,-20.60466554841516,156382
9573,2.5,14,-18.10466554841516,156396
9574,-2.8333333333333335,5,-20.93799888174849,156401
9575,-3.0,15,-23.93799888174849,156416
9576,-1.0,10,-24.93799888174849,156426
9577,-3.857142857142857,7,-28.79514173889135,156433
9578,-0.15384615384615374,17,-28.948987892737502,156450
9579,-8.333333333333334,16,-37.282321226070835,156466
9580,0.6000000000000001,23,-36.68232122607083,156489
9581,0.0,3,-36.68232122607083,156492
9582,-1.0,3,-37.68232122607083,156495
9583,-1.0,6,-38.68232122607083,156501
9584,0.0,1,-38.68232122607083,156502
9585,-5.333333333333334,17,-44.01565455940417,156519
9586,0.6428571428571428,18,-43.37279741654702,156537
9587,1.0,6,-42.37279741654702,156543
9588,-0.6666666666666667,27,-43.03946408321369,156570
9589,0.5333333333333334,14,-42.506130749880356,156584
9590,-2.5,27,-45.006130749880356,156611
9591,0.5333333333333332,13,-44.472797416547024,156624
9592,1.0952380952380951,18,-43.37755932130893,156642
9593,1.1111111111111112,27,-42.266448210197815,156669
9594,2.0,6,-40.266448210197815,156675
9595,-2.5,17,-42.766448210197815,156692
9596,-1.0245098039215683,31,-43.79095801411938,156723
9597,5.0,13,-38.79095801411938,156736
9598,-5.833333333333333,12,-44.62429134745272,156748
9599,3.0,18,-41.62429134745272,156766
9600,-1.333333333333334,27,-42.957624680786054,156793
9601,-7.083333333333333,25,-50.04095801411939,156818
9602,2.0,20,-48.04095801411939,156838
9603,3.2,10,-44.84095801411939,156848
9604,-1.9545454545454546,13,-46.79550346866484,156861
9605,0.10000000000000009,14,-46.69550346866484,156875
9606,2.6999999999999997,11,-43.995503468664836,156886
9607,-2.4545454545454546,18,-46.45004892321029,156904
9608,0.1428571428571428,17,-46.30719178035314,156921
9609,0.0,7,-46.30719178035314,156928
9610,0.0,2,-46.30719178035314,156930
9611,-4.466666666666667,8,-50.77385844701981,156938
9612,3.0,8,-47.77385844701981,156946
9613,-2.8804347826086953,22,-50.65429322962851,156968
9614,1.6,24,-49.054293229628506,156992
9615,3.0,5,-46.054293229628506,156997
9616,-1.8,12,-47.8542932296285,157009
9617,-6.0,14,-53.8542932296285,157023
9618,1.0,10,-52.8542932296285,157033
9619,6.0,19,-46.8542932296285,157052
9620,-4.0,18,-50.8542932296285,157070
9621,-1.0,12,-51.8542932296285,157082
9622,-1.0,2,-52.8542932296285,157084
9623,-2.0,2,-54.8542932296285,157086
9624,0.0,7,-54.8542932296285,157093
9625,1.5,16,-53.3542932296285,157109
9626,1.0,5,-52.3542932296285,157114
9627,-1.5,15,-53.8542932296285,157129
9628,-0.34444444444444433,23,-54.198737674072945,157152
9629,-10.88888888888889,30,-65.08762656296183,157182
9630,-3.2,27,-68.28762656296183,157209
9631,-12.6,34,-80.88762656296183,157243
9632,6.9,41,-73.98762656296182,157284
9633,-7.130434782608695,32,-81.11806134557051,157316
9634,-1.5,12,-82.61806134557051,157328
9635,-4.25,11,-86.86806134557051,157339
9636,-4.0,5,-90.86806134557051,157344
9637,-0.7999999999999998,5,-91.66806134557051,157349
9638,-4.25,33,-95.91806134557051,157382
9639,-3.0,21,-98.91806134557051,157403
9640,-3.333333333333333,7,-102.25139467890384,157410
9641,0.0,2,-102.25139467890384,157412
9642,1.0,19,-101.25139467890384,157431
9643,1.5,25,-99.75139467890384,157456
9644,-6.0,29,-105.75139467890384,157485
9645,-4.0,19,-109.75139467890384,157504
9646,1.0,7,-108.75139467890384,157511
9647,-3.0277777777777786,48,-111.77917245668161,157559
9648,0.0,17,-111.77917245668161,157576
9649,-2.333333333333333,19,-114.11250579001494,157595
9650,-5.1,44,-119.21250579001493,157639
9651,8.2,24,-111.01250579001493,157663
9652,-7.933333333333334,26,-118.94583912334826,157689
9653,-4.694444444444445,18,-123.64028356779271,157707
9654,3.75,26,-119.89028356779271,157733
9655,2.0,16,-117.89028356779271,157749
9656,-1.3333333333333335,29,-119.22361690112604,157778
9657,2.0,13,-117.22361690112604,157791
9658,1.3333333333333333,32,-115.89028356779271,157823
9659,0.0,2,-115.89028356779271,157825
9660,-0.25,5,-116.14028356779271,157830
9661,0.0,3,-116.14028356779271,157833
9662,0.0,1,-116.14028356779271,157834
9663,1.0,4,-115.14028356779271,157838
9664,2.0,9,-113.14028356779271,157847
9665,1.0,5,-112.14028356779271,157852
9666,-3.0,6,-115.14028356779271,157858
9667,-2.0,5,-117.14028356779271,157863
9668,-0.25,8,-117.39028356779271,157871
9669,-2.0,3,-119.39028356779271,157874
9670,-1.0,12,-120.39028356779271,157886
9671,-7.666666666666667,21,-128.05695023445938,157907
9672,0.0,1,-128.05695023445938,157908
9673,-2.0,8,-130.05695023445938,157916
9674,0.0,1,-130.05695023445938,157917
9675,0.0,1,-130.05695023445938,157918
9676,0.0,3,-130.05695023445938,157921
9677,-7.962009803921569,42,-138.01896003838095,157963
9678,-7.571428571428571,32,-145.59038860980954,157995
9679,0.0,15,-145.59038860980954,158010
9680,-4.2745098039215685,28,-149.8648984137311,158038
9681,4.533333333333333,28,-145.33156508039778,158066
9682,-9.9,20,-155.2315650803978,158086
9683,-5.785714285714286,32,-161.01727936611206,158118
9684,-4.5,38,-165.51727936611206,158156
9685,-7.5,18,-173.01727936611206,158174
9686,-22.96590909090909,41,-195.98318845702116,158215
9687,-4.0,24,-199.98318845702116,158239
9688,2.0,18,-197.98318845702116,158257
9689,-1.3333333333333333,16,-199.3165217903545,158273
9690,-6.357142857142858,16,-205.67366464749736,158289
9691,2.166666666666666,27,-203.5069979808307,158316
9692,2.0,18,-201.5069979808307,158334
9693,-12.5,33,-214.0069979808307,158367
9694,0.0,3,-214.0069979808307,158370
9695,-3.0,3,-217.0069979808307,158373
9696,-2.5,17,-219.5069979808307,158390
9697,-0.9166666666666667,20,-220.42366464749736,158410
9698,1.5,32,-218.92366464749736,158442
9699,-3.0,14,-221.92366464749736,158456
9700,0.5,10,-221.42366464749736,158466
9701,-1.4,6,-222.82366464749737,158472
9702,1.0,5,-221.82366464749737,158477
9703,-2.0,3,-223.82366464749737,158480
9704,0.0,1,-223.82366464749737,158481
9705,0.0,1,-223.82366464749737,158482
9706,-5.466666666666668,25,-229.29033131416404,158507
9707,0.0,15,-229.29033131416404,158522
9708,1.4166666666666665,27,-227.87366464749738,158549
9709,-1.0,4,-228.87366464749738,158553
9710,5.2124999999999995,28,-223.66116464749737,158581
9711,-9.2,21,-232.86116464749736,158602
9712,-4.166666666666667,17,-237.02783131416402,158619
9713,-3.0,14,-240.02783131416402,158633
9714,3.5,21,-236.52783131416402,158654
9715,-3.2333333333333334,20,-239.76116464749734,158674
9716,-9.25,33,-249.01116464749734,158707
9717,1.75,5,-247.26116464749734,158712
9718,-4.5,8,-251.76116464749734,158720
9719,-10.6,33,-262.36116464749733,158753
9720,0.0,5,-262.36116464749733,158758
9721,3.0,12,-259.36116464749733,158770
9722,4.066666666666666,41,-255.29449798083067,158811
9723,0.0,15,-255.29449798083067,158826
9724,6.0,10,-249.29449798083067,158836
9725,2.266666666666667,20,-247.027831314164,158856
9726,-3.0,8,-250.027831314164,158864
9727,-3.0,13,-253.027831314164,158877
9728,0.0,10,-253.027831314164,158887
9729,-3.0,23,-256.027831314164,158910
9730,0.0,30,-256.027831314164,158940
9731,3.0,19,-253.02783131416402,158959
9732,-0.5,19,-253.52783131416402,158978
9733,-4.5,20,-258.027831314164,158998
9734,0.0,1,-258.027831314164,158999
9735,-1.0,3,-259.027831314164,159002
9736,-4.0,6,-263.027831314164,159008
9737,2.75,17,-260.277831314164,159025
9738,0.0,2,-260.277831314164,159027
9739,1.5,11,-258.777831314164,159038
9740,-2.0,3,-260.777831314164,159041
9741,0.0,13,-260.777831314164,159054
9742,3.0,3,-257.777831314164,159057
9743,-7.704761904761904,18,-265.4825932189259,159075
9744,1.0,2,-264.4825932189259,159077
9745,1.0,1,-263.4825932189259,159078
9746,2.0,5,-261.4825932189259,159083
9747,-2.0,5,-263.4825932189259,159088
9748,2.5,3,-260.9825932189259,159091
9749,-5.333333333333333,10,-266.3159265522592,159101
9750,-2.0,7,-268.3159265522592,159108
9751,-2.5,16,-270.8159265522592,159124
9752,-3.833333333333333,21,-274.6492598855925,159145
9753,1.0,6,-273.6492598855925,159151
9754,-5.75,28,-279.3992598855925,159179
9755,-2.3333333333333335,7,-281.73259321892584,159186
9756,2.5,16,-279.23259321892584,159202
9757,3.0,1,-276.23259321892584,159203
9758,-3.75,10,-279.98259321892584,159213
9759,-0.6666666666666667,11,-280.6492598855925,159224
9760,0.0,7,-280.6492598855925,159231
9761,-1.25,17,-281.8992598855925,159248
9762,-3.25,4,-285.1492598855925,159252
9763,1.0,2,-284.1492598855925,159254
9764,-1.5,4,-285.6492598855925,159258
9765,-1.3714285714285714,9,-287.0206884570211,159267
9766,-1.0,1,-288.0206884570211,159268
9767,2.125,5,-285.8956884570211,159273
9768,-8.6,38,-294.4956884570211,159311
9769,-3.333333333333333,4,-297.82902179035443,159315
9770,1.0,5,-296.82902179035443,159320
9771,2.0,4,-294.82902179035443,159324
9772,5.055555555555555,20,-289.7734662347989,159344
9773,-0.875,2,-290.6484662347989,159346
9774,-1.5714285714285714,5,-292.21989480622744,159351
9775,-1.5714285714285714,8,-293.791323377656,159359
9776,-2.0,6,-295.791323377656,159365
9777,-2.0,10,-297.791323377656,159375
9778,0.0,4,-297.791323377656,159379
9779,-8.4,35,-306.191323377656,159414
9780,-4.0,9,-310.191323377656,159423
9781,0.75,4,-309.441323377656,159427
9782,7.0,6,-302.441323377656,159433
9783,4.2,16,-298.241323377656,159449
9784,4.5,10,-293.741323377656,159459
9785,2.0,15,-291.741323377656,159474
9786,-1.9,17,-293.64132337765597,159491
9787,1.0,7,-292.64132337765597,159498
9788,-4.5,15,-297.14132337765597,159513
9789,0.0,5,-297.14132337765597,159518
9790,2.0,4,-295.14132337765597,159522
9791,0.0,11,-295.14132337765597,159533
9792,-8.207142857142857,58,-303.3484662347988,159591
9793,1.0,17,-302.3484662347988,159608
9794,2.0,14,-300.3484662347988,159622
9795,1.5,18,-298.8484662347988,159640
9796,2.0,4,-296.8484662347988,159644
9797,-5.0,14,-301.8484662347988,159658
9798,2.3333333333333335,8,-299.5151329014655,159666
9799,-3.0,9,-302.5151329014655,159675
9800,1.0,13,-301.5151329014655,159688
9801,1.0,12,-300.5151329014655,159700
9802,2.0,8,-298.5151329014655,159708
9803,-3.0,11,-301.5151329014655,159719
9804,-0.875,5,-302.3901329014655,159724
9805,0.0,1,-302.3901329014655,159725
9806,1.0,3,-301.3901329014655,159728
9807,-4.0,13,-305.3901329014655,159741
9808,-2.0,6,-307.3901329014655,159747
9809,-0.5,2,-307.8901329014655,159749
9810,-2.0,1,-309.8901329014655,159750
9811,-5.0,5,-314.8901329014655,159755
9812,-4.5,8,-319.3901329014655,159763
9813,-2.0,4,-321.3901329014655,159767
9814,-3.0,11,-324.3901329014655,159778
9815,2.75,9,-321.6401329014655,159787
9816,-6.333333333333334,24,-327.9734662347988,159811
9817,-2.25,4,-330.2234662347988,159815
9818,0.0,4,-330.2234662347988,159819
9819,0.33333333333333304,17,-329.8901329014655,159836
9820,0.6666666666666667,15,-329.2234662347988,159851
9821,-3.25,12,-332.4734662347988,159863
9822,4.75,9,-327.7234662347988,159872
9823,3.0,9,-324.7234662347988,159881
9824,-4.0,21,-328.7234662347988,159902
9825,1.25,15,-327.4734662347988,159917
9826,2.2,7,-325.27346623479883,159924
9827,4.5,9,-320.77346623479883,159933
9828,1.0,2,-319.77346623479883,159935
9829,-0.5,6,-320.27346623479883,159941
9830,-3.6,15,-323.87346623479885,159956
9831,10.0,13,-313.87346623479885,159969
9832,2.0,8,-311.87346623479885,159977
9833,3.3333333333333335,13,-308.54013290146554,159990
9834,-0.5,19,-309.04013290146554,160009
9835,6.0,15,-303.04013290146554,160024
9836,2.0,18,-301.04013290146554,160042
9837,2.166666666666667,21,-298.87346623479885,160063
9838,-3.733333333333333,18,-302.6067995681322,160081
9839,-5.675,22,-308.2817995681322,160103
9840,-0.875,7,-309.1567995681322,160110
9841,-0.875,4,-310.0317995681322,160114
9842,0.33333333333333326,4,-309.6984662347989,160118
9843,-3.333333333333333,31,-313.0317995681322,160149
9844,-0.16666666666666696,21,-313.1984662347989,160170
9845,-1.2857142857142856,19,-314.4841805205132,160189
9846,-0.5,14,-314.9841805205132,160203
9847,-2.0,12,-316.9841805205132,160215
9848,3.0,3,-313.9841805205132,160218
9849,2.0,14,-311.9841805205132,160232
9850,5.111111111111111,30,-306.8730694094021,160262
9851,4.0,7,-302.8730694094021,160269
9852,-1.7333333333333334,20,-304.60640274273544,160289
9853,1.0,19,-303.60640274273544,160308
9854,2.0,3,-301.60640274273544,160311
9855,2.0,1,-299.60640274273544,160312
9856,-2.2666666666666666,17,-301.8730694094021,160329
9857,0.0,1,-301.8730694094021,160330
9858,0.0,2,-301.8730694094021,160332
9859,-4.75,37,-306.6230694094021,160369
9860,-2.0,24,-308.6230694094021,160393
9861,-8.0,21,-316.6230694094021,160414
9862,0.0,3,-316.6230694094021,160417
9863,-4.0,35,-320.6230694094021,160452
9864,-8.454545454545455,7,-329.07761486394753,160459
9865,-1.607843137254902,28,-330.68545800120245,160487
9866,-2.704761904761905,11,-333.39021990596433,160498
9867,-1.0,16,-334.39021990596433,160514
9868,0.7333333333333332,20,-333.656886572631,160534
9869,1.0,3,-332.656886572631,160537
9870,1.0,3,-331.656886572631,160540
9871,0.0,5,-331.656886572631,160545
9872,-2.0,7,-333.656886572631,160552
9873,-4.5,10,-338.156886572631,160562
9874,-1.3333333333333333,2,-339.4902199059643,160564
9875,-1.3333333333333333,3,-340.8235532392976,160567
9876,1.0,5,-339.8235532392976,160572
9877,2.0,9,-337.8235532392976,160581
9878,3.0,9,-334.8235532392976,160590
9879,0.0,9,-334.8235532392976,160599
9880,2.0,5,-332.8235532392976,160604
9881,2.0,5,-330.8235532392976,160609
9882,0.0,16,-330.8235532392976,160625
9883,2.0,14,-328.8235532392976,160639
9884,2.3333333333333335,26,-326.4902199059643,160665
9885,0.0,1,-326.4902199059643,160666
9886,0.0,1,-326.4902199059643,160667
9887,1.2666666666666666,9,-325.22355323929764,160676
9888,0.0,4,-325.22355323929764,160680
9889,-1.0,7,-326.22355323929764,160687
9890,-3.0,4,-329.22355323929764,160691
9891,0.0,3,-329.22355323929764,160694
9892,0.0,3,-329.22355323929764,160697
9893,0.5,9,-328.72355323929764,160706
9894,-1.6666666666666667,14,-330.39021990596433,160720
9895,7.2,6,-323.19021990596434,160726
9896,0.0,6,-323.19021990596434,160732
9897,-2.4210526315789473,10,-325.6112725375433,160742
9898,0.0,1,-325.6112725375433,160743
9899,0.0,2,-325.6112725375433,160745
9900,3.0,3,-322.6112725375433,160748
9901,-0.5,14,-323.1112725375433,160762
9902,-5.0,4,-328.1112725375433,160766
9903,-1.6,23,-329.7112725375433,160789
9904,-1.3333333333333333,4,-331.04460587087664,160793
9905,-1.0,16,-332.04460587087664,160809
9906,4.666666666666667,10,-327.37793920420995,160819
9907,-15.266666666666667,24,-342.6446058708766,160843
9908,9.880952380952381,42,-332.7636534899242,160885
9909,-6.666666666666666,27,-339.4303201565909,160912
9910,-4.0,8,-343.4303201565909,160920
9911,-1.1333333333333333,5,-344.5636534899242,160925
9912,5.0,5,-339.5636534899242,160930
9913,-6.541666666666666,22,-346.1053201565909,160952
9914,-0.8571428571428572,18,-346.9624630137337,160970
9915,-2.0,13,-348.9624630137337,160983
9916,6.0,15,-342.9624630137337,160998
9917,1.0,20,-341.9624630137337,161018
9918,-4.6,25,-346.56246301373375,161043
9919,-1.0,22,-347.56246301373375,161065
9920,-3.3333333333333335,32,-350.89579634706706,161097
9921,2.0,4,-348.89579634706706,161101
9922,-2.0,12,-350.89579634706706,161113
9923,1.5,6,-349.39579634706706,161119
9924,-1.0,10,-350.39579634706706,161129
9925,-0.4871794871794872,59,-350.88297583424657,161188
9926,-10.75,50,-361.63297583424657,161238
9927,-8.552380952380952,32,-370.1853567866275,161270
9928,5.305555555555555,47,-364.87980123107195,161317
9929,-7.904761904761905,30,-372.7845631358339,161347
9930,-10.349206349206348,20,-383.1337694850402,161367
9931,0.20000000000000018,25,-382.9337694850402,161392
9932,0.0,27,-382.9337694850402,161419
9933,-2.0,21,-384.9337694850402,161440
9934,-11.0,31,-395.9337694850402,161471
9935,-3.333333333333333,19,-399.26710281837353,161490
9936,5.75,18,-393.51710281837353,161508
9937,-1.5,6,-395.01710281837353,161514
9938,4.7,44,-390.31710281837354,161558
9939,-6.357142857142858,13,-396.6742456755164,161571
9940,-1.25,12,-397.9242456755164,161583
9941,-4.0,3,-401.9242456755164,161586
9942,-2.9333333333333336,20,-404.8575790088497,161606
9943,2.5,22,-402.3575790088497,161628
9944,0.0,11,-402.3575790088497,161639
9945,-0.9166666666666667,31,-403.2742456755164,161670
9946,1.0,6,-402.2742456755164,161676
9947,5.416666666666666,14,-396.8575790088497,161690
9948,-2.0,10,-398.8575790088497,161700
9949,-8.0,29,-406.8575790088497,161729
9950,11.549999999999999,44,-395.3075790088497,161773
9951,1.0,6,-394.3075790088497,161779
9952,-4.5,14,-398.8075790088497,161793
9953,0.0,11,-398.8075790088497,161804
9954,1.0,8,-397.8075790088497,161812
9955,-2.25,10,-400.0575790088497,161822
9956,1.5,15,-398.5575790088497,161837
9957,0.0,1,-398.5575790088497,161838
9958,0.0,1,-398.5575790088497,161839
9959,0.0,1,-398.5575790088497,161840
9960,0.0,8,-398.5575790088497,161848
9961,-5.5,11,-404.0575790088497,161859
9962,0.0,4,-404.0575790088497,161863
9963,1.0,9,-403.0575790088497,161872
9964,1.0,16,-402.0575790088497,161888
9965,2.0,16,-400.0575790088497,161904
9966,-6.0,12,-406.0575790088497,161916
9967,-7.0,13,-413.0575790088497,161929
9968,-4.0,24,-417.0575790088497,161953
9969,-2.571428571428571,22,-419.62900758027826,161975
9970,-2.6,13,-422.2290075802783,161988
9971,-7.1,13,-429.3290075802783,162001
9972,-3.6,8,-432.9290075802783,162009
9973,3.75,5,-429.1790075802783,162014
9974,-3.383333333333333,10,-432.56234091361165,162024
9975,-2.0,3,-434.56234091361165,162027
9976,2.0,6,-432.56234091361165,162033
9977,2.0,5,-430.56234091361165,162038
9978,-8.65,34,-439.2123409136116,162072
9979,0.0,7,-439.2123409136116,162079
9980,1.0,3,-438.2123409136116,162082
9981,-3.0,8,-441.2123409136116,162090
9982,-3.0,10,-444.2123409136116,162100
9983,1.3333333333333333,12,-442.8790075802783,162112
9984,-6.0,11,-448.8790075802783,162123
9985,3.5,9,-445.3790075802783,162132
9986,-3.75,4,-449.1290075802783,162136
9987,2.0,7,-447.1290075802783,162143
9988,-1.0,13,-448.1290075802783,162156
9989,0.20000000000000018,7,-447.9290075802783,162163
9990,5.0,16,-442.9290075802783,162179
9991,-17.25,17,-460.1790075802783,162196
9992,11.149999999999999,26,-449.02900758027835,162222
9993,-8.6,39,-457.62900758027837,162261
9994,4.0,21,-453.62900758027837,162282
9995,0.2,14,-453.4290075802784,162296
9996,2.0,7,-451.4290075802784,162303
9997,-5.0,11,-456.4290075802784,162314
9998,-2.0,3,-458.4290075802784,162317
9999,-5.25,13,-463.6790075802784,162330
10000,-0.5,4,-464.1790075802784,162334
10001,0.0,7,-464.1790075802784,162341
10002,0.6666666666666667,9,-463.5123409136117,162350
10003,1.5,8,-462.0123409136117,162358
10004,0.0,2,-462.0123409136117,162360
10005,2.928571428571429,10,-459.08376948504025,162370
10006,0.0,14,-459.08376948504025,162384
10007,0.0,13,-459.08376948504025,162397
10008,-4.0,9,-463.08376948504025,162406
10009,8.5,22,-454.58376948504025,162428
10010,1.5,12,-453.08376948504025,162440
10011,2.0,8,-451.08376948504025,162448
10012,0.0,8,-451.08376948504025,162456
10013,-1.0,6,-452.08376948504025,162462
10014,2.2,12,-449.88376948504026,162474
10015,0.0,1,-449.88376948504026,162475
10016,-4.0,11,-453.88376948504026,162486
10017,-3.0,4,-456.88376948504026,162490
10018,-2.0,5,-458.88376948504026,162495
10019,5.0,17,-453.88376948504026,162512
10020,-3.5,6,-457.38376948504026,162518
10021,-2.5,4,-459.88376948504026,162522
10022,7.5,19,-452.38376948504026,162541
10023,-3.0,18,-455.38376948504026,162559
10024,-4.0,13,-459.38376948504026,162572
10025,4.0,24,-455.38376948504026,162596
10026,0.3333333333333333,9,-455.05043615170695,162605
10027,-7.153846153846153,15,-462.2042823055531,162620
10028,4.0,5,-458.2042823055531,162625
10029,0.0,15,-458.2042823055531,162640
10030,-3.0,13,-461.2042823055531,162653
10031,-2.0,27,-463.2042823055531,162680
10032,-2.0,18,-465.2042823055531,162698
10033,2.0,6,-463.2042823055531,162704
10034,1.333333333333333,21,-461.87094897221976,162725
10035,3.2,33,-458.6709489722198,162758
10036,0.0,2,-458.6709489722198,162760
10037,-5.666666666666667,20,-464.33761563888646,162780
10038,1.25,16,-463.08761563888646,162796
10039,0.5,14,-462.58761563888646,162810
10040,-5.5,27,-468.08761563888646,162837
10041,1.0,5,-467.08761563888646,162842
10042,1.5,9,-465.58761563888646,162851
10043,1.0,26,-464.58761563888646,162877
10044,2.0,30,-462.58761563888646,162907
10045,-11.25,37,-473.83761563888646,162944
10046,0.75,14,-473.08761563888646,162958
10047,-3.0,22,-476.08761563888646,162980
10048,-11.36111111111111,48,-487.44872674999755,163028
10049,1.75,4,-485.69872674999755,163032
10050,-2.333333333333333,13,-488.03206008333086,163045
10051,-2.5,27,-490.53206008333086,163072
10052,-1.0,6,-491.53206008333086,163078
10053,4.116666666666667,30,-487.4153934166642,163108
10054,-10.11111111111111,23,-497.5265045277753,163131
10055,3.0,14,-494.5265045277753,163145
10056,-6.666666666666667,20,-501.19317119444196,163165
10057,-4.5,13,-505.69317119444196,163178
10058,-7.0,21,-512.6931711944419,163199
10059,1.0,8,-511.6931711944419,163207
10060,2.25,25,-509.4431711944419,163232
10061,0.0,11,-509.4431711944419,163243
10062,0.5,8,-508.9431711944419,163251
10063,-10.65,38,-519.5931711944419,163289
10064,0.0,1,-519.5931711944419,163290
10065,0.0,1,-519.5931711944419,163291
10066,0.0,2,-519.5931711944419,163293
10067,2.0,7,-517.5931711944419,163300
10068,7.416666666666668,57,-510.1765045277752,163357
10069,-0.5,6,-510.6765045277752,163363
10070,-2.0,9,-512.6765045277753,163372
10071,-1.6363636363636367,13,-514.3128681641389,163385
10072,-5.0,6,-519.3128681641389,163391
10073,-8.5,11,-527.8128681641389,163402
10074,-0.8333333333333333,4,-528.6462014974722,163406
10075,-1.0,13,-529.6462014974722,163419
10076,-6.0,16,-535.6462014974722,163435
10077,0.16666666666666696,26,-535.4795348308056,163461
10078,-0.5999999999999996,64,-536.0795348308056,163525
10079,-7.0,31,-543.0795348308056,163556
10080,0.5,15,-542.5795348308056,163571
10081,-1.5,14,-544.0795348308056,163585
10082,-2.0,6,-546.0795348308056,163591
10083,-4.6,19,-550.6795348308057,163610
10084,3.6666666666666665,25,-547.012868164139,163635
10085,1.0,13,-546.012868164139,163648
10086,-1.6,3,-547.6128681641391,163651
10087,2.5555555555555554,12,-545.0573126085835,163663
10088,-0.20238095238095255,42,-545.2596935609645,163705
10089,0.0,1,-545.2596935609645,163706
10090,0.19999999999999996,6,-545.0596935609644,163712
10091,0.0,1,-545.0596935609644,163713
10092,-1.0,21,-546.0596935609644,163734
10093,-4.25,4,-550.3096935609644,163738
10094,-1.25,4,-551.5596935609644,163742
10095,0.6666666666666666,5,-550.8930268942978,163747
10096,0.6666666666666667,7,-550.2263602276312,163754
10097,3.0,2,-547.2263602276312,163756
10098,0.3333333333333333,7,-546.8930268942978,163763
10099,3.0,2,-543.8930268942978,163765
10100,1.0,3,-542.8930268942978,163768
10101,0.0,6,-542.8930268942978,163774
10102,2.0,9,-540.8930268942978,163783
10103,-7.0,16,-547.8930268942978,163799
10104,-5.861111111111111,16,-553.7541380054089,163815
10105,1.0,18,-552.7541380054089,163833
10106,0.0,4,-552.7541380054089,163837
10107,-12.0,34,-564.7541380054089,163871
10108,-2.0,18,-566.7541380054089,163889
10109,-13.5,26,-580.2541380054089,163915
10110,1.0588235294117647,8,-579.1953144759972,163923
10111,2.2,4,-576.9953144759971,163927
10112,3.666666666666667,17,-573.3286478093305,163944
10113,5.2,9,-568.1286478093305,163953
10114,1.0,1,-567.1286478093305,163954
10115,1.0,4,-566.1286478093305,163958
10116,-2.333333333333333,17,-568.4619811426638,163975
10117,-10.0,22,-578.4619811426638,163997
10118,2.0,34,-576.4619811426638,164031
10119,-5.1911764705882355,15,-581.6531576132521,164046
10120,-3.9411764705882355,32,-585.5943340838404,164078
10121,0.0,2,-585.5943340838404,164080
10122,-6.0,16,-591.5943340838404,164096
10123,-4.2,18,-595.7943340838405,164114
10124,-5.0,18,-600.7943340838405,164132
10125,-1.0,16,-601.7943340838405,164148
10126,-3.0,15,-604.7943340838405,164163
10127,-0.3333333333333335,19,-605.1276674171738,164182
10128,-9.179545454545455,18,-614.3072128717192,164200
10129,-5.5,12,-619.8072128717192,164212
10130,0.0,6,-619.8072128717192,164218
10131,-3.5,11,-623.3072128717192,164229
10132,-1.0,13,-624.3072128717192,164242
10133,-4.166666666666666,22,-628.4738795383859,164264
10134,-7.666666666666667,14,-636.1405462050525,164278
10135,-4.333333333333334,13,-640.4738795383859,164291
10136,-1.238095238095238,34,-641.711974776481,164325
10137,-2.0,10,-643.711974776481,164335
10138,-2.0,3,-645.711974776481,164338
10139,4.0,8,-641.711974776481,164346
10140,1.2,19,-640.511974776481,164365
10141,-6.0,19,-646.511974776481,164384
10142,4.2,9,-642.311974776481,164393
10143,-3.0,9,-645.311974776481,164402
10144,-2.0,11,-647.311974776481,164413
10145,-1.0,7,-648.311974776481,164420
10146,2.0,11,-646.311974776481,164431
10147,3.0,6,-643.311974776481,164437
10148,0.0,5,-643.311974776481,164442
10149,-0.7999999999999998,24,-644.1119747764809,164466
10150,-2.5,25,-646.6119747764809,164491
10151,-1.0,7,-647.6119747764809,164498
10152,0.0,5,-647.6119747764809,164503
10153,2.0,10,-645.6119747764809,164513
10154,1.5,16,-644.1119747764809,164529
10155,1.8461538461538463,20,-642.2658209303271,164549
10156,-5.553846153846154,29,-647.8196670841733,164578
10157,-1.7999999999999998,28,-649.6196670841732,164606
10158,-0.33333333333333326,16,-649.9530004175066,164622
10159,-2.0,14,-651.9530004175066,164636
10160,-1.0,7,-652.9530004175066,164643
10161,2.0,3,-650.9530004175066,164646
10162,-2.0,7,-652.9530004175066,164653
10163,0.0,9,-652.9530004175066,164662
10164,-3.0,5,-655.9530004175066,164667
10165,-5.0,5,-660.9530004175066,164672
10166,-16.0,25,-676.9530004175066,164697
10167,-8.083333333333334,19,-685.03633375084,164716
10168,-3.0,15,-688.03633375084,164731
10169,3.0,22,-685.03633375084,164753
10170,0.0,22,-685.03633375084,164775
10171,-9.0,14,-694.03633375084,164789
10172,1.0,11,-693.03633375084,164800
10173,-6.136363636363637,31,-699.1726973872036,164831
10174,3.5,5,-695.6726973872036,164836
10175,-7.4,28,-703.0726973872036,164864
10176,-2.0,19,-705.0726973872036,164883
10177,-5.4,19,-710.4726973872035,164902
10178,0.5,11,-709.9726973872035,164913
10179,3.0,15,-706.9726973872035,164928
10180,0.0,1,-706.9726973872035,164929
10181,0.0,10,-706.9726973872035,164939
10182,0.0,1,-706.9726973872035,164940
10183,-8.166666666666666,19,-715.1393640538702,164959
10184,0.0,19,-715.1393640538702,164978
10185,4.5,18,-710.6393640538702,164996
10186,-4.25,14,-714.8893640538702,165010
10187,4.166666666666667,24,-710.7226973872035,165034
10188,-3.0,11,-713.7226973872035,165045
10189,-2.5,6,-716.2226973872035,165051
10190,-0.3999999999999999,11,-716.6226973872035,165062
10191,-1.0,7,-717.6226973872035,165069
10192,4.7,24,-712.9226973872035,165093
10193,-1.3333333333333335,15,-714.2560307205368,165108
10194,-2.0,20,-716.2560307205368,165128
10195,3.0,16,-713.2560307205368,165144
10196,-5.166666666666667,21,-718.4226973872035,165165
10197,3.7,12,-714.7226973872034,165177
10198,0.0,10,-714.7226973872034,165187
10199,2.0,23,-712.7226973872034,165210
10200,1.1666666666666665,4,-711.5560307205368,165214
10201,-1.6666666666666667,8,-713.2226973872034,165222
10202,5.0,21,-708.2226973872034,165243
10203,-2.166666666666667,16,-710.38936405387,165259
10204,-3.0,10,-713.38936405387,165269
10205,0.2,10,-713.18936405387,165279
10206,-0.04999999999999999,8,-713.23936405387,165287
10207,-0.06666666666666671,7,-713.3060307205367,165294
10208,-2.0,6,-715.3060307205367,165300
10209,-10.77142857142857,16,-726.0774592919653,165316
10210,-2.0,5,-728.0774592919653,165321
10211,-1.25,21,-729.3274592919653,165342
10212,-3.916666666666667,7,-733.2441259586319,165349
10213,-0.17142857142857149,17,-733.4155545300605,165366
10214,1.0,2,-732.4155545300605,165368
10215,-3.541176470588235,33,-735.9567310006487,165401
10216,-3.0,17,-738.9567310006487,165418
10217,0.0,9,-738.9567310006487,165427
10218,-0.4,3,-739.3567310006487,165430
10219,-2.121212121212121,20,-741.4779431218608,165450
10220,-2.0,17,-743.4779431218608,165467
10221,-8.6,30,-752.0779431218608,165497
10222,-4.0,43,-756.0779431218608,165540
10223,-1.3333333333333333,14,-757.4112764551942,165554
10224,0.0,4,-757.4112764551942,165558
10225,-1.3333333333333333,5,-758.7446097885276,165563
10226,2.0,7,-756.7446097885276,165570
10227,0.5,15,-756.2446097885276,165585
10228,1.0,6,-755.2446097885276,165591
10229,-3.8,8,-759.0446097885275,165599
10230,2.0,2,-757.0446097885275,165601
10231,2.0,2,-755.0446097885275,165603
10232,0.0,2,-755.0446097885275,165605
10233,1.5,5,-753.5446097885275,165610
10234,-1.0,11,-754.5446097885275,165621
10235,-2.833333333333333,55,-757.3779431218609,165676
10236,-1.690909090909091,21,-759.06885221277,165697
10237,0.5555555555555556,11,-758.5132966572145,165708
10238,0.0,3,-758.5132966572145,165711
10239,-1.3333333333333333,3,-759.8466299905479,165714
10240,3.166666666666666,9,-756.6799633238812,165723
10241,-1.3333333333333333,1,-758.0132966572146,165724
10242,0.33333333333333304,21,-757.6799633238812,165745
10243,3.7142857142857144,17,-753.9656776095956,165762
10244,-4.25,15,-758.2156776095956,165777
10245,0.0,1,-758.2156776095956,165778
10246,0.0,1,-758.2156776095956,165779
10247,3.0,23,-755.2156776095956,165802
10248,-2.0,13,-757.2156776095956,165815
10249,-2.571428571428571,17,-759.7871061810241,165832
10250,-1.0,6,-760.7871061810241,165838
10251,2.0,6,-758.7871061810241,165844
10252,0.0,6,-758.7871061810241,165850
10253,-1.0,5,-759.7871061810241,165855
10254,-2.5,13,-762.2871061810241,165868
10255,-0.1111111111111111,7,-762.3982172921352,165875
10256,0.19999999999999996,7,-762.1982172921352,165882
10257,1.5,6,-760.6982172921352,165888
10258,-1.0,9,-761.6982172921352,165897
10259,2.0,4,-759.6982172921352,165901
10260,-1.3333333333333333,3,-761.0315506254685,165904
10261,0.0,1,-761.0315506254685,165905
10262,-2.5,23,-763.5315506254685,165928
10263,0.6666666666666665,25,-762.8648839588019,165953
10264,-2.25,4,-765.1148839588019,165957
10265,0.0,3,-765.1148839588019,165960
10266,0.0,11,-765.1148839588019,165971
10267,0.1499999999999999,17,-764.9648839588019,165988
10268,-2.0,3,-766.9648839588019,165991
10269,-2.0,3,-768.9648839588019,165994
10270,3.0,17,-765.9648839588019,166011
10271,0.5,4,-765.4648839588019,166015
10272,-0.3333333333333335,8,-765.7982172921353,166023
10273,0.0,1,-765.7982172921353,166024
10274,-1.0,9,-766.7982172921353,166033
10275,0.0,5,-766.7982172921353,166038
10276,2.0,4,-764.7982172921353,166042
10277,-3.75,12,-768.5482172921353,166054
10278,5.0,22,-763.5482172921353,166076
10279,0.0,10,-763.5482172921353,166086
10280,0.0,20,-763.5482172921353,166106
10281,-2.0,6,-765.5482172921353,166112
10282,0.0,1,-765.5482172921353,166113
10283,-3.0,4,-768.5482172921353,166117
10284,4.0,6,-764.5482172921353,166123
10285,0.0,2,-764.5482172921353,166125
10286,0.0,4,-764.5482172921353,166129
10287,-2.6666666666666665,41,-767.2148839588019,166170
10288,1.0,9,-766.2148839588019,166179
10289,-2.666666666666666,35,-768.8815506254685,166214
10290,-1.0,17,-769.8815506254685,166231
10291,0.0,9,-769.8815506254685,166240
10292,-2.0,8,-771.8815506254685,166248
10293,0.0,11,-771.8815506254685,166259
10294,3.5,33,-768.3815506254685,166292
10295,0.0,2,-768.3815506254685,166294
10296,0.0,5,-768.3815506254685,166299
10297,0.0,6,-768.3815506254685,166305
10298,-1.5,4,-769.8815506254685,166309
10299,-0.8,5,-770.6815506254685,166314
10300,-0.33333333333333337,10,-771.0148839588019,166324
10301,3.3333333333333335,29,-767.6815506254685,166353
10302,0.3333333333333333,4,-767.3482172921351,166357
10303,-3.0,4,-770.3482172921351,166361
10304,-5.6,18,-775.9482172921352,166379
10305,-3.0,5,-778.9482172921352,166384
10306,-2.0,2,-780.9482172921352,166386
10307,-2.0,2,-782.9482172921352,166388
10308,-2.0,2,-784.9482172921352,166390
10309,1.3333333333333333,6,-783.6148839588018,166396
10310,5.0,15,-778.6148839588018,166411
10311,0.0,20,-778.6148839588018,166431
10312,-4.5,10,-783.1148839588018,166441
10313,0.6666666666666665,2,-782.4482172921352,166443
10314,0.0,14,-782.4482172921352,166457
10315,2.333333333333333,6,-780.1148839588018,166463
10316,-2.0,10,-782.1148839588018,166473
10317,4.333333333333334,16,-777.7815506254684,166489
10318,2.2,14,-775.5815506254684,166503
10319,0.0,4,-775.5815506254684,166507
10320,1.0,5,-774.5815506254684,166512
10321,1.0,16,-773.5815506254684,166528
10322,-2.0,25,-775.5815506254684,166553
10323,3.0,19,-772.5815506254684,166572
10324,0.6666666666666665,24,-771.9148839588017,166596
10325,-1.0,10,-772.9148839588017,166606
10326,1.9500000000000002,5,-770.9648839588017,166611
10327,-2.0,4,-772.9648839588017,166615
10328,-2.6571428571428575,14,-775.6220268159445,166629
10329,-0.6666666666666666,10,-776.2886934826112,166639
10330,0.0,18,-776.2886934826112,166657
10331,-1.3333333333333333,12,-777.6220268159445,166669
10332,1.0,10,-776.6220268159445,166679
10333,-1.0,6,-777.6220268159445,166685
10334,0.0,2,-777.6220268159445,166687
10335,-3.0,4,-780.6220268159445,166691
10336,-3.6,30,-784.2220268159446,166721
10337,4.333333333333333,43,-779.8886934826112,166764
10338,1.666666666666667,34,-778.2220268159446,166798
10339,-11.5,34,-789.7220268159446,166832
10340,-6.111111111111112,27,-795.8331379270556,166859
10341,0.0,6,-795.8331379270556,166865
10342,-3.571428571428571,22,-799.4045664984842,166887
10343,-2.9333333333333336,22,-802.3378998318175,166909
10344,1.6666666666666667,1,-800.6712331651509,166910
10345,-1.0,2,-801.6712331651509,166912
10346,-1.6,7,-803.2712331651509,166919
10347,0.0,2,-803.2712331651509,166921
10348,0.6666666666666667,25,-802.6045664984842,166946
10349,-0.7301587301587302,21,-803.3347252286429,166967
10350,-0.9411764705882353,9,-804.2759016992312,166976
10351,1.0,8,-803.2759016992312,166984
10352,-2.5,22,-805.7759016992312,167006
10353,2.55,28,-803.2259016992313,167034
10354,11.0,20,-792.2259016992313,167054
10355,-2.611111111111111,18,-794.8370128103423,167072
10356,5.483333333333334,74,-789.353679477009,167146
10357,-5.233333333333334,22,-794.5870128103423,167168
10358,7.0,25,-787.5870128103423,167193
10359,0.0,3,-787.5870128103423,167196
10360,2.0,4,-785.5870128103423,167200
10361,-2.6666666666666665,28,-788.253679477009,167228
10362,2.3333333333333335,13,-785.9203461436756,167241
10363,2.0,27,-783.9203461436756,167268
10364,0.0,6,-783.9203461436756,167274
10365,-10.77450980392157,22,-794.6948559475971,167296
10366,-2.0,7,-796.6948559475971,167303
10367,0.11764705882352944,8,-796.5772088887736,167311
10368,2.1176470588235294,10,-794.4595618299501,167321
10369,-2.0,4,-796.4595618299501,167325
10370,0.0,8,-796.4595618299501,167333
10371,-2.0,11,-798.4595618299501,167344
10372,3.0,8,-795.4595618299501,167352
10373,-2.0,31,-797.4595618299501,167383
10374,1.0,4,-796.4595618299501,167387
10375,0.0,5,-796.4595618299501,167392
10376,2.0,2,-794.4595618299501,167394
10377,0.0,4,-794.4595618299501,167398
10378,0.0,3,-794.4595618299501,167401
10379,-3.0,7,-797.4595618299501,167408
10380,2.0,5,-795.4595618299501,167413
10381,6.0,10,-789.4595618299501,167423
10382,-2.0,7,-791.4595618299501,167430
10383,1.0,6,-790.4595618299501,167436
10384,1.0,22,-789.4595618299501,167458
10385,-5.333333333333333,10,-794.7928951632834,167468
10386,-1.0,5,-795.7928951632834,167473
10387,-1.0,3,-796.7928951632834,167476
10388,-1.0,2,-797.7928951632834,167478
10389,2.0,2,-795.7928951632834,167480
10390,2.0,2,-793.7928951632834,167482
10391,-4.75,14,-798.5428951632834,167496
10392,-3.0,12,-801.5428951632834,167508
10393,-3.5,8,-805.0428951632834,167516
10394,-6.666666666666667,19,-811.7095618299501,167535
10395,-2.25,11,-813.9595618299501,167546
10396,0.0,6,-813.9595618299501,167552
10397,-2.0,7,-815.9595618299501,167559
10398,-1.0,7,-816.9595618299501,167566
10399,0.0,9,-816.9595618299501,167575
10400,-2.333333333333333,11,-819.2928951632834,167586
10401,-2.0,23,-821.2928951632834,167609
10402,1.0,14,-820.2928951632834,167623
10403,1.3333333333333333,3,-818.9595618299501,167626
10404,-1.0,16,-819.9595618299501,167642
10405,5.666666666666666,15,-814.2928951632834,167657
10406,-2.0,8,-816.2928951632834,167665
10407,2.0,7,-814.2928951632834,167672
10408,0.0,8,-814.2928951632834,167680
10409,2.0,15,-812.2928951632834,167695
10410,-2.0,4,-814.2928951632834,167699
10411,0.0,9,-814.2928951632834,167708
10412,2.142857142857143,7,-812.1500380204263,167715
10413,4.0,11,-808.1500380204263,167726
10414,-1.5,22,-809.6500380204263,167748
10415,-3.5,14,-813.1500380204263,167762
10416,-0.5,16,-813.6500380204263,167778
10417,-2.0,9,-815.6500380204263,167787
10418,1.9500000000000002,17,-813.7000380204263,167804
10419,1.45,5,-812.2500380204262,167809
10420,-1.0,6,-813.2500380204262,167815
10421,-2.0,14,-815.2500380204262,167829
10422,0,0,-815.2500380204262,167829
10423,0,0,-815.2500380204262,167829
10424,0,0,-815.2500380204262,167829
10425,1.0,2,-814.2500380204262,167831
10426,-6.8,21,-821.0500380204262,167852
10427,-1.0,8,-822.0500380204262,167860
10428,2.0833333333333335,11,-819.9667046870928,167871
10429,-8.25,19,-828.2167046870928,167890
10430,0.0,3,-828.2167046870928,167893
10431,-2.5,5,-830.7167046870928,167898
10432,1.0,8,-829.7167046870928,167906
10433,-1.7999999999999998,11,-831.5167046870928,167917
10434,0.8333333333333333,15,-830.6833713537594,167932
10435,1.0833333333333333,7,-829.600038020426,167939
10436,0.0,3,-829.600038020426,167942
10437,0.6,7,-829.000038020426,167949
10438,-0.4,7,-829.400038020426,167956
10439,-2.4,4,-831.800038020426,167960
10440,3.6666666666666665,6,-828.1333713537593,167966
10441,-4.333333333333333,8,-832.4667046870927,167974
10442,0.3333333333333333,5,-832.1333713537593,167979
10443,-10.0,16,-842.1333713537593,167995
10444,1.3333333333333333,15,-840.800038020426,168010
10445,-1.0,6,-841.800038020426,168016
10446,-1.0,6,-842.800038020426,168022
10447,0.0,9,-842.800038020426,168031
10448,0.3333333333333333,6,-842.4667046870926,168037
10449,-1.333333333333333,12,-843.800038020426,168049
10450,-4.694444444444445,11,-848.4944824648704,168060
10451,-5.0,10,-853.4944824648704,168070
10452,-1.0,8,-854.4944824648704,168078
10453,0,0,-854.4944824648704,168078
10454,0,0,-854.4944824648704,168078
10455,0,0,-854.4944824648704,168078
10456,2.0,5,-852.4944824648704,168083
10457,-2.5,8,-854.9944824648704,168091
10458,0.0,2,-854.9944824648704,168093
10459,-2.9411764705882355,16,-857.9356589354587,168109
10460,0.0,5,-857.9356589354587,168114
10461,0.3333333333333335,13,-857.6023256021253,168127
10462,-5.0,17,-862.6023256021253,168144
10463,1.3333333333333335,9,-861.268992268792,168153
10464,-1.5,6,-862.768992268792,168159
10465,-1.0,17,-863.768992268792,168176
10466,-2.3333333333333335,10,-866.1023256021253,168186
10467,0.0,4,-866.1023256021253,168190
10468,2.5,12,-863.6023256021253,168202
10469,0.0,14,-863.6023256021253,168216
10470,0.0,4,-863.6023256021253,168220
10471,3.0,13,-860.6023256021253,168233
10472,-4.333333333333334,22,-864.9356589354587,168255
10473,-1.5714285714285714,8,-866.5070875068873,168263
10474,-5.571428571428571,12,-872.0785160783158,168275
10475,2.8333333333333335,8,-869.2451827449825,168283
10476,-2.0,7,-871.2451827449825,168290
10477,0.3333333333333333,9,-870.9118494116491,168299
10478,-1.0,10,-871.9118494116491,168309
10479,2.0,2,-869.9118494116491,168311
10480,0.0,6,-869.9118494116491,168317
10481,0.0,2,-869.9118494116491,168319
10482,-1.3333333333333335,15,-871.2451827449825,168334
10483,0.0,2,-871.2451827449825,168336
10484,0.0,10,-871.2451827449825,168346
10485,13.0,17,-858.2451827449825,168363
10486,0.3333333333333333,7,-857.9118494116491,168370
10487,3.0,4,-854.9118494116491,168374
10488,-3.5,27,-858.4118494116491,168401
10489,-1.5,13,-859.9118494116491,168414
10490,-0.5,12,-860.4118494116491,168426
10491,-3.0,11,-863.4118494116491,168437
10492,0.0,6,-863.4118494116491,168443
10493,-3.0,18,-866.4118494116491,168461
10494,-1.5,7,-867.9118494116491,168468
10495,-4.5,25,-872.4118494116491,168493
10496,-10.0,35,-882.4118494116491,168528
10497,-3.5,16,-885.9118494116491,168544
10498,-1.0,5,-886.9118494116491,168549
10499,2.0,7,-884.9118494116491,168556
10500,0.0,4,-884.9118494116491,168560
10501,0.0,2,-884.9118494116491,168562
10502,0.0,2,-884.9118494116491,168564
10503,-1.0,22,-885.9118494116491,168586
10504,-3.0,8,-888.9118494116491,168594
10505,0.0,3,-888.9118494116491,168597
10506,0.0,3,-888.9118494116491,168600
10507,2.0,4,-886.9118494116491,168604
10508,0.0,3,-886.9118494116491,168607
10509,1.5,8,-885.4118494116491,168615
10510,-3.5,14,-888.9118494116491,168629
10511,-0.5,9,-889.4118494116491,168638
10512,-1.0,9,-890.4118494116491,168647
10513,-5.333333333333333,13,-895.7451827449825,168660
10514,-2.0,13,-897.7451827449825,168673
10515,-2.0,6,-899.7451827449825,168679
10516,-1.6666666666666667,13,-901.4118494116491,168692
10517,-1.5833333333333333,6,-902.9951827449825,168698
10518,3.0,7,-899.9951827449825,168705
10519,-5.166666666666666,20,-905.1618494116491,168725
10520,-4.5,13,-909.6618494116491,168738
10521,0.5,4,-909.1618494116491,168742
10522,-1.3333333333333333,4,-910.4951827449825,168746
10523,1.2,14,-909.2951827449824,168760
10524,6.199999999999999,24,-903.0951827449824,168784
10525,-1.2857142857142856,20,-904.3808970306967,168804
10526,-2.066666666666667,32,-906.4475636973634,168836
10527,0.0,3,-906.4475636973634,168839
10528,-0.5,8,-906.9475636973634,168847
10529,-0.5,4,-907.4475636973634,168851
10530,3.0,4,-904.4475636973634,168855
10531,2.0,4,-902.4475636973634,168859
10532,-0.3333333333333335,32,-902.7808970306968,168891
10533,-1.3333333333333333,15,-904.1142303640302,168906
10534,3.0,6,-901.1142303640302,168912
10535,4.0,6,-897.1142303640302,168918
10536,-0.5,15,-897.6142303640302,168933
10537,-0.9411764705882353,5,-898.5554068346185,168938
10538,-6.166666666666667,27,-904.7220735012851,168965
10539,0.0,7,-904.7220735012851,168972
10540,0,0,-904.7220735012851,168972
10541,0,0,-904.7220735012851,168972
10542,0,0,-904.7220735012851,168972
10543,-0.8571428571428572,39,-905.579216358428,169011
10544,0.5,5,-905.079216358428,169016
10545,0.5,4,-904.579216358428,169020
10546,-4.0,13,-908.579216358428,169033
10547,3.0,11,-905.579216358428,169044
10548,-1.0,9,-906.579216358428,169053
10549,-1.0,23,-907.579216358428,169076
10550,7.333333333333333,17,-900.2458830250946,169093
10551,-2.0,7,-902.2458830250946,169100
10552,-5.666666666666666,15,-907.9125496917612,169115
10553,3.0,9,-904.9125496917612,169124
10554,-5.8,16,-910.7125496917612,169140
10555,1.545454545454545,24,-909.1670951463067,169164
10556,-0.6666666666666666,10,-909.8337618129733,169174
10557,0.0,11,-909.8337618129733,169185
10558,1.2000000000000002,26,-908.6337618129733,169211
10559,1.5,9,-907.1337618129733,169220
10560,1.5,14,-905.6337618129733,169234
10561,5.0,11,-900.6337618129733,169245
10562,-6.5,18,-907.1337618129733,169263
10563,-1.6666666666666665,8,-908.8004284796399,169271
10564,2.0,21,-906.8004284796399,169292
10565,-0.9,12,-907.7004284796399,169304
10566,0.0,1,-907.7004284796399,169305
10567,-1.0,5,-908.7004284796399,169310
10568,0.0,1,-908.7004284796399,169311
10569,-0.3999999999999999,6,-909.1004284796398,169317
10570,-1.0,11,-910.1004284796398,169328
10571,0.11111111111111116,23,-909.9893173685288,169351
10572,0.9444444444444446,7,-909.0448729240843,169358
10573,8.166666666666666,17,-900.8782062574177,169375
10574,-1.833333333333334,23,-902.711539590751,169398
10575,-0.4,7,-903.111539590751,169405
10576,3.0,4,-900.111539590751,169409
10577,3.0,10,-897.111539590751,169419
10578,0.0,7,-897.111539590751,169426
10579,1.3333333333333333,6,-895.7782062574177,169432
10580,2.0,6,-893.7782062574177,169438
10581,-0.24285714285714288,22,-894.0210634002748,169460
10582,1.3333333333333333,3,-892.6877300669414,169463
10583,3.0,17,-889.6877300669414,169480
10584,0.0,3,-889.6877300669414,169483
10585,0.0,6,-889.6877300669414,169489
10586,1.7666666666666668,23,-887.9210634002748,169512
10587,-2.6,15,-890.5210634002748,169527
10588,2.0,1,-888.5210634002748,169528
10589,1.8461538461538463,16,-886.674909554121,169544
10590,0.0,1,-886.674909554121,169545
10591,0,0,-886.674909554121,169545
10592,0,0,-886.674909554121,169545
10593,0,0,-886.674909554121,169545
10594,2.2,14,-884.4749095541209,169559
10595,-0.9333333333333336,24,-885.4082428874542,169583
10596,-6.48015873015873,35,-891.8884016176129,169618
10597,-7.4,33,-899.2884016176129,169651
10598,-4.0,25,-903.2884016176129,169676
10599,2.35,35,-900.9384016176128,169711
10600,6.666666666666666,31,-894.2717349509462,169742
10601,-3.5,28,-897.7717349509462,169770
10602,0.0,6,-897.7717349509462,169776
10603,-3.3333333333333335,10,-901.1050682842796,169786
10604,-1.3,13,-902.4050682842795,169799
10605,2.0,20,-900.4050682842795,169819
10606,1.4285714285714286,11,-898.9764968557081,169830
10607,-4.0,7,-902.9764968557081,169837
10608,-1.0,8,-903.9764968557081,169845
10609,-1.3333333333333335,23,-905.3098301890415,169868
10610,-1.0,6,-906.3098301890415,169874
10611,0.0,8,-906.3098301890415,169882
10612,1.6666666666666667,17,-904.6431635223748,169899
10613,1.0,18,-903.6431635223748,169917
10614,1.0,21,-902.6431635223748,169938
10615,-0.9444444444444444,24,-903.5876079668193,169962
10616,1.5,22,-902.0876079668193,169984
10617,-1.9047619047619049,15,-903.9923698715812,169999
10618,1.4000000000000004,37,-902.5923698715812,170036
10619,3.0,11,-899.5923698715812,170047
10620,2.2,8,-897.3923698715812,170055
10621,-6.333333333333332,30,-903.7257032049146,170085
10622,-1.0,3,-904.7257032049146,170088
10623,-2.0,7,-906.7257032049146,170095
10624,-2.0,5,-908.7257032049146,170100
10625,-2.05,19,-910.7757032049145,170119
10626,1.0,7,-909.7757032049145,170126
10627,-5.0,6,-914.7757032049145,170132
10628,-2.0,5,-916.7757032049145,170137
10629,-1.3333333333333335,9,-918.1090365382479,170146
10630,-2.0,11,-920.1090365382479,170157
10631,-1.3333333333333333,19,-921.4423698715813,170176
10632,-0.3333333333333335,11,-921.7757032049146,170187
10633,1.0,27,-920.7757032049146,170214
10634,4.0,10,-916.7757032049146,170224
10635,0,0,-916.7757032049146,170224
10636,0,0,-916.7757032049146,170224
10637,-1.0,8,-917.7757032049146,170232
10638,0.0,6,-917.7757032049146,170238
10639,4.0,7,-913.7757032049146,170245
10640,-2.5,11,-916.2757032049146,170256
10641,-6.0,21,-922.2757032049146,170277
10642,-5.382352941176471,12,-927.6580561460911,170289
10643,-3.8,20,-931.458056146091,170309
10644,-2.0,3,-933.458056146091,170312
10645,-0.7999999999999998,21,-934.258056146091,170333
10646,2.0,20,-932.258056146091,170353
10647,0.0,6,-932.258056146091,170359
10648,-5.633333333333333,28,-937.8913894794243,170387
10649,5.5,17,-932.3913894794243,170404
10650,0.0,11,-932.3913894794243,170415
10651,-3.0,21,-935.3913894794243,170436
10652,1.1111111111111112,29,-934.2802783683132,170465
10653,2.75,6,-931.5302783683132,170471
10654,0.0,7,-931.5302783683132,170478
10655,0.0,15,-931.5302783683132,170493
10656,-6.933333333333334,30,-938.4636117016465,170523
10657,0.9999999999999996,41,-937.4636117016465,170564
10658,7.0,15,-930.4636117016465,170579
10659,-3.0,8,-933.4636117016465,170587
10660,0.0,5,-933.4636117016465,170592
10661,-4.0,17,-937.4636117016465,170609
10662,-4.0,11,-941.4636117016465,170620
10663,-4.4,7,-945.8636117016465,170627
10664,-2.0,8,-947.8636117016465,170635
10665,-1.3333333333333335,7,-949.1969450349799,170642
10666,7.0,19,-942.1969450349799,170661
10667,-3.0,18,-945.1969450349799,170679
10668,5.666666666666666,24,-939.5302783683132,170703
10669,0.5555555555555556,6,-938.9747228127577,170709
10670,1.2555555555555555,25,-937.7191672572021,170734
10671,-1.4444444444444444,6,-939.1636117016466,170740
10672,-2.222222222222222,16,-941.3858339238687,170756
10673,-0.4871794871794872,14,-941.8730134110482,170770
10674,2.6666666666666665,4,-939.2063467443816,170774
10675,-5.3,20,-944.5063467443815,170794
10676,-2.0,25,-946.5063467443815,170819
10677,-1.8611111111111112,20,-948.3674578554926,170839
10678,0.3176470588235294,27,-948.049810796669,170866
10679,1.0,9,-947.049810796669,170875
10680,0.0,10,-947.049810796669,170885
10681,-1.0,15,-948.049810796669,170900
10682,2.333333333333333,23,-945.7164774633357,170923
10683,1.6222222222222222,39,-944.0942552411134,170962
10684,-3.0,19,-947.0942552411134,170981
10685,-4.454545454545455,20,-951.5488006956589,171001
10686,0.16666666666666652,41,-951.3821340289923,171042
10687,0.0,1,-951.3821340289923,171043
10688,-2.0,3,-953.3821340289923,171046
10689,2.0,5,-951.3821340289923,171051
10690,-14.285714285714285,23,-965.6678483147066,171074
10691,-3.0,29,-968.6678483147066,171103
10692,0.0,6,-968.6678483147066,171109
10693,-2.0,9,-970.6678483147066,171118
10694,-4.333333333333333,11,-975.00118164804,171129
10695,1.2000000000000002,10,-973.8011816480399,171139
10696,2.2,8,-971.6011816480399,171147
10697,2.5,18,-969.1011816480399,171165
10698,-2.0,8,-971.1011816480399,171173
10699,-4.0,21,-975.1011816480399,171194
10700,4.533333333333333,17,-970.5678483147066,171211
10701,3.0,19,-967.5678483147066,171230
10702,-2.0,9,-969.5678483147066,171239
10703,-1.75,39,-971.3178483147066,171278
10704,-1.0,9,-972.3178483147066,171287
10705,-5.882352941176471,19,-978.200201255883,171306
10706,-7.382352941176471,40,-985.5825541970595,171346
10707,3.0,22,-982.5825541970595,171368
10708,-4.5,16,-987.0825541970595,171384
10709,1.3333333333333335,11,-985.7492208637261,171395
10710,-0.33333333333333304,16,-986.0825541970595,171411
10711,2.5,6,-983.5825541970595,171417
10712,-1.5,16,-985.0825541970595,171433
10713,-1.0,10,-986.0825541970595,171443
10714,1.6666666666666665,2,-984.4158875303929,171445
10715,1.0,9,-983.4158875303929,171454
10716,-1.0,6,-984.4158875303929,171460
10717,1.3333333333333333,10,-983.0825541970595,171470
10718,4.0,4,-979.0825541970595,171474
10719,-1.0,4,-980.0825541970595,171478
10720,-5.0,7,-985.0825541970595,171485
10721,-5.0,7,-990.0825541970595,171492
10722,0.0,2,-990.0825541970595,171494
10723,-1.0,5,-991.0825541970595,171499
10724,0.0,1,-991.0825541970595,171500
10725,2.0,2,-989.0825541970595,171502
10726,0.0,3,-989.0825541970595,171505
10727,0.16666666666666674,14,-988.9158875303929,171519
10728,6.0,5,-982.9158875303929,171524
10729,-2.75,24,-985.6658875303929,171548
10730,3.333333333333333,15,-982.3325541970595,171563
10731,2.5555555555555554,38,-979.776998641504,171601
10732,-1.6111111111111112,32,-981.388109752615,171633
10733,0.0,1,-981.388109752615,171634
10734,-1.0,17,-982.388109752615,171651
10735,3.6666666666666665,18,-978.7214430859484,171669
10736,-3.6666666666666665,16,-982.388109752615,171685
10737,-2.0,24,-984.388109752615,171709
10738,12.0,30,-972.388109752615,171739
10739,-1.0,12,-973.388109752615,171751
10740,-8.0,14,-981.388109752615,171765
10741,0.0,12,-981.388109752615,171777
10742,-2.5,43,-983.888109752615,171820
10743,0.25555555555555554,34,-983.6325541970594,171854
10744,-3.0,19,-986.6325541970594,171873
10745,2.0,25,-984.6325541970594,171898
10746,0.0,8,-984.6325541970594,171906
10747,0.2,13,-984.4325541970594,171919
10748,0.19999999999999996,18,-984.2325541970594,171937
10749,-1.4,11,-985.6325541970593,171948
10750,-8.1,19,-993.7325541970594,171967
10751,2.0,5,-991.7325541970594,171972
10752,3.0,8,-988.7325541970594,171980
10753,2.0,5,-986.7325541970594,171985
10754,4.0,14,-982.7325541970594,171999
10755,1.0,9,-981.7325541970594,172008
10756,-1.6666666666666667,17,-983.399220863726,172025
10757,1.0,12,-982.399220863726,172037
10758,0.0,3,-982.399220863726,172040
10759,-7.0,8,-989.399220863726,172048
10760,-0.5,6,-989.899220863726,172054
10761,-3.6666666666666665,20,-993.5658875303926,172074
10762,-0.8,14,-994.3658875303926,172088
10763,-5.38562091503268,18,-999.7515084454252,172106
10764,-2.5,11,-1002.2515084454252,172117
10765,-0.5,16,-1002.7515084454252,172133
10766,-2.0,10,-1004.7515084454252,172143
10767,1.15,72,-1003.6015084454252,172215
10768,-9.5,25,-1013.1015084454252,172240
10769,-9.8,24,-1022.9015084454252,172264
10770,2.0,22,-1020.9015084454252,172286
10771,2.0,15,-1018.9015084454252,172301
10772,-1.0,36,-1019.9015084454252,172337
10773,-6.5,12,-1026.4015084454252,172349
10774,-8.441176470588236,30,-1034.8426849160135,172379
10775,-1.6078431372549025,22,-1036.4505280532683,172401
10776,2.6666666666666665,12,-1033.7838613866015,172413
10777,-1.0,16,-1034.7838613866015,172429
10778,-3.5,14,-1038.2838613866015,172443
10779,-1.3333333333333333,9,-1039.6171947199348,172452
10780,-1.0,14,-1040.6171947199348,172466
10781,0.2,7,-1040.4171947199347,172473
10782,-1.0,7,-1041.4171947199347,172480
10783,-1.0,15,-1042.4171947199347,172495
10784,2.0,29,-1040.4171947199347,172524
10785,-5.5,20,-1045.9171947199347,172544
10786,-2.333333333333333,17,-1048.250528053268,172561
10787,3.2,22,-1045.050528053268,172583
10788,0.0,3,-1045.050528053268,172586
10789,1.0,9,-1044.050528053268,172595
10790,1.0,9,-1043.050528053268,172604
10791,-9.799019607843137,52,-1052.849547661111,172656
10792,6.333333333333333,20,-1046.5162143277778,172676
10793,-2.0,26,-1048.5162143277778,172702
10794,1.4416666666666669,57,-1047.0745476611112,172759
10795,-9.362637362637363,38,-1056.4371850237485,172797
10796,-7.0,10,-1063.4371850237485,172807
10797,-14.0,19,-1077.4371850237485,172826
10798,-0.8333333333333335,11,-1078.2705183570818,172837
10799,-1.2857142857142858,7,-1079.556232642796,172844
10800,-7.666666666666667,9,-1087.2228993094627,172853
10801,-1.0,19,-1088.2228993094627,172872
10802,3.2,25,-1085.0228993094627,172897
10803,0.5,11,-1084.5228993094627,172908
10804,-1.8888888888888888,13,-1086.4117881983516,172921
10805,4.0,16,-1082.4117881983516,172937
10806,5.0,14,-1077.4117881983516,172951
10807,-2.25,29,-1079.6617881983516,172980
10808,-0.8571428571428571,11,-1080.5189310554945,172991
10809,-7.333333333333333,23,-1087.8522643888277,173014
10810,1.0,13,-1086.8522643888277,173027
10811,-2.4,26,-1089.2522643888278,173053
10812,-1.0,22,-1090.2522643888278,173075
10813,-5.0,38,-1095.2522643888278,173113
10814,-3.0,13,-1098.2522643888278,173126
10815,0.0,3,-1098.2522643888278,173129
10816,-10.333333333333332,24,-1108.585597722161,173153
10817,3.0,18,-1105.585597722161,173171
10818,5.666666666666667,20,-1099.9189310554943,173191
10819,1.3666666666666671,34,-1098.5522643888278,173225
10820,1.0,30,-1097.5522643888278,173255
10821,-4.0,15,-1101.5522643888278,173270
10822,-0.6666666666666665,19,-1102.2189310554945,173289
10823,-6.0,7,-1108.2189310554945,173296
10824,1.3928571428571428,16,-1106.8260739126374,173312
10825,-2.0,2,-1108.8260739126374,173314
10826,0.5,7,-1108.3260739126374,173321
10827,0.0,6,-1108.3260739126374,173327
10828,-0.25,5,-1108.5760739126374,173332
10829,-0.25,5,-1108.8260739126374,173337
10830,2.0,15,-1106.8260739126374,173352
10831,1.0,15,-1105.8260739126374,173367
10832,-4.666666666666667,7,-1110.4927405793042,173374
10833,2.0,23,-1108.4927405793042,173397
10834,-3.4935574229691877,34,-1111.9862980022733,173431
10835,2.0,14,-1109.9862980022733,173445
10836,1.6666666666666665,34,-1108.3196313356066,173479
10837,-0.7878787878787881,18,-1109.1075101234853,173497
10838,-4.916666666666667,20,-1114.024176790152,173517
10839,-3.5,27,-1117.524176790152,173544
10840,-1.0,21,-1118.524176790152,173565
10841,2.0,6,-1116.524176790152,173571
10842,-0.5,3,-1117.024176790152,173574
10843,0.0,7,-1117.024176790152,173581
10844,0.0,5,-1117.024176790152,173586
10845,2.6,10,-1114.4241767901522,173596
10846,0.0,9,-1114.4241767901522,173605
10847,4.2,15,-1110.2241767901521,173620
10848,-1.1823529411764706,32,-1111.4065297313286,173652
10849,-0.33333333333333326,4,-1111.739863064662,173656
10850,-2.4411764705882355,3,-1114.1810395352502,173659
10851,2.0,2,-1112.1810395352502,173661
10852,1.0,8,-1111.1810395352502,173669
10853,-0.5,20,-1111.6810395352502,173689
10854,0.0,4,-1111.6810395352502,173693
10855,0.75,6,-1110.9310395352502,173699
10856,0.0,10,-1110.9310395352502,173709
10857,0.0,5,-1110.9310395352502,173714
10858,-2.0,9,-1112.9310395352502,173723
10859,-5.0,7,-1117.9310395352502,173730
10860,-6.5,14,-1124.4310395352502,173744
10861,-0.04999999999999982,16,-1124.4810395352501,173760
10862,-4.0,7,-1128.4810395352501,173767
10863,-4.0,7,-1132.4810395352501,173774
10864,-3.333333333333333,22,-1135.8143728685834,173796
10865,-6.0,4,-1141.8143728685834,173800
10866,-6.0,8,-1147.8143728685834,173808
10867,1.5,9,-1146.3143728685834,173817
10868,0.16666666666666674,14,-1146.1477062019167,173831
10869,-3.0,7,-1149.1477062019167,173838
10870,0.0,9,-1149.1477062019167,173847
10871,0.0,2,-1149.1477062019167,173849
10872,-3.5,21,-1152.6477062019167,173870
10873,-4.25,27,-1156.8977062019167,173897
10874,-0.5,15,-1157.3977062019167,173912
10875,0.0,2,-1157.3977062019167,173914
10876,-3.666666666666667,15,-1161.0643728685834,173929
10877,0.0,2,-1161.0643728685834,173931
10878,-0.6666666666666666,9,-1161.7310395352501,173940
10879,-3.4,10,-1165.1310395352502,173950
10880,0.95,20,-1164.1810395352502,173970
10881,-0.6666666666666667,28,-1164.847706201917,173998
10882,5.2,11,-1159.647706201917,174009
10883,-2.0,8,-1161.647706201917,174017
10884,4.333333333333333,16,-1157.3143728685836,174033
10885,-6.0,7,-1163.3143728685836,174040
10886,0.2,8,-1163.1143728685836,174048
10887,1.0588235294117647,24,-1162.0555493391719,174072
10888,2.0,3,-1160.0555493391719,174075
10889,0.0,4,-1160.0555493391719,174079
10890,-2.0,5,-1162.0555493391719,174084
10891,1.0,7,-1161.0555493391719,174091
10892,2.5,6,-1158.5555493391719,174097
10893,-1.3333333333333333,7,-1159.8888826725051,174104
10894,0.0,3,-1159.8888826725051,174107
10895,0.0,2,-1159.8888826725051,174109
10896,-4.8,20,-1164.688882672505,174129
10897,-5.0,10,-1169.688882672505,174139
10898,-3.333333333333333,5,-1173.0222160058383,174144
10899,0.0,5,-1173.0222160058383,174149
10900,0.0,5,-1173.0222160058383,174154
10901,0.6666666666666667,19,-1172.3555493391716,174173
10902,7.0,41,-1165.3555493391716,174214
10903,1.0952380952380953,34,-1164.2603112439335,174248
10904,-6.0,15,-1170.2603112439335,174263
10905,-3.416666666666666,51,-1173.6769779106003,174314
10906,-6.6,30,-1180.2769779106002,174344
10907,-10.5,29,-1190.7769779106002,174373
10908,-9.810224089635854,39,-1200.587202000236,174412
10909,-11.482323232323232,35,-1212.0695252325593,174447
10910,-1.8409090909090908,40,-1213.9104343234683,174487
10911,-14.0,31,-1227.9104343234683,174518
10912,-3.5,11,-1231.4104343234683,174529
10913,0.0,5,-1231.4104343234683,174534
10914,-0.5,22,-1231.9104343234683,174556
10915,0.09999999999999998,27,-1231.8104343234684,174583
10916,-6.642857142857142,29,-1238.4532914663255,174612
10917,-6.25,22,-1244.7032914663255,174634
10918,-9.954545454545455,25,-1254.657836920871,174659
10919,-8.788888888888888,33,-1263.4467258097598,174692
10920,-1.1666666666666667,20,-1264.6133924764265,174712
10921,0.0,24,-1264.6133924764265,174736
10922,0.0,14,-1264.6133924764265,174750
10923,-5.4,25,-1270.0133924764266,174775
10924,1.5,27,-1268.5133924764266,174802
10925,3.0,20,-1265.5133924764266,174822
10926,-3.5,15,-1269.0133924764266,174837
10927,-4.833333333333333,14,-1273.8467258097598,174851
10928,-1.1666666666666665,12,-1275.0133924764266,174863
10929,2.0,11,-1273.0133924764266,174874
10930,3.5,26,-1269.5133924764266,174900
10931,4.166666666666666,24,-1265.3467258097598,174924
10932,0.0,23,-1265.3467258097598,174947
10933,-1.0,9,-1266.3467258097598,174956
10934,1.0,9,-1265.3467258097598,174965
10935,0.0,21,-1265.3467258097598,174986
10936,2.0,20,-1263.3467258097598,175006
10937,-6.0,20,-1269.3467258097598,175026
10938,3.0,7,-1266.3467258097598,175033
10939,-3.6666666666666665,6,-1270.0133924764266,175039
10940,0.0,13,-1270.0133924764266,175052
10941,0.5,35,-1269.5133924764266,175087
10942,-5.0,28,-1274.5133924764266,175115
10943,-0.10000000000000009,19,-1274.6133924764265,175134
10944,0.0,6,-1274.6133924764265,175140
10945,-3.4666666666666663,23,-1278.0800591430932,175163
10946,-1.3333333333333333,3,-1279.4133924764265,175166
10947,1.0,5,-1278.4133924764265,175171
10948,0.0,5,-1278.4133924764265,175176
10949,1.2,11,-1277.2133924764264,175187
10950,1.1,23,-1276.1133924764265,175210
10951,1.25,38,-1274.8633924764265,175248
10952,3.0,19,-1271.8633924764265,175267
10953,-1.0,22,-1272.8633924764265,175289
10954,-7.333333333333334,16,-1280.1967258097598,175305
10955,-3.6666666666666665,16,-1283.8633924764265,175321
10956,-4.708333333333334,20,-1288.5717258097598,175341
10957,0.8333333333333334,11,-1287.7383924764265,175352
10958,-10.0,18,-1297.7383924764265,175370
10959,0.5,14,-1297.2383924764265,175384
10960,-14.333333333333332,23,-1311.5717258097598,175407
10961,-3.0,32,-1314.5717258097598,175439
10962,-4.0,28,-1318.5717258097598,175467
10963,-8.25,31,-1326.8217258097598,175498
10964,-3.5,21,-1330.3217258097598,175519
10965,1.2500000000000004,49,-1329.0717258097598,175568
10966,-7.5,21,-1336.5717258097598,175589
10967,-3.6666666666666665,29,-1340.2383924764265,175618
10968,0.3333333333333335,18,-1339.9050591430932,175636
10969,-2.8333333333333335,19,-1342.7383924764265,175655
10970,0.8166666666666664,44,-1341.92172580976,175699
10971,-0.33333333333333415,36,-1342.2550591430931,175735
10972,0.0,5,-1342.2550591430931,175740
10973,-6.0,6,-1348.2550591430931,175746
10974,3.666666666666667,12,-1344.5883924764264,175758
10975,4.4,20,-1340.1883924764263,175778
10976,-3.1428571428571423,10,-1343.3312496192834,175788
10977,-17.333333333333336,38,-1360.6645829526167,175826
10978,1.3333333333333333,7,-1359.3312496192834,175833
10979,7.5,36,-1351.8312496192834,175869
10980,-2.6,15,-1354.4312496192833,175884
10981,-1.5714285714285712,29,-1356.002678190712,175913
10982,4.190476190476191,20,-1351.8122020002359,175933
10983,-1.0,6,-1352.8122020002359,175939
10984,-2.571428571428571,20,-1355.3836305716645,175959
10985,2.25,25,-1353.1336305716645,175984
10986,0.0,33,-1353.1336305716645,176017
10987,-4.333333333333333,25,-1357.4669639049978,176042
10988,-9.230158730158731,80,-1366.6971226351566,176122
10989,-2.0,5,-1368.6971226351566,176127
10990,-7.0,18,-1375.6971226351566,176145
10991,-5.0,14,-1380.6971226351566,176159
10992,1.0,15,-1379.6971226351566,176174
10993,-7.0,26,-1386.6971226351566,176200
10994,-6.25,21,-1392.9471226351566,176221
10995,-5.333333333333333,23,-1398.2804559684898,176244
10996,1.6166666666666671,18,-1396.6637893018233,176262
10997,-2.0,8,-1398.6637893018233,176270
10998,-2.2857142857142856,29,-1400.9495035875375,176299
10999,-1.25,27,-1402.1995035875375,176326
11000,0.0,1,-1402.1995035875375,176327
11001,0.0,1,-1402.1995035875375,176328
11002,0.0,11,-1402.1995035875375,176339
11003,-7.0,38,-1409.1995035875375,176377
11004,2.0,16,-1407.1995035875375,176393
11005,-1.6666666666666667,20,-1408.8661702542042,176413
11006,7.5,34,-1401.3661702542042,176447
11007,-3.0,11,-1404.3661702542042,176458
11008,1.0,12,-1403.3661702542042,176470
11009,-9.0,42,-1412.3661702542042,176512
11010,5.409090909090909,23,-1406.9570793451132,176535
11011,-7.0,37,-1413.9570793451132,176572
11012,-2.5,31,-1416.4570793451132,176603
11013,-4.000000000000001,21,-1420.4570793451132,176624
11014,-2.0,12,-1422.4570793451132,176636
11015,2.0,9,-1420.4570793451132,176645
11016,0.0,2,-1420.4570793451132,176647
11017,-6.0,19,-1426.4570793451132,176666
11018,-3.0,15,-1429.4570793451132,176681
11019,3.0,7,-1426.4570793451132,176688
11020,0.0,6,-1426.4570793451132,176694
11021,-7.5,20,-1433.9570793451132,176714
11022,3.0,5,-1430.9570793451132,176719
11023,1.0,8,-1429.9570793451132,176727
11024,-2.8,7,-1432.7570793451132,176734
11025,-2.0,5,-1434.7570793451132,176739
11026,0.5,17,-1434.2570793451132,176756
11027,-11.714285714285715,21,-1445.971365059399,176777
11028,2.0,25,-1443.971365059399,176802
11029,-2.0,6,-1445.971365059399,176808
11030,-3.5,17,-1449.471365059399,176825
11031,-2.1333333333333333,30,-1451.6046983927324,176855
11032,-4.066666666666666,9,-1455.671365059399,176864
11033,0.0,10,-1455.671365059399,176874
11034,-5.0,9,-1460.671365059399,176883
11035,2.333333333333334,38,-1458.3380317260658,176921
11036,-5.0,19,-1463.3380317260658,176940
11037,-9.666666666666668,25,-1473.0046983927325,176965
11038,3.5,21,-1469.5046983927325,176986
11039,-4.4,17,-1473.9046983927326,177003
11040,-3.5,35,-1477.4046983927326,177038
11041,8.0,18,-1469.4046983927326,177056
11042,2.0,37,-1467.4046983927326,177093
11043,-2.6666666666666665,30,-1470.0713650593993,177123
11044,-1.5,26,-1471.5713650593993,177149
11045,-3.05,34,-1474.6213650593993,177183
11046,-12.25,30,-1486.8713650593993,177213
11047,-3.25,19,-1490.1213650593993,177232
11048,1.4,35,-1488.7213650593992,177267
11049,-6.5,38,-1495.2213650593992,177305
11050,6.5,17,-1488.7213650593992,177322
11051,0.0,13,-1488.7213650593992,177335
11052,-0.7333333333333334,21,-1489.4546983927326,177356
11053,2.5,23,-1486.9546983927326,177379
11054,1.5,15,-1485.4546983927326,177394
11055,8.0,16,-1477.4546983927326,177410
11056,-4.0,14,-1481.4546983927326,177424
11057,0.0,3,-1481.4546983927326,177427
11058,0.0,9,-1481.4546983927326,177436
11059,-2.0,6,-1483.4546983927326,177442
11060,0.19999999999999996,6,-1483.2546983927325,177448
11061,3.2,6,-1480.0546983927325,177454
11062,0.7000000000000002,25,-1479.3546983927324,177479
11063,-4.5,9,-1483.8546983927324,177488
11064,7.95,19,-1475.9046983927324,177507
11065,-4.633333333333333,17,-1480.5380317260658,177524
11066,-1.0,3,-1481.5380317260658,177527
11067,0.0,4,-1481.5380317260658,177531
11068,-1.0,6,-1482.5380317260658,177537
11069,-1.0,9,-1483.5380317260658,177546
11070,-7.0,25,-1490.5380317260658,177571
11071,1.0,9,-1489.5380317260658,177580
11072,-3.166666666666667,19,-1492.7046983927326,177599
11073,6.0,24,-1486.7046983927326,177623
11074,0.0,8,-1486.7046983927326,177631
11075,-8.0,23,-1494.7046983927326,177654
11076,-0.6666666666666667,14,-1495.3713650593993,177668
11077,0.0,8,-1495.3713650593993,177676
11078,-1.0,12,-1496.3713650593993,177688
11079,9.266666666666666,30,-1487.1046983927326,177718
11080,4.1,32,-1483.0046983927327,177750
11081,-0.25,15,-1483.2546983927327,177765
11082,4.0,35,-1479.2546983927327,177800
11083,5.0,5,-1474.2546983927327,177805
11084,1.0,7,-1473.2546983927327,177812
11085,-2.0,9,-1475.2546983927327,177821
11086,3.0,7,-1472.2546983927327,177828
11087,-5.0,9,-1477.2546983927327,177837
11088,4.5,28,-1472.7546983927327,177865
11089,2.1666666666666665,26,-1470.588031726066,177891
11090,-1.0,11,-1471.588031726066,177902
11091,5.842857142857143,37,-1465.7451745832088,177939
11092,-1.5,12,-1467.2451745832088,177951
11093,0.0,9,-1467.2451745832088,177960
11094,-2.333333333333333,12,-1469.578507916542,177972
11095,1.2,13,-1468.378507916542,177985
11096,5.416666666666666,16,-1462.9618412498753,178001
11097,1.0,10,-1461.9618412498753,178011
11098,-3.0,31,-1464.9618412498753,178042
11099,-4.5,17,-1469.4618412498753,178059
11100,-3.0,14,-1472.4618412498753,178073
11101,0.0,11,-1472.4618412498753,178084
11102,-1.6666666666666667,5,-1474.128507916542,178089
11103,-1.0,5,-1475.128507916542,178094
11104,4.333333333333334,18,-1470.7951745832088,178112
11105,2.0,13,-1468.7951745832088,178125
11106,-2.0,2,-1470.7951745832088,178127
11107,-3.0,10,-1473.7951745832088,178137
11108,1.0,15,-1472.7951745832088,178152
11109,-1.6666666666666667,3,-1474.4618412498755,178155
11110,3.7,19,-1470.7618412498755,178174
11111,-9.257142857142858,26,-1480.0189841070182,178200
11112,-6.4,37,-1486.4189841070183,178237
11113,0.20000000000000018,14,-1486.2189841070183,178251
11114,3.2,6,-1483.0189841070182,178257
11115,-11.0,46,-1494.0189841070182,178303
11116,1.166666666666666,20,-1492.8523174403515,178323
11117,-0.46666666666666634,41,-1493.3189841070182,178364
11118,17.333333333333336,42,-1475.985650773685,178406
11119,3.2,12,-1472.785650773685,178418
11120,-2.0,16,-1474.785650773685,178434
11121,4.0,7,-1470.785650773685,178441
11122,2.0,4,-1468.785650773685,178445
11123,4.0,13,-1464.785650773685,178458
11124,-2.0,5,-1466.785650773685,178463
11125,-2.133333333333333,30,-1468.9189841070183,178493
11126,2.6666666666666665,28,-1466.2523174403516,178521
11127,-1.0,8,-1467.2523174403516,178529
11128,12.566666666666666,27,-1454.685650773685,178556
11129,-1.0,27,-1455.685650773685,178583
11130,-1.5,50,-1457.185650773685,178633
11131,2.0,10,-1455.185650773685,178643
11132,-3.2857142857142856,14,-1458.4713650593992,178657
11133,-5.285714285714286,11,-1463.7570793451134,178668
11134,-7.285714285714285,30,-1471.0427936308276,178698
11135,-7.0,33,-1478.0427936308276,178731
11136,-5.2745098039215685,37,-1483.3173034347492,178768
11137,8.0,48,-1475.3173034347492,178816
11138,-3.0,10,-1478.3173034347492,178826
11139,0,0,-1478.3173034347492,178826
11140,0,0,-1478.3173034347492,178826
11141,2.333333333333333,20,-1475.983970101416,178846
11142,0,0,-1475.983970101416,178846
11143,0,0,-1475.983970101416,178846
11144,0,0,-1475.983970101416,178846
11145,-4.5,11,-1480.483970101416,178857
11146,0.0,15,-1480.483970101416,178872
11147,-1.8214285714285714,10,-1482.3053986728446,178882
11148,-0.5714285714285714,16,-1482.8768272442733,178898
11149,-0.9523809523809523,16,-1483.8292081966542,178914
11150,0.5,45,-1483.3292081966542,178959
11151,-10.0,14,-1493.3292081966542,178973
11152,-2.0,17,-1495.3292081966542,178990
11153,-2.0,12,-1497.3292081966542,179002
11154,-2.6666666666666665,10,-1499.995874863321,179012
11155,11.799999999999999,29,-1488.195874863321,179041
11156,6.75,41,-1481.445874863321,179082
11157,2.666666666666667,17,-1478.7792081966543,179099
11158,-6.25,8,-1485.0292081966543,179107
11159,-1.333333333333333,32,-1486.3625415299875,179139
11160,0.75,20,-1485.6125415299875,179159
11161,-3.466666666666666,25,-1489.0792081966542,179184
11162,-2.0,16,-1491.0792081966542,179200
11163,-6.0,30,-1497.0792081966542,179230
11164,-3.25,23,-1500.3292081966542,179253
11165,1.3333333333333335,27,-1498.995874863321,179280
11166,-10.0,31,-1508.995874863321,179311
11167,1.9999999999999996,47,-1506.995874863321,179358
11168,-7.5,13,-1514.495874863321,179371
11169,-3.777777777777778,36,-1518.2736526410988,179407
11170,0.6000000000000001,11,-1517.673652641099,179418
11171,-5.9,33,-1523.573652641099,179451
11172,-4.587878787878788,51,-1528.1615314289777,179502
11173,-5.633333333333333,32,-1533.7948647623111,179534
11174,-4.0,8,-1537.7948647623111,179542
11175,4.5,12,-1533.2948647623111,179554
11176,-1.8,7,-1535.094864762311,179561
11177,6.616666666666667,24,-1528.4781980956445,179585
11178,0.20000000000000018,36,-1528.2781980956445,179621
11179,2.6666666666666665,11,-1525.6115314289777,179632
11180,0.0,9,-1525.6115314289777,179641
11181,-0.33333333333333326,8,-1525.944864762311,179649
11182,-1.0,21,-1526.944864762311,179670
11183,1.0,17,-1525.944864762311,179687
11184,4.333333333333333,13,-1521.6115314289777,179700
11185,1.0,14,-1520.6115314289777,179714
11186,5.166666666666667,29,-1515.444864762311,179743
11187,3.1666666666666665,27,-1512.2781980956443,179770
11188,1.5,18,-1510.7781980956443,179788
11189,3.0,8,-1507.7781980956443,179796
11190,-5.4,17,-1513.1781980956443,179813
11191,3.833333333333333,50,-1509.344864762311,179863
11192,0.0,12,-1509.344864762311,179875
11193,1.2,18,-1508.144864762311,179893
11194,0.75,25,-1507.394864762311,179918
11195,3.0,9,-1504.394864762311,179927
11196,7.142857142857142,15,-1497.252007619454,179942
11197,-1.75,15,-1499.002007619454,179957
11198,-3.0,12,-1502.002007619454,179969
11199,-4.0,5,-1506.002007619454,179974
11200,0.25,20,-1505.752007619454,179994
11201,0.75,22,-1505.002007619454,180016
11202,1.0,7,-1504.002007619454,180023
11203,3.0,30,-1501.002007619454,180053
11204,-1.8333333333333335,20,-1502.8353409527872,180073
11205,-1.25,26,-1504.0853409527872,180099
11206,0.0,8,-1504.0853409527872,180107
11207,2.0,4,-1502.0853409527872,180111
11208,0.0,5,-1502.0853409527872,180116
11209,-5.333333333333333,31,-1507.4186742861204,180147
11210,-8.416666666666668,22,-1515.8353409527872,180169
11211,6.083333333333334,22,-1509.752007619454,180191
11212,-5.5,31,-1515.252007619454,180222
11213,0.0,11,-1515.252007619454,180233
11214,-6.0,14,-1521.252007619454,180247
11215,-10.241176470588236,65,-1531.4931840900422,180312
11216,-7.166666666666667,29,-1538.659850756709,180341
11217,-10.333333333333334,27,-1548.9931840900422,180368
11218,-1.3333333333333335,26,-1550.3265174233754,180394
11219,-2.0,18,-1552.3265174233754,180412
11220,-11.49047619047619,34,-1563.8169936138515,180446
11221,0.0,2,-1563.8169936138515,180448
11222,1.666666666666666,44,-1562.1503269471848,180492
11223,-6.4,30,-1568.5503269471849,180522
11224,-1.0,4,-1569.5503269471849,180526
11225,-3.8161764705882355,21,-1573.3665034177732,180547
11226,-1.0,6,-1574.3665034177732,180553
11227,-1.0,12,-1575.3665034177732,180565
11228,0.34615384615384626,20,-1575.0203495716194,180585
11229,1.7333333333333334,25,-1573.287016238286,180610
11230,-2.0,19,-1575.287016238286,180629
11231,2.8461538461538463,12,-1572.4408623921322,180641
11232,8.333333333333332,35,-1564.107529058799,180676
11233,0.0,3,-1564.107529058799,180679
11234,-5.0,26,-1569.107529058799,180705
11235,-2.375,5,-1571.482529058799,180710
11236,2.0,3,-1569.482529058799,180713
11237,12.40909090909091,39,-1557.073438149708,180752
11238,-4.0,13,-1561.073438149708,180765
11239,1.0,7,-1560.073438149708,180772
11240,0.1428571428571428,7,-1559.9305810068508,180779
11241,0.0,10,-1559.9305810068508,180789
11242,-5.0,24,-1564.9305810068508,180813
11243,-0.15384615384615374,26,-1565.084427160697,180839
11244,-2.0,4,-1567.084427160697,180843
11245,0.0,15,-1567.084427160697,180858
11246,2.0,12,-1565.084427160697,180870
11247,-7.033333333333333,25,-1572.1177604940303,180895
11248,-4.5,19,-1576.6177604940303,180914
11249,1.0,11,-1575.6177604940303,180925
11250,-9.107843137254902,40,-1584.7256036312851,180965
11251,0.8333333333333335,24,-1583.8922702979519,180989
11252,-2.0,4,-1585.8922702979519,180993
11253,0.0,1,-1585.8922702979519,180994
11254,-3.0,5,-1588.8922702979519,180999
11255,-1.0,15,-1589.8922702979519,181014
11256,4.016666666666666,60,-1585.8756036312852,181074
11257,-4.8,40,-1590.6756036312852,181114
11258,-2.0,1,-1592.6756036312852,181115
11259,0.0,3,-1592.6756036312852,181118
11260,-2.0,4,-1594.6756036312852,181122
11261,-1.0,8,-1595.6756036312852,181130
11262,6.166666666666667,31,-1589.5089369646184,181161
11263,0.20000000000000018,30,-1589.3089369646184,181191
11264,-5.0,12,-1594.3089369646184,181203
11265,-15.000000000000002,23,-1609.3089369646184,181226
11266,-0.2857142857142856,42,-1609.5946512503326,181268
11267,-4.383333333333333,34,-1613.977984583666,181302
11268,0.3333333333333333,7,-1613.6446512503328,181309
11269,5.5,30,-1608.1446512503328,181339
11270,2.0,6,-1606.1446512503328,181345
11271,1.0,5,-1605.1446512503328,181350
11272,0.0,6,-1605.1446512503328,181356
11273,3.0,7,-1602.1446512503328,181363
11274,-6.0,24,-1608.1446512503328,181387
11275,-2.0,16,-1610.1446512503328,181403
11276,5.5,47,-1604.6446512503328,181450
11277,0.0,1,-1604.6446512503328,181451
11278,0.0,1,-1604.6446512503328,181452
11279,-8.0,20,-1612.6446512503328,181472
11280,0.0,1,-1612.6446512503328,181473
11281,-2.7333333333333334,33,-1615.3779845836661,181506
11282,-2.0,5,-1617.3779845836661,181511
11283,-0.16666666666666652,6,-1617.544651250333,181517
11284,-6.333333333333333,22,-1623.8779845836661,181539
11285,0,0,-1623.8779845836661,181539
11286,0,0,-1623.8779845836661,181539
11287,0,0,-1623.8779845836661,181539
11288,1.8695652173913044,12,-1622.008419366275,181551
11289,-0.42105263157894735,10,-1622.4294719978539,181561
11290,-2.0,4,-1624.4294719978539,181565
11291,2.0,4,-1622.4294719978539,181569
11292,1.0,7,-1621.4294719978539,181576
11293,0.0,3,-1621.4294719978539,181579
11294,-0.75,9,-1622.1794719978539,181588
11295,-7.0,29,-1629.1794719978539,181617
11296,-4.454545454545456,23,-1633.6340174523993,181640
11297,-4.833333333333333,9,-1638.4673507857326,181649
11298,-10.854545454545455,16,-1649.321896240278,181665
11299,-3.25,13,-1652.571896240278,181678
11300,2.5,18,-1650.071896240278,181696
11301,-2.0,6,-1652.071896240278,181702
11302,1.0,10,-1651.071896240278,181712
11303,0.0,5,-1651.071896240278,181717
11304,-2.5,11,-1653.571896240278,181728
11305,1.75,12,-1651.821896240278,181740
11306,1.55,14,-1650.271896240278,181754
11307,-2.3333333333333335,16,-1652.6052295736113,181770
11308,-5.0,25,-1657.6052295736113,181795
11309,-1.25,7,-1658.8552295736113,181802
11310,-1.8,12,-1660.6552295736112,181814
11311,2.416666666666667,7,-1658.2385629069445,181821
11312,-3.5,6,-1661.7385629069445,181827
11313,-1.0,7,-1662.7385629069445,181834
11314,-0.8333333333333333,5,-1663.5718962402777,181839
11315,-3.0,4,-1666.5718962402777,181843
11316,3.3333333333333335,15,-1663.2385629069445,181858
11317,4.666666666666667,10,-1658.5718962402777,181868
11318,2.0,16,-1656.5718962402777,181884
11319,-6.583333333333333,31,-1663.155229573611,181915
11320,-3.333333333333333,12,-1666.4885629069443,181927
11321,0.0,6,-1666.4885629069443,181933
11322,-2.0,14,-1668.4885629069443,181947
11323,1.8666666666666667,11,-1666.6218962402777,181958
11324,-3.0,21,-1669.6218962402777,181979
11325,0.7142857142857144,14,-1668.907610525992,181993
11326,1.0,9,-1667.907610525992,182002
11327,-4.5,16,-1672.407610525992,182018
11328,0.3333333333333333,5,-1672.0742771926587,182023
11329,2.0,6,-1670.0742771926587,182029
11330,-2.7857142857142856,13,-1672.8599914783729,182042
11331,3.166666666666667,4,-1669.6933248117061,182046
11332,0.0,6,-1669.6933248117061,182052
11333,2.0,31,-1667.6933248117061,182083
11334,0.0,15,-1667.6933248117061,182098
11335,-0.5,16,-1668.1933248117061,182114
11336,4.0,3,-1664.1933248117061,182117
11337,-2.5,8,-1666.6933248117061,182125
11338,3.5333333333333337,12,-1663.1599914783728,182137
11339,0.0,8,-1663.1599914783728,182145
11340,3.0,12,-1660.1599914783728,182157
11341,-0.8,20,-1660.9599914783728,182177
11342,2.0,11,-1658.9599914783728,182188
11343,0.0,1,-1658.9599914783728,182189
11344,-1.0,7,-1659.9599914783728,182196
11345,0.0,2,-1659.9599914783728,182198
11346,-4.666666666666666,20,-1664.6266581450395,182218
11347,12.7,91,-1651.9266581450395,182309
11348,0.0,2,-1651.9266581450395,182311
11349,1.75,7,-1650.1766581450395,182318
11350,-2.0,8,-1652.1766581450395,182326
11351,0.0,4,-1652.1766581450395,182330
11352,2.0,10,-1650.1766581450395,182340
11353,3.5,12,-1646.6766581450395,182352
11354,0.0,9,-1646.6766581450395,182361
11355,-1.6666666666666667,12,-1648.3433248117062,182373
11356,-5.6,10,-1653.9433248117061,182383
11357,2.0,9,-1651.9433248117061,182392
11358,-2.7666666666666666,20,-1654.7099914783728,182412
11359,-2.5,6,-1657.2099914783728,182418
11360,-0.6857142857142855,25,-1657.895705764087,182443
11361,-9.285714285714285,20,-1667.1814200498013,182463
11362,-1.0,13,-1668.1814200498013,182476
11363,-2.0,13,-1670.1814200498013,182489
11364,-4.333333333333333,6,-1674.5147533831346,182495
11365,2.3333333333333335,12,-1672.1814200498013,182507
11366,-2.0,12,-1674.1814200498013,182519
11367,2.2142857142857144,29,-1671.9671343355155,182548
11368,0.7142857142857144,28,-1671.2528486212298,182576
11369,-2.333333333333333,45,-1673.586181954563,182621
11370,-3.090909090909091,17,-1676.677091045472,182638
11371,3.0999999999999996,18,-1673.5770910454721,182656
11372,-1.0,5,-1674.5770910454721,182661
11373,2.9,32,-1671.677091045472,182693
11374,1.842857142857143,38,-1669.8342339026149,182731
11375,10.0,26,-1659.8342339026149,182757
11376,-2.333333333333333,9,-1662.1675672359481,182766
11377,-3.0,8,-1665.1675672359481,182774
11378,1.0,11,-1664.1675672359481,182785
11379,-4.285714285714286,22,-1668.4532815216623,182807
11380,2.2,9,-1666.2532815216623,182816
11381,8.5,27,-1657.7532815216623,182843
11382,-5.75,28,-1663.5032815216623,182871
11383,1.0,8,-1662.5032815216623,182879
11384,3.2,20,-1659.3032815216623,182899
11385,-7.0,15,-1666.3032815216623,182914
11386,-14.223809523809523,32,-1680.5270910454717,182946
11387,-3.000000000000001,25,-1683.5270910454717,182971
11388,-6.0,22,-1689.5270910454717,182993
11389,-3.4,11,-1692.9270910454718,183004
11390,2.5,16,-1690.4270910454718,183020
11391,-6.666666666666666,34,-1697.0937577121385,183054
11392,-0.5,19,-1697.5937577121385,183073
11393,5.0,10,-1692.5937577121385,183083
11394,-3.0,17,-1695.5937577121385,183100
11395,2.0,21,-1693.5937577121385,183121
11396,-5.454545454545455,41,-1699.048303166684,183162
11397,0.6666666666666665,33,-1698.3816365000173,183195
11398,2.5,18,-1695.8816365000173,183213
11399,3.0588235294117645,20,-1692.8228129706056,183233
11400,-3.0,6,-1695.8228129706056,183239
11401,0.0,6,-1695.8228129706056,183245
11402,-3.0,27,-1698.8228129706056,183272
11403,1.5,11,-1697.3228129706056,183283
11404,8.5,23,-1688.8228129706056,183306
11405,1.0,4,-1687.8228129706056,183310
11406,-4.0,15,-1691.8228129706056,183325
11407,1.3333333333333335,21,-1690.4894796372723,183346
11408,-3.0,35,-1693.4894796372723,183381
11409,0.0,23,-1693.4894796372723,183404
11410,10.0,28,-1683.4894796372723,183432
11411,4.0,26,-1679.4894796372723,183458
11412,-0.5,14,-1679.9894796372723,183472
11413,3.25,28,-1676.7394796372723,183500
11414,-6.666666666666666,18,-1683.406146303939,183518
11415,0.0,24,-1683.406146303939,183542
11416,-1.5,36,-1684.906146303939,183578
11417,-2.0,20,-1686.906146303939,183598
11418,-3.0,24,-1689.906146303939,183622
11419,1.0,26,-1688.906146303939,183648
11420,2.0,21,-1686.906146303939,183669
11421,-18.333333333333336,35,-1705.2394796372723,183704
11422,-10.333333333333332,34,-1715.5728129706056,183738
11423,0.0,31,-1715.5728129706056,183769
11424,7.055555555555555,43,-1708.51725741505,183812
11425,2.0,13,-1706.51725741505,183825
11426,3.0,7,-1703.51725741505,183832
11427,-1.0,6,-1704.51725741505,183838
11428,4.323232323232323,23,-1700.1940250918176,183861
11429,-0.75,13,-1700.9440250918176,183874
11430,-0.25,5,-1701.1940250918176,183879
11431,0.0,5,-1701.1940250918176,183884
11432,-2.0,5,-1703.1940250918176,183889
11433,-5.5,27,-1708.6940250918176,183916
11434,4.0,5,-1704.6940250918176,183921
11435,1.0,27,-1703.6940250918176,183948
11436,11.5,35,-1692.1940250918176,183983
11437,1.2000000000000002,14,-1690.9940250918175,183997
11438,-2.5,15,-1693.4940250918175,184012
11439,-1.0,4,-1694.4940250918175,184016
11440,0.0,11,-1694.4940250918175,184027
11441,0.9166666666666667,22,-1693.5773584251508,184049
11442,-3.7333333333333334,8,-1697.3106917584842,184057
11443,0.0,6,-1697.3106917584842,184063
11444,-0.8333333333333333,27,-1698.1440250918174,184090
11445,1.0,8,-1697.1440250918174,184098
11446,-1.3714285714285712,31,-1698.515453663246,184129
11447,-2.0,2,-1700.515453663246,184131
11448,1.0,6,-1699.515453663246,184137
11449,9.0,9,-1690.515453663246,184146
11450,0.16666666666666674,19,-1690.3487869965793,184165
11451,-6.166666666666667,30,-1696.515453663246,184195
11452,-1.5,2,-1698.015453663246,184197
11453,3.0,13,-1695.015453663246,184210
11454,2.0,15,-1693.015453663246,184225
11455,-3.0,13,-1696.015453663246,184238
11456,3.0,10,-1693.015453663246,184248
11457,-3.0,10,-1696.015453663246,184258
11458,-2.9411764705882355,27,-1698.9566301338343,184285
11459,-0.33333333333333326,13,-1699.2899634671676,184298
11460,1.6666666666666667,15,-1697.6232968005008,184313
11461,0.0,9,-1697.6232968005008,184322
11462,-3.0,14,-1700.6232968005008,184336
11463,0.0,1,-1700.6232968005008,184337
11464,0.0,2,-1700.6232968005008,184339
11465,-9.0,12,-1709.6232968005008,184351
11466,3.0,4,-1706.6232968005008,184355
11467,1.0,3,-1705.6232968005008,184358
11468,2.0,4,-1703.6232968005008,184362
11469,-1.0,3,-1704.6232968005008,184365
11470,3.2,8,-1701.4232968005008,184373
11471,-3.25,42,-1704.6732968005008,184415
11472,-3.0,21,-1707.6732968005008,184436
11473,2.3333333333333335,8,-1705.3399634671675,184444
11474,-1.0,3,-1706.3399634671675,184447
11475,5.0,27,-1701.3399634671675,184474
11476,-4.0,13,-1705.3399634671675,184487
11477,4.2,24,-1701.1399634671675,184511
11478,1.4333333333333336,26,-1699.706630133834,184537
11479,0.0,20,-1699.706630133834,184557
11480,-3.5,4,-1703.206630133834,184561
11481,0.0,5,-1703.206630133834,184566
11482,-0.25,7,-1703.456630133834,184573
11483,-4.666666666666666,36,-1708.1232968005008,184609
11484,-2.0,2,-1710.1232968005008,184611
11485,0.0,1,-1710.1232968005008,184612
11486,0.6666666666666665,16,-1709.456630133834,184628
11487,-13.166666666666666,19,-1722.6232968005008,184647
11488,-2.55,21,-1725.1732968005008,184668
11489,0.0,3,-1725.1732968005008,184671
11490,-1.6666666666666667,8,-1726.8399634671675,184679
11491,0.0,7,-1726.8399634671675,184686
11492,1.5,10,-1725.3399634671675,184696
11493,-1.5,8,-1726.8399634671675,184704
11494,4.0,45,-1722.8399634671675,184749
11495,6.0,17,-1716.8399634671675,184766
11496,-0.4285714285714286,20,-1717.2685348957389,184786
11497,-3.0,7,-1720.2685348957389,184793
11498,0.0,11,-1720.2685348957389,184804
11499,-3.0,14,-1723.2685348957389,184818
11500,0.75,13,-1722.5185348957389,184831
11501,0.25,23,-1722.2685348957389,184854
11502,0,0,-1722.2685348957389,184854
11503,0,0,-1722.2685348957389,184854
11504,0,0,-1722.2685348957389,184854
11505,0.5,8,-1721.7685348957389,184862
11506,0.0,7,-1721.7685348957389,184869
11507,1.5,14,-1720.2685348957389,184883
11508,2.0,6,-1718.2685348957389,184889
11509,-3.5,10,-1721.7685348957389,184899
11510,-5.0,36,-1726.7685348957389,184935
11511,0.0,7,-1726.7685348957389,184942
11512,0.16666666666666674,28,-1726.6018682290721,184970
11513,-0.5,29,-1727.1018682290721,184999
11514,6.0,28,-1721.1018682290721,185027
11515,3.2,9,-1717.901868229072,185036
11516,-2.5,5,-1720.401868229072,185041
11517,3.95,17,-1716.451868229072,185058
11518,-1.3333333333333333,6,-1717.7852015624053,185064
11519,-3.25,28,-1721.0352015624053,185092
11520,2.0,27,-1719.0352015624053,185119
11521,-2.0,6,-1721.0352015624053,185125
11522,6.2,13,-1714.8352015624052,185138
11523,0.0,23,-1714.8352015624052,185161
11524,3.0,11,-1711.8352015624052,185172
11525,2.0,10,-1709.8352015624052,185182
11526,4.878787878787878,43,-1704.9564136836173,185225
11527,0.0,5,-1704.9564136836173,185230
11528,0.0,5,-1704.9564136836173,185235
11529,3.0,5,-1701.9564136836173,185240
11530,0.0,4,-1701.9564136836173,185244
11531,-2.571428571428571,15,-1704.527842255046,185259
11532,-4.0,9,-1708.527842255046,185268
11533,-1.8,9,-1710.3278422550459,185277
11534,0.19999999999999996,12,-1710.1278422550458,185289
11535,0.0,8,-1710.1278422550458,185297
11536,-1.3333333333333335,6,-1711.461175588379,185303
11537,5.333333333333333,13,-1706.1278422550458,185316
11538,-0.5,25,-1706.6278422550458,185341
11539,2.666666666666667,17,-1703.961175588379,185358
11540,2.1666666666666665,16,-1701.7945089217123,185374
11541,-2.0,12,-1703.7945089217123,185386
11542,2.333333333333333,5,-1701.461175588379,185391
11543,3.5,17,-1697.961175588379,185408
11544,-2.0,14,-1699.961175588379,185422
11545,-3.0,6,-1702.961175588379,185428
11546,1.0,18,-1701.961175588379,185446
11547,-3.0,5,-1704.961175588379,185451
11548,-3.0,4,-1707.961175588379,185455
11549,-1.0,7,-1708.961175588379,185462
11550,0.0,13,-1708.961175588379,185475
11551,0.0,3,-1708.961175588379,185478
11552,0.0,6,-1708.961175588379,185484
11553,0.0,4,-1708.961175588379,185488
11554,2.0,2,-1706.961175588379,185490
11555,-2.0,3,-1708.961175588379,185493
11556,-3.0,17,-1711.961175588379,185510
11557,-2.125,7,-1714.086175588379,185517
11558,3.0,11,-1711.086175588379,185528
11559,7.933333333333334,15,-1703.1528422550457,185543
11560,-2.0,9,-1705.1528422550457,185552
11561,-7.0,15,-1712.1528422550457,185567
11562,-5.0,35,-1717.1528422550457,185602
11563,-2.333333333333333,12,-1719.486175588379,185614
11564,-11.75,32,-1731.236175588379,185646
11565,-5.0,30,-1736.236175588379,185676
11566,-0.5,18,-1736.736175588379,185694
11567,-7.75,33,-1744.486175588379,185727
11568,-9.166666666666666,12,-1753.6528422550457,185739
11569,-0.75,11,-1754.4028422550457,185750
11570,2.0,5,-1752.4028422550457,185755
11571,1.0,7,-1751.4028422550457,185762
11572,-0.5,8,-1751.9028422550457,185770
11573,1.2,6,-1750.7028422550457,185776
11574,1.75,13,-1748.9528422550457,185789
11575,0.0,5,-1748.9528422550457,185794
11576,1.0,1,-1747.9528422550457,185795
11577,0.0,6,-1747.9528422550457,185801
11578,0.0,12,-1747.9528422550457,185813
11579,2.2,16,-1745.7528422550456,185829
11580,0.0,6,-1745.7528422550456,185835
11581,2.0,7,-1743.7528422550456,185842
11582,-0.33333333333333326,13,-1744.0861755883789,185855
11583,-3.6666666666666665,6,-1747.7528422550456,185861
11584,-0.4,22,-1748.1528422550457,185883
11585,1.0,5,-1747.1528422550457,185888
11586,9.5,34,-1737.6528422550457,185922
11587,-3.0,25,-1740.6528422550457,185947
11588,-12.521428571428572,49,-1753.1742708264742,185996
11589,-2.25,22,-1755.4242708264742,186018
11590,-8.0,27,-1763.4242708264742,186045
11591,-5.0,13,-1768.4242708264742,186058
11592,1.0,17,-1767.4242708264742,186075
11593,8.5,21,-1758.9242708264742,186096
11594,-14.0,34,-1772.9242708264742,186130
11595,-5.0,14,-1777.9242708264742,186144
11596,0.0,16,-1777.9242708264742,186160
11597,4.4,5,-1773.524270826474,186165
11598,7.071428571428571,37,-1766.4528422550454,186202
11599,-0.25,29,-1766.7028422550454,186231
11600,-0.44444444444444464,21,-1767.1472866994898,186252
11601,-6.0,16,-1773.1472866994898,186268
11602,0.0,4,-1773.1472866994898,186272
11603,-0.33333333333333326,19,-1773.480620032823,186291
11604,3.6666666666666665,15,-1769.8139533661563,186306
11605,2.5,17,-1767.3139533661563,186323
11606,-2.05,23,-1769.3639533661562,186346
11607,0,0,-1769.3639533661562,186346
11608,0,0,-1769.3639533661562,186346
11609,0,0,-1769.3639533661562,186346
11610,0.3333333333333333,7,-1769.030620032823,186353
11611,-1.0,4,-1770.030620032823,186357
11612,0,0,-1770.030620032823,186357
11613,0,0,-1770.030620032823,186357
11614,0,0,-1770.030620032823,186357
11615,-3.3,35,-1773.330620032823,186392
11616,-0.75,20,-1774.080620032823,186412
11617,-6.0,20,-1780.080620032823,186432
11618,0,0,-1780.080620032823,186432
11619,0,0,-1780.080620032823,186432
11620,0,0,-1780.080620032823,186432
11621,5.0,13,-1775.080620032823,186445
11622,0,0,-1775.080620032823,186445
11623,0,0,-1775.080620032823,186445
11624,0,0,-1775.080620032823,186445
11625,-7.5,24,-1782.580620032823,186469
11626,0.5,3,-1782.080620032823,186472
11627,-2.571428571428571,18,-1784.6520486042516,186490
11628,11.892857142857142,24,-1772.7591914613945,186514
11629,2.25,8,-1770.5091914613945,186522
11630,-5.133333333333333,14,-1775.642524794728,186536
11631,1.0,7,-1774.642524794728,186543
11632,0,0,-1774.642524794728,186543
11633,0,0,-1774.642524794728,186543
11634,0,0,-1774.642524794728,186543
11635,-6.0,11,-1780.642524794728,186554
11636,-3.0,4,-1783.642524794728,186558
11637,-0.5,2,-1784.142524794728,186560
11638,1.0,18,-1783.142524794728,186578
11639,-3.0,4,-1786.142524794728,186582
11640,0.0,12,-1786.142524794728,186594
11641,3.5,32,-1782.642524794728,186626
11642,8.666666666666666,23,-1773.9758581280612,186649
11643,5.0,18,-1768.9758581280612,186667
11644,-4.0,31,-1772.9758581280612,186698
11645,2.166666666666667,13,-1770.8091914613944,186711
11646,-2.25,36,-1773.0591914613944,186747
11647,3.0,25,-1770.0591914613944,186772
11648,11.0,45,-1759.0591914613944,186817
11649,4.733333333333333,29,-1754.325858128061,186846
11650,-0.3333333333333335,24,-1754.6591914613944,186870
11651,-0.8166666666666667,30,-1755.475858128061,186900
11652,-2.0,5,-1757.475858128061,186905
11653,6.416666666666668,34,-1751.0591914613942,186939
11654,-1.9411764705882353,24,-1753.0003679319825,186963
11655,1.0,23,-1752.0003679319825,186986
11656,-4.0,17,-1756.0003679319825,187003
11657,-0.5,19,-1756.5003679319825,187022
11658,3.0,15,-1753.5003679319825,187037
11659,0.5,35,-1753.0003679319825,187072
11660,2.9,15,-1750.1003679319824,187087
11661,-4.0,10,-1754.1003679319824,187097
11662,-2.0,14,-1756.1003679319824,187111
11663,-0.023809523809523725,31,-1756.124177455792,187142
11664,1.1,17,-1755.0241774557921,187159
11665,-5.0,15,-1760.0241774557921,187174
11666,-3.1666666666666665,40,-1763.1908441224589,187214
11667,2.0,13,-1761.1908441224589,187227
11668,2.5,17,-1758.6908441224589,187244
11669,1.7000000000000002,27,-1756.9908441224588,187271
11670,-11.5,28,-1768.4908441224588,187299
11671,-1.0,5,-1769.4908441224588,187304
11672,4.5,10,-1764.9908441224588,187314
11673,-3.4,5,-1768.390844122459,187319
11674,1.25,10,-1767.140844122459,187329
11675,-0.5,7,-1767.640844122459,187336
11676,-1.0,25,-1768.640844122459,187361
11677,0.0,16,-1768.640844122459,187377
11678,0.0,3,-1768.640844122459,187380
11679,0.0,6,-1768.640844122459,187386
11680,-3.4,6,-1772.040844122459,187392
11681,2.1,13,-1769.940844122459,187405
11682,-3.424242424242424,12,-1773.3650865467016,187417
11683,-8.0,12,-1781.3650865467016,187429
11684,2.0,8,-1779.3650865467016,187437
11685,-2.5,8,-1781.8650865467016,187445
11686,2.2,14,-1779.6650865467016,187459
11687,3.0,13,-1776.6650865467016,187472
11688,6.75,36,-1769.9150865467016,187508
11689,-6.999999999999999,32,-1776.9150865467016,187540
11690,0.0,13,-1776.9150865467016,187553
11691,3.666666666666667,22,-1773.2484198800348,187575
11692,-4.0,12,-1777.2484198800348,187587
11693,2.333333333333333,29,-1774.9150865467016,187616
11694,-6.3,21,-1781.2150865467015,187637
11695,7.25,18,-1773.9650865467015,187655
11696,9.516666666666666,41,-1764.4484198800349,187696
11697,0.0,6,-1764.4484198800349,187702
11698,0.7000000000000002,26,-1763.7484198800348,187728
11699,2.0,9,-1761.7484198800348,187737
11700,0.0,13,-1761.7484198800348,187750
11701,-7.3,31,-1769.0484198800348,187781
11702,4.245454545454545,17,-1764.8029653345802,187798
11703,-0.023809523809523725,36,-1764.8267748583899,187834
11704,3.428571428571429,18,-1761.3982034298185,187852
11705,5.0,5,-1756.3982034298185,187857
11706,7.0,15,-1749.3982034298185,187872
11707,5.0,14,-1744.3982034298185,187886
11708,1.0,10,-1743.3982034298185,187896
11709,-1.5,14,-1744.8982034298185,187910
11710,4.0,14,-1740.8982034298185,187924
11711,1.0,5,-1739.8982034298185,187929
11712,2.0,3,-1737.8982034298185,187932
11713,-4.666666666666667,8,-1742.5648700964853,187940
11714,0.0,5,-1742.5648700964853,187945
11715,-6.65,42,-1749.2148700964854,187987
11716,4.0,9,-1745.2148700964854,187996
11717,4.166666666666668,35,-1741.0482034298186,188031
11718,2.0,15,-1739.0482034298186,188046
11719,4.333333333333333,32,-1734.7148700964854,188078
11720,6.0,44,-1728.7148700964854,188122
11721,3.0,7,-1725.7148700964854,188129
11722,0,0,-1725.7148700964854,188129
11723,0,0,-1725.7148700964854,188129
11724,0,0,-1725.7148700964854,188129
11725,2.0,25,-1723.7148700964854,188154
11726,3.0,2,-1720.7148700964854,188156
11727,3.0,15,-1717.7148700964854,188171
11728,-3.0,11,-1720.7148700964854,188182
11729,0.0,12,-1720.7148700964854,188194
11730,3.5,12,-1717.2148700964854,188206
11731,-4.0,7,-1721.2148700964854,188213
11732,0.0,11,-1721.2148700964854,188224
11733,2.0,4,-1719.2148700964854,188228
11734,-3.5,6,-1722.7148700964854,188234
11735,1.5,21,-1721.2148700964854,188255
11736,-2.0,5,-1723.2148700964854,188260
11737,1.5,34,-1721.7148700964854,188294
11738,-2.0,38,-1723.7148700964854,188332
11739,-4.0,9,-1727.7148700964854,188341
11740,2.0,5,-1725.7148700964854,188346
11741,4.057142857142857,28,-1721.6577272393424,188374
11742,2.0,3,-1719.6577272393424,188377
11743,0.0,5,-1719.6577272393424,188382
11744,4.166666666666666,29,-1715.4910605726757,188411
11745,0.0,1,-1715.4910605726757,188412
11746,1.3333333333333335,19,-1714.1577272393424,188431
11747,-6.4,32,-1720.5577272393425,188463
11748,3.0,37,-1717.5577272393425,188500
11749,0.75,25,-1716.8077272393425,188525
11750,2.0,4,-1714.8077272393425,188529
11751,1.0,3,-1713.8077272393425,188532
11752,-1.0,3,-1714.8077272393425,188535
11753,-3.8333333333333335,22,-1718.6410605726758,188557
11754,0.33333333333333326,28,-1718.3077272393425,188585
11755,-0.4333333333333331,36,-1718.741060572676,188621
11756,-4.571428571428571,20,-1723.3124891441046,188641
11757,-5.0,8,-1728.3124891441046,188649
11758,-0.9411764705882355,12,-1729.2536656146929,188661
11759,1.75,7,-1727.5036656146929,188668
11760,0.0,1,-1727.5036656146929,188669
11761,0.0,3,-1727.5036656146929,188672
11762,0.0,7,-1727.5036656146929,188679
11763,1.0,3,-1726.5036656146929,188682
11764,-3.666666666666667,9,-1730.1703322813596,188691
11765,-14.833333333333332,34,-1745.0036656146929,188725
11766,0.0,18,-1745.0036656146929,188743
11767,-3.0,5,-1748.0036656146929,188748
11768,-2.0,5,-1750.0036656146929,188753
11769,0.0,8,-1750.0036656146929,188761
11770,-3.0,3,-1753.0036656146929,188764
11771,-3.6666666666666665,6,-1756.6703322813596,188770
11772,-6.857142857142858,24,-1763.5274751385025,188794
11773,0.0,2,-1763.5274751385025,188796
11774,-2.0,3,-1765.5274751385025,188799
11775,0.2,11,-1765.3274751385025,188810
11776,0.2333333333333334,22,-1765.094141805169,188832
11777,-5.688888888888889,18,-1770.783030694058,188850
11778,0.0,10,-1770.783030694058,188860
11779,0.0,8,-1770.783030694058,188868
11780,0.0,9,-1770.783030694058,188877
11781,-2.8,9,-1773.583030694058,188886
11782,0.0,5,-1773.583030694058,188891
11783,-8.5,19,-1782.083030694058,188910
11784,1.6666666666666667,5,-1780.4163640273912,188915
11785,0.0,5,-1780.4163640273912,188920
11786,0.0,4,-1780.4163640273912,188924
11787,0.0,3,-1780.4163640273912,188927
11788,0.0,2,-1780.4163640273912,188929
11789,0.0,2,-1780.4163640273912,188931
11790,0.0,2,-1780.4163640273912,188933
11791,0.0,5,-1780.4163640273912,188938
11792,4.0,7,-1776.4163640273912,188945
11793,-3.3333333333333335,19,-1779.7496973607244,188964
11794,0.0,5,-1779.7496973607244,188969
11795,0.0,2,-1779.7496973607244,188971
11796,-2.0,5,-1781.7496973607244,188976
11797,0.2,6,-1781.5496973607244,188982
11798,0.0,3,-1781.5496973607244,188985
11799,1.0,1,-1780.5496973607244,188986
11800,-0.25,13,-1780.7996973607244,188999
11801,-0.9166666666666667,20,-1781.7163640273911,189019
11802,3.2,8,-1778.516364027391,189027
11803,0.0,2,-1778.516364027391,189029
11804,1.3333333333333335,10,-1777.1830306940578,189039
11805,0.2,4,-1776.9830306940578,189043
11806,-1.0,5,-1777.9830306940578,189048
11807,0.0,1,-1777.9830306940578,189049
11808,-3.833333333333333,27,-1781.816364027391,189076
11809,-7.0,23,-1788.816364027391,189099
11810,0.0,5,-1788.816364027391,189104
11811,0.0,13,-1788.816364027391,189117
11812,2.0,32,-1786.816364027391,189149
11813,1.0,8,-1785.816364027391,189157
11814,4.0,6,-1781.816364027391,189163
11815,-2.9666666666666663,41,-1784.7830306940577,189204
11816,-5.666666666666667,27,-1790.4496973607245,189231
11817,1.0,25,-1789.4496973607245,189256
11818,0.0,2,-1789.4496973607245,189258
11819,-2.0,2,-1791.4496973607245,189260
11820,0.0,3,-1791.4496973607245,189263
11821,-4.0,5,-1795.4496973607245,189268
11822,0.0,4,-1795.4496973607245,189272
11823,-3.5,18,-1798.9496973607245,189290
11824,-1.3333333333333333,2,-1800.2830306940577,189292
11825,-1.3333333333333333,2,-1801.616364027391,189294
11826,-0.25,3,-1801.866364027391,189297
11827,0.3333333333333333,6,-1801.5330306940577,189303
11828,-1.3333333333333333,5,-1802.866364027391,189308
11829,0.75,11,-1802.116364027391,189319
11830,-1.3333333333333333,2,-1803.4496973607243,189321
11831,-5.75,25,-1809.1996973607243,189346
11832,0.0,12,-1809.1996973607243,189358
11833,0.3333333333333333,7,-1808.866364027391,189365
11834,-0.8,12,-1809.666364027391,189377
11835,-2.3333333333333335,42,-1811.9996973607242,189419
11836,3.0,10,-1808.9996973607242,189429
11837,3.0,12,-1805.9996973607242,189441
11838,-2.0,10,-1807.9996973607242,189451
11839,4.7,13,-1803.2996973607242,189464
11840,2.8333333333333335,34,-1800.466364027391,189498
11841,1.0,15,-1799.466364027391,189513
11842,1.3333333333333335,22,-1798.1330306940577,189535
11843,1.8,27,-1796.3330306940577,189562
11844,-1.0,5,-1797.3330306940577,189567
11845,0.0,3,-1797.3330306940577,189570
11846,2.0,3,-1795.3330306940577,189573
11847,0.7000000000000002,5,-1794.6330306940577,189578
11848,2.333333333333333,5,-1792.2996973607244,189583
11849,-1.0,3,-1793.2996973607244,189586
11850,-1.3333333333333333,24,-1794.6330306940577,189610
11851,-3.0,6,-1797.6330306940577,189616
11852,0.0,3,-1797.6330306940577,189619
11853,-2.0,11,-1799.6330306940577,189630
11854,1.1195652173913044,27,-1798.5134654766664,189657
11855,2.0,7,-1796.5134654766664,189664
11856,0.0,5,-1796.5134654766664,189669
11857,1.0,4,-1795.5134654766664,189673
11858,-0.12121212121212133,22,-1795.6346775978784,189695
11859,-0.5,16,-1796.1346775978784,189711
11860,0.0,7,-1796.1346775978784,189718
11861,2.0,2,-1794.1346775978784,189720
11862,0.75,4,-1793.3846775978784,189724
11863,0.0,3,-1793.3846775978784,189727
11864,1.633333333333333,32,-1791.751344264545,189759
11865,-3.6666666666666665,13,-1795.4180109312117,189772
11866,0.0,9,-1795.4180109312117,189781
11867,-3.916666666666667,11,-1799.3346775978785,189792
11868,-1.4,5,-1800.7346775978785,189797
11869,-3.0,7,-1803.7346775978785,189804
11870,-2.0,7,-1805.7346775978785,189811
11871,-2.0,9,-1807.7346775978785,189820
11872,0.0,5,-1807.7346775978785,189825
11873,-1.25,13,-1808.9846775978785,189838
11874,3.0,6,-1805.9846775978785,189844
11875,2.0,26,-1803.9846775978785,189870
11876,-1.0,5,-1804.9846775978785,189875
11877,2.333333333333333,18,-1802.6513442645453,189893
11878,-0.5,8,-1803.1513442645453,189901
11879,6.125,16,-1797.0263442645453,189917
11880,2.0,12,-1795.0263442645453,189929
11881,0.0,20,-1795.0263442645453,189949
11882,-3.666666666666667,17,-1798.693010931212,189966
11883,1.0,11,-1797.693010931212,189977
11884,-3.0,21,-1800.693010931212,189998
11885,-11.333333333333334,9,-1812.0263442645453,190007
11886,-3.0,5,-1815.0263442645453,190012
11887,1.75,3,-1813.2763442645453,190015
11888,-3.7745098039215685,8,-1817.0508540684668,190023
11889,-1.0,6,-1818.0508540684668,190029
11890,-3.0,11,-1821.0508540684668,190040
11891,-0.5,37,-1821.5508540684668,190077
11892,-3.5,10,-1825.0508540684668,190087
11893,3.75,7,-1821.3008540684668,190094
11894,1.75,4,-1819.5508540684668,190098
11895,-2.6666666666666665,6,-1822.2175207351336,190104
11896,-1.1666666666666665,19,-1823.3841874018003,190123
11897,4.5,13,-1818.8841874018003,190136
11898,-7.833333333333334,21,-1826.7175207351336,190157
11899,-3.0,5,-1829.7175207351336,190162
11900,1.0,7,-1828.7175207351336,190169
11901,2.0454545454545454,13,-1826.672066189679,190182
11902,8.2,13,-1818.472066189679,190195
11903,3.0,2,-1815.472066189679,190197
11904,-3.571428571428571,6,-1819.0434947611077,190203
11905,-0.33333333333333304,24,-1819.376828094441,190227
11906,-0.25,15,-1819.626828094441,190242
11907,-3.7857142857142856,14,-1823.4125423801552,190256
11908,7.333333333333333,31,-1816.079209046822,190287
11909,7.0,20,-1809.079209046822,190307
11910,3.0,5,-1806.079209046822,190312
11911,-1.5,7,-1807.579209046822,190319
11912,-0.4375,35,-1808.016709046822,190354
11913,-6.0,13,-1814.016709046822,190367
11914,-4.0,5,-1818.016709046822,190372
11915,-1.0,5,-1819.016709046822,190377
11916,-0.5,12,-1819.516709046822,190389
11917,-4.5,15,-1824.016709046822,190404
11918,-1.1911764705882353,7,-1825.2078855174102,190411
11919,-5.857142857142858,27,-1831.065028374553,190438
11920,0.6666666666666661,33,-1830.3983617078864,190471
11921,1.5,16,-1828.8983617078864,190487
11922,-0.3333333333333335,5,-1829.2316950412196,190492
11923,4.333333333333333,14,-1824.8983617078864,190506
11924,-1.0,7,-1825.8983617078864,190513
11925,1.583333333333333,8,-1824.315028374553,190521
11926,1.833333333333333,27,-1822.4816950412198,190548
11927,1.0,4,-1821.4816950412198,190552
11928,1.0,2,-1820.4816950412198,190554
11929,2.0,7,-1818.4816950412198,190561
11930,0.0,5,-1818.4816950412198,190566
11931,-2.5,7,-1820.9816950412198,190573
11932,0.6666666666666667,18,-1820.315028374553,190591
11933,-6.0,8,-1826.315028374553,190599
11934,-4.333333333333333,9,-1830.6483617078864,190608
11935,0.0,10,-1830.6483617078864,190618
11936,-8.583333333333332,21,-1839.2316950412196,190639
11937,9.0,27,-1830.2316950412196,190666
11938,6.0,19,-1824.2316950412196,190685
11939,-3.5,12,-1827.7316950412196,190697
11940,-2.0,14,-1829.7316950412196,190711
11941,-0.5,17,-1830.2316950412196,190728
11942,-0.3333333333333335,13,-1830.5650283745529,190741
11943,-0.8666666666666667,56,-1831.4316950412194,190797
11944,-1.833333333333333,26,-1833.2650283745527,190823
11945,-12.941176470588236,22,-1846.206204845141,190845
11946,-2.126984126984127,20,-1848.333188972125,190865
11947,0.25,28,-1848.083188972125,190893
11948,-4.9,43,-1852.9831889721252,190936
11949,-2.0,10,-1854.9831889721252,190946
11950,-4.666666666666666,32,-1859.649855638792,190978
11951,-1.2936507936507935,17,-1860.9435064324427,190995
11952,-1.5,4,-1862.4435064324427,190999
11953,1.0,11,-1861.4435064324427,191010
11954,-4.25,5,-1865.6935064324427,191015
11955,-0.25,5,-1865.9435064324427,191020
11956,-1.3333333333333333,7,-1867.276839765776,191027
11957,-2.5,19,-1869.776839765776,191046
11958,-3.3333333333333335,13,-1873.1101730991093,191059
11959,3.2,17,-1869.9101730991092,191076
11960,5.8,36,-1864.1101730991093,191112
11961,-6.595192307692308,29,-1870.7053654068015,191141
11962,2.5,9,-1868.2053654068015,191150
11963,0.75,6,-1867.4553654068015,191156
11964,-15.0,16,-1882.4553654068015,191172
11965,-12.297101449275361,27,-1894.7524668560768,191199
11966,0.0,2,-1894.7524668560768,191201
11967,-2.107843137254902,7,-1896.8603099933316,191208
11968,-1.0,6,-1897.8603099933316,191214
11969,-1.25,10,-1899.1103099933316,191224
11970,-1.5,7,-1900.6103099933316,191231
11971,-4.5,15,-1905.1103099933316,191246
11972,0.0,11,-1905.1103099933316,191257
11973,0.6666666666666665,22,-1904.4436433266649,191279
11974,-5.25,18,-1909.6936433266649,191297
11975,14.357142857142858,27,-1895.336500469522,191324
11976,-5.333333333333334,33,-1900.6698338028552,191357
11977,0.0,5,-1900.6698338028552,191362
11978,-0.38888888888888884,24,-1901.0587226917442,191386
11979,4.1,40,-1896.9587226917442,191426
11980,4.0,19,-1892.9587226917442,191445
11981,0.4285714285714288,25,-1892.530151263173,191470
11982,4.428571428571429,22,-1888.1015798346016,191492
11983,-1.0,7,-1889.1015798346016,191499
11984,-2.8,5,-1891.9015798346015,191504
11985,1.0,8,-1890.9015798346015,191512
11986,-3.0,4,-1893.9015798346015,191516
11987,2.0,11,-1891.9015798346015,191527
11988,-0.7999999999999998,3,-1892.7015798346015,191530
11989,-2.0,5,-1894.7015798346015,191535
11990,0.0,5,-1894.7015798346015,191540
11991,-2.0,6,-1896.7015798346015,191546
11992,-2.8,5,-1899.5015798346014,191551
11993,0.0,6,-1899.5015798346014,191557
11994,0.0,5,-1899.5015798346014,191562
11995,-1.4,15,-1900.9015798346015,191577
11996,0.6666666666666665,8,-1900.2349131679348,191585
11997,1.0,7,-1899.2349131679348,191592
11998,1.0,8,-1898.2349131679348,191600
11999,3.75,9,-1894.4849131679348,191609
12000,5.0,19,-1889.4849131679348,191628
12001,0.0,7,-1889.4849131679348,191635
12002,0.0,3,-1889.4849131679348,191638
12003,3.0,2,-1886.4849131679348,191640
12004,1.0,2,-1885.4849131679348,191642
12005,0.0,1,-1885.4849131679348,191643
12006,1.0,10,-1884.4849131679348,191653
12007,0.0,4,-1884.4849131679348,191657
12008,0.0,2,-1884.4849131679348,191659
12009,0.0,7,-1884.4849131679348,191666
12010,1.0,16,-1883.4849131679348,191682
12011,-2.0,10,-1885.4849131679348,191692
12012,1.0,1,-1884.4849131679348,191693
12013,4.2,22,-1880.2849131679347,191715
12014,3.75,12,-1876.5349131679347,191727
12015,1.0,12,-1875.5349131679347,191739
12016,2.2,9,-1873.3349131679347,191748
12017,2.0,13,-1871.3349131679347,191761
12018,-1.0,16,-1872.3349131679347,191777
12019,-7.133333333333333,34,-1879.4682465012681,191811
12020,0.16666666666666674,16,-1879.3015798346014,191827
12021,-1.5,8,-1880.8015798346014,191835
12022,-3.0,12,-1883.8015798346014,191847
12023,-2.0,17,-1885.8015798346014,191864
12024,0.0,1,-1885.8015798346014,191865
12025,-1.0,3,-1886.8015798346014,191868
12026,1.0,8,-1885.8015798346014,191876
12027,0.0,8,-1885.8015798346014,191884
12028,0.11111111111111116,14,-1885.6904687234903,191898
12029,0.0,4,-1885.6904687234903,191902
12030,2.2,7,-1883.4904687234903,191909
12031,-0.25,5,-1883.7404687234903,191914
12032,3.75,14,-1879.9904687234903,191928
12033,-2.0,5,-1881.9904687234903,191933
12034,0.0,5,-1881.9904687234903,191938
12035,-1.0,4,-1882.9904687234903,191942
12036,-7.0,6,-1889.9904687234903,191948
12037,0.0,6,-1889.9904687234903,191954
12038,-1.0,5,-1890.9904687234903,191959
12039,-7.857142857142857,29,-1898.8476115806332,191988
12040,0.0,3,-1898.8476115806332,191991
12041,-1.3333333333333333,4,-1900.1809449139664,191995
12042,-0.25,11,-1900.4309449139664,192006
12043,0.5,9,-1899.9309449139664,192015
12044,0.0,4,-1899.9309449139664,192019
12045,2.0,17,-1897.9309449139664,192036
12046,-1.0,3,-1898.9309449139664,192039
12047,3.0,11,-1895.9309449139664,192050
12048,0.5,15,-1895.4309449139664,192065
12049,-1.5,18,-1896.9309449139664,192083
12050,1.1666666666666665,34,-1895.7642782472997,192117
12051,0.0,3,-1895.7642782472997,192120
12052,-4.857142857142858,23,-1900.6214211044426,192143
12053,-2.1666666666666665,21,-1902.7880877711093,192164
12054,0.4285714285714288,21,-1902.359516342538,192185
12055,-5.75,40,-1908.109516342538,192225
12056,-0.8571428571428572,23,-1908.9666591996809,192248
12057,-1.3333333333333333,18,-1910.2999925330141,192266
12058,-1.3333333333333333,4,-1911.6333258663474,192270
12059,-1.3333333333333333,19,-1912.9666591996806,192289
12060,-1.0,11,-1913.9666591996806,192300
12061,-6.404761904761905,24,-1920.3714211044426,192324
12062,3.0,10,-1917.3714211044426,192334
12063,3.7333333333333334,15,-1913.6380877711092,192349
12064,-8.666666666666666,24,-1922.304754437776,192373
12065,2.0,7,-1920.304754437776,192380
12066,-3.0,12,-1923.304754437776,192392
12067,0.5,12,-1922.804754437776,192404
12068,0.5,18,-1922.304754437776,192422
12069,-1.0,10,-1923.304754437776,192432
12070,-4.1,31,-1927.4047544377759,192463
12071,-2.5,23,-1929.9047544377759,192486
12072,-9.333333333333332,31,-1939.2380877711091,192517
12073,-5.785714285714286,21,-1945.0238020568233,192538
12074,-2.6666666666666665,8,-1947.69046872349,192546
12075,1.0,9,-1946.69046872349,192555
12076,-2.6666666666666665,4,-1949.3571353901568,192559
12077,1.0,2,-1948.3571353901568,192561
12078,2.0,19,-1946.3571353901568,192580
12079,-1.0,10,-1947.3571353901568,192590
12080,-2.111111111111111,14,-1949.468246501268,192604
12081,-1.666666666666667,14,-1951.1349131679347,192618
12082,1.0,2,-1950.1349131679347,192620
12083,-3.0,3,-1953.1349131679347,192623
12084,-4.0,6,-1957.1349131679347,192629
12085,-5.0,25,-1962.1349131679347,192654
12086,-10.0,27,-1972.1349131679347,192681
12087,-2.1304347826086953,20,-1974.2653479505434,192701
12088,-2.8,14,-1977.0653479505434,192715
12089,-3.75,22,-1980.8153479505434,192737
12090,-3.5,29,-1984.3153479505434,192766
12091,-7.333333333333333,13,-1991.6486812838766,192779
12092,-8.4,29,-2000.0486812838767,192808
12093,1.583333333333333,41,-1998.4653479505434,192849
12094,-3.2857142857142856,21,-2001.7510622362577,192870
12095,-4.615384615384615,19,-2006.3664468516422,192889
12096,-3.333333333333333,10,-2009.6997801849755,192899
12097,5.333333333333333,29,-2004.3664468516422,192928
12098,-1.5,9,-2005.8664468516422,192937
12099,0.75,21,-2005.1164468516422,192958
12100,0.33333333333333304,15,-2004.783113518309,192973
12101,6.75,14,-1998.033113518309,192987
12102,-4.0,4,-2002.033113518309,192991
12103,8.5,29,-1993.533113518309,193020
12104,0.0,7,-1993.533113518309,193027
12105,1.0,11,-1992.533113518309,193038
12106,3.666666666666666,20,-1988.8664468516422,193058
12107,-0.6666666666666665,15,-1989.533113518309,193073
12108,0.3333333333333335,14,-1989.1997801849757,193087
12109,-0.6153846153846154,7,-1989.8151648003602,193094
12110,1.25,8,-1988.5651648003602,193102
12111,-1.5,19,-1990.0651648003602,193121
12112,0,0,-1990.0651648003602,193121
12113,0,0,-1990.0651648003602,193121
12114,0,0,-1990.0651648003602,193121
12115,2.25,14,-1987.8151648003602,193135
12116,-3.0,10,-1990.8151648003602,193145
12117,-2.0,5,-1992.8151648003602,193150
12118,-6.0,17,-1998.8151648003602,193167
12119,3.0,17,-1995.8151648003602,193184
12120,-2.0,6,-1997.8151648003602,193190
12121,2.5333333333333337,13,-1995.281831467027,193203
12122,-1.0,30,-1996.281831467027,193233
12123,-1.0,9,-1997.281831467027,193242
12124,0,0,-1997.281831467027,193242
12125,0,0,-1997.281831467027,193242
12126,0,0,-1997.281831467027,193242
12127,2.0,5,-1995.281831467027,193247
12128,-2.0,9,-1997.281831467027,193256
12129,0.0,9,-1997.281831467027,193265
12130,-4.0,16,-2001.281831467027,193281
12131,0.0,34,-2001.281831467027,193315
12132,-1.0,22,-2002.281831467027,193337
12133,-2.0,8,-2004.281831467027,193345
12134,11.542857142857143,46,-1992.7389743241697,193391
12135,0.2,17,-1992.5389743241697,193408
12136,-5.0,11,-1997.5389743241697,193419
12137,-6.0,16,-2003.5389743241697,193435
12138,-14.09047619047619,22,-2017.629450514646,193457
12139,-6.0,15,-2023.629450514646,193472
12140,-2.0,8,-2025.629450514646,193480
12141,0.6666666666666665,41,-2024.9627838479792,193521
12142,2.0,7,-2022.9627838479792,193528
12143,6.0,38,-2016.9627838479792,193566
12144,-9.166666666666666,35,-2026.129450514646,193601
12145,-4.0,37,-2030.129450514646,193638
12146,-2.5,23,-2032.629450514646,193661
12147,2.5,8,-2030.129450514646,193669
12148,-7.666666666666666,36,-2037.7961171813126,193705
12149,3.0588235294117645,36,-2034.737293651901,193741
12150,-2.0,10,-2036.737293651901,193751
12151,-0.8,28,-2037.5372936519009,193779
12152,7.25,17,-2030.2872936519009,193796
12153,1.0,11,-2029.2872936519009,193807
12154,3.0,13,-2026.2872936519009,193820
12155,-3.5,14,-2029.7872936519009,193834
12156,0.0,4,-2029.7872936519009,193838
12157,1.3333333333333333,14,-2028.4539603185676,193852
12158,-4.5,16,-2032.9539603185676,193868
12159,-1.0,53,-2033.9539603185676,193921
12160,-0.5,4,-2034.4539603185676,193925
12161,-1.0,26,-2035.4539603185676,193951
12162,-2.5,22,-2037.9539603185676,193973
12163,0.8666666666666665,17,-2037.087293651901,193990
12164,-0.5,8,-2037.587293651901,193998
12165,1.0,12,-2036.587293651901,194010
12166,-10.4,30,-2046.9872936519012,194040
12167,-2.333333333333333,19,-2049.3206269852344,194059
12168,0.0,17,-2049.3206269852344,194076
12169,-3.0,14,-2052.3206269852344,194090
12170,-3.3,26,-2055.6206269852346,194116
12171,-4.630434782608695,26,-2060.251061767843,194142
12172,-2.25,24,-2062.501061767843,194166
12173,-3.0,17,-2065.501061767843,194183
12174,-2.4,39,-2067.901061767843,194222
12175,-2.6666666666666665,17,-2070.5677284345097,194239
12176,-5.0,14,-2075.5677284345097,194253
12177,16.7,27,-2058.86772843451,194280
12178,9.5,25,-2049.36772843451,194305
12179,-2.0,12,-2051.36772843451,194317
12180,-6.5,21,-2057.86772843451,194338
12181,2.5,11,-2055.36772843451,194349
12182,-9.380434782608695,12,-2064.7481632171184,194361
12183,2.0,6,-2062.7481632171184,194367
12184,-1.0,7,-2063.7481632171184,194374
12185,0.0,6,-2063.7481632171184,194380
12186,6.678571428571429,33,-2057.069591788547,194413
12187,8.2,6,-2048.869591788547,194419
12188,3.0,11,-2045.869591788547,194430
12189,2.0,6,-2043.869591788547,194436
12190,-2.0,8,-2045.869591788547,194444
12191,-1.3214285714285714,15,-2047.1910203599757,194459
12192,-2.238095238095238,42,-2049.429115598071,194501
12193,-3.0,9,-2052.429115598071,194510
12194,-1.3333333333333335,16,-2053.7624489314044,194526
12195,4.6,44,-2049.1624489314045,194570
12196,-0.4871794871794871,13,-2049.649628418584,194583
12197,2.666666666666667,20,-2046.9829617519174,194603
12198,4.5,23,-2042.4829617519174,194626
12199,-3.5,43,-2045.9829617519174,194669
12200,1.0,6,-2044.9829617519174,194675
12201,-2.0,26,-2046.9829617519174,194701
12202,1.0,20,-2045.9829617519174,194721
12203,-3.0,34,-2048.982961751917,194755
12204,5.2,15,-2043.7829617519171,194770
12205,-3.0,15,-2046.7829617519171,194785
12206,-2.333333333333333,13,-2049.1162950852504,194798
12207,-3.6666666666666665,24,-2052.782961751917,194822
12208,1.0,19,-2051.782961751917,194841
12209,-3.666666666666667,17,-2055.4496284185834,194858
12210,-7.5,15,-2062.9496284185834,194873
12211,-8.733333333333334,25,-2071.6829617519165,194898
12212,-2.4411764705882355,24,-2074.124138222505,194922
12213,-9.25,16,-2083.374138222505,194938
12214,0.0,9,-2083.374138222505,194947
12215,0.0,4,-2083.374138222505,194951
12216,-1.0,11,-2084.374138222505,194962
12217,-1.3333333333333333,9,-2085.7074715558383,194971
12218,1.2000000000000002,15,-2084.5074715558385,194986
12219,-0.06666666666666671,7,-2084.574138222505,194993
12220,-0.16666666666666669,8,-2084.7408048891716,195001
12221,-3.857142857142857,8,-2088.5979477463143,195009
12222,-0.7000000000000002,21,-2089.297947746314,195030
12223,-2.0,7,-2091.297947746314,195037
12224,-12.25,25,-2103.547947746314,195062
12225,-10.0,25,-2113.547947746314,195087
12226,-11.0,31,-2124.547947746314,195118
12227,3.5,21,-2121.047947746314,195139
12228,0.0,4,-2121.047947746314,195143
12229,0.0,16,-2121.047947746314,195159
12230,-15.833333333333332,27,-2136.8812810796476,195186
12231,0.0,4,-2136.8812810796476,195190
12232,-2.2,9,-2139.0812810796474,195199
12233,-1.0,6,-2140.0812810796474,195205
12234,0.0,10,-2140.0812810796474,195215
12235,-9.4,10,-2149.4812810796475,195225
12236,-3.8333333333333335,23,-2153.314614412981,195248
12237,-1.3333333333333333,15,-2154.6479477463145,195263
12238,1.0,5,-2153.6479477463145,195268
12239,-5.0,25,-2158.6479477463145,195293
12240,-1.0,12,-2159.6479477463145,195305
12241,-6.611111111111111,43,-2166.2590588574258,195348
12242,-0.3571428571428571,8,-2166.6162017145684,195356
12243,-6.062388591800357,27,-2172.6785903063687,195383
12244,3.166666666666667,28,-2169.511923639702,195411
12245,-1.5,28,-2171.011923639702,195439
12246,-7.619047619047619,28,-2178.63097125875,195467
12247,-3.0,32,-2181.63097125875,195499
12248,-3.2500000000000004,25,-2184.88097125875,195524
12249,-2.833333333333333,45,-2187.7143045920834,195569
12250,11.7,48,-2176.0143045920836,195617
12251,-5.9,39,-2181.9143045920837,195656
12252,6.0,15,-2175.9143045920837,195671
12253,3.0,5,-2172.9143045920837,195676
12254,2.0333333333333337,27,-2170.8809712587504,195703
12255,-2.0,20,-2172.8809712587504,195723
12256,2.3333333333333335,14,-2170.547637925417,195737
12257,0.0,10,-2170.547637925417,195747
12258,2.0,26,-2168.547637925417,195773
12259,0.392156862745098,18,-2168.1554810626717,195791
12260,0.5,34,-2167.6554810626717,195825
12261,0.0,17,-2167.6554810626717,195842
12262,13.0,23,-2154.6554810626717,195865
12263,-8.7,22,-2163.3554810626715,195887
12264,2.2,6,-2161.1554810626717,195893
12265,-1.0,18,-2162.1554810626717,195911
12266,-2.333333333333333,28,-2164.488814396005,195939
12267,3.6,19,-2160.8888143960053,195958
12268,0.20000000000000018,8,-2160.6888143960055,195966
12269,4.0,41,-2156.6888143960055,196007
12270,-2.0,8,-2158.6888143960055,196015
12271,-3.0,29,-2161.6888143960055,196044
12272,-5.166666666666666,47,-2166.855481062672,196091
12273,3.833333333333333,26,-2163.0221477293385,196117
12274,-5.95,30,-2168.9721477293383,196147
12275,0.033333333333333215,14,-2168.938814396005,196161
12276,-1.0,8,-2169.938814396005,196169
12277,2.0,11,-2167.938814396005,196180
12278,1.0,9,-2166.938814396005,196189
12279,0.0,10,-2166.938814396005,196199
12280,3.0,37,-2163.938814396005,196236
12281,0.0,10,-2163.938814396005,196246
12282,-4.8,24,-2168.738814396005,196270
12283,-7.154761904761905,32,-2175.893576300767,196302
12284,-2.0,25,-2177.893576300767,196327
12285,0.3333333333333335,14,-2177.5602429674336,196341
12286,0,0,-2177.5602429674336,196341
12287,0,0,-2177.5602429674336,196341
12288,0,0,-2177.5602429674336,196341
12289,-9.333333333333332,14,-2186.893576300767,196355
12290,2.666666666666667,37,-2184.2269096341006,196392
12291,-3.066666666666667,37,-2187.293576300767,196429
12292,-9.341176470588236,88,-2196.6347527713556,196517
12293,-7.833333333333334,25,-2204.468086104689,196542
12294,11.0,16,-2193.468086104689,196558
12295,-1.6666666666666665,33,-2195.1347527713556,196591
12296,1.1428571428571428,18,-2193.9918956284982,196609
12297,0.33333333333333326,21,-2193.6585622951648,196630
12298,-3.0,20,-2196.6585622951648,196650
12299,-2.0,6,-2198.6585622951648,196656
12300,5.392857142857142,40,-2193.2657051523074,196696
12301,5.7,45,-2187.5657051523076,196741
12302,-0.9166666666666667,17,-2188.482371818974,196758
12303,-1.9285714285714286,24,-2190.4109432475457,196782
12304,-5.4411764705882355,12,-2195.852119718134,196794
12305,-1.5,6,-2197.352119718134,196800
12306,-3.0,4,-2200.352119718134,196804
12307,-3.0,3,-2203.352119718134,196807
12308,-0.5,15,-2203.852119718134,196822
12309,3.1666666666666665,24,-2200.6854530514674,196846
12310,0.0,4,-2200.6854530514674,196850
12311,2.2,17,-2198.4854530514676,196867
12312,0.0,7,-2198.4854530514676,196874
12313,2.0,6,-2196.4854530514676,196880
12314,-3.0,6,-2199.4854530514676,196886
12315,-2.0,13,-2201.4854530514676,196899
12316,1.0,24,-2200.4854530514676,196923
12317,2.5333333333333337,37,-2197.9521197181343,196960
12318,3.828947368421053,38,-2194.123172349713,196998
12319,-2.666666666666667,19,-2196.7898390163796,197017
12320,0.0,7,-2196.7898390163796,197024
12321,-4.0,10,-2200.7898390163796,197034
12322,4.142857142857142,15,-2196.6469818735222,197049
12323,-2.0,15,-2198.6469818735222,197064
12324,-1.4411764705882353,14,-2200.0881583441105,197078
12325,0.0,4,-2200.0881583441105,197082
12326,-6.0,5,-2206.0881583441105,197087
12327,-0.8333333333333333,19,-2206.921491677444,197106
12328,5.000000000000001,21,-2201.921491677444,197127
12329,-3.857142857142857,18,-2205.7786345345867,197145
12330,7.166666666666666,16,-2198.61196786792,197161
12331,3.2,13,-2195.4119678679203,197174
12332,0.33333333333333304,13,-2195.078634534587,197187
12333,-5.4,10,-2200.478634534587,197197
12334,-3.0,10,-2203.478634534587,197207
12335,2.5,8,-2200.978634534587,197215
12336,-14.5,54,-2215.478634534587,197269
12337,-1.8076923076923077,24,-2217.2863268422793,197293
12338,-0.6499999999999999,21,-2217.9363268422794,197314
12339,0.0,11,-2217.9363268422794,197325
12340,2.25,9,-2215.6863268422794,197334
12341,-2.833333333333333,18,-2218.519660175613,197352
12342,2.0,19,-2216.519660175613,197371
12343,-5.0,15,-2221.519660175613,197386
12344,-1.5,12,-2223.019660175613,197398
12345,3.0,7,-2220.019660175613,197405
12346,-0.9411764705882355,31,-2220.960836646201,197436
12347,-16.7,29,-2237.660836646201,197465
12348,-2.0,15,-2239.660836646201,197480
12349,1.6,17,-2238.060836646201,197497
12350,2.95,23,-2235.1108366462013,197520
12351,-2.9411764705882355,9,-2238.0520131167896,197529
12352,0.0,5,-2238.0520131167896,197534
12353,-2.8,25,-2240.8520131167897,197559
12354,-8.27450980392157,17,-2249.1265229207115,197576
12355,-0.833333333333333,13,-2249.959856254045,197589
12356,0.0,8,-2249.959856254045,197597
12357,4.0,3,-2245.959856254045,197600
12358,1.75,8,-2244.209856254045,197608
12359,-1.0,9,-2245.209856254045,197617
12360,-1.0,5,-2246.209856254045,197622
12361,0.2833333333333332,28,-2245.9265229207117,197650
12362,-8.5,24,-2254.4265229207117,197674
12363,1.0,10,-2253.4265229207117,197684
12364,-4.5,14,-2257.9265229207117,197698
12365,3.0,5,-2254.9265229207117,197703
12366,-1.5,12,-2256.4265229207117,197715
12367,0.0,3,-2256.4265229207117,197718
12368,4.5,2,-2251.9265229207117,197720
12369,4.5,2,-2247.4265229207117,197722
12370,6.35,19,-2241.076522920712,197741
12371,1.333333333333333,11,-2239.7431895873783,197752
12372,1.75,15,-2237.9931895873783,197767
12373,-6.05,22,-2244.0431895873785,197789
12374,2.0,14,-2242.0431895873785,197803
12375,1.3333333333333333,4,-2240.709856254045,197807
12376,3.75,25,-2236.959856254045,197832
12377,-1.0,6,-2237.959856254045,197838
12378,-3.0,9,-2240.959856254045,197847
12379,1.7000000000000002,9,-2239.259856254045,197856
12380,0.19999999999999996,29,-2239.0598562540454,197885
12381,-1.0,14,-2240.0598562540454,197899
12382,4.5,18,-2235.5598562540454,197917
12383,5.142857142857142,14,-2230.416999111188,197931
12384,2.75,16,-2227.666999111188,197947
12385,12.5,31,-2215.166999111188,197978
12386,3.5,22,-2211.666999111188,198000
12387,10.0,21,-2201.666999111188,198021
12388,0.0,29,-2201.666999111188,198050
12389,1.0,14,-2200.666999111188,198064
12390,3.75,12,-2196.916999111188,198076
12391,0.0,4,-2196.916999111188,198080
12392,6.0,13,-2190.916999111188,198093
12393,4.0,16,-2186.916999111188,198109
12394,6.0,24,-2180.916999111188,198133
12395,5.0,6,-2175.916999111188,198139
12396,-0.8,12,-2176.716999111188,198151
12397,-1.7047619047619047,25,-2178.4217610159503,198176
12398,-7.0,6,-2185.4217610159503,198182
12399,-4.0,7,-2189.4217610159503,198189
12400,-1.0,3,-2190.4217610159503,198192
12401,-4.666666666666666,8,-2195.088427682617,198200
12402,2.0,5,-2193.088427682617,198205
12403,-1.75,14,-2194.838427682617,198219
12404,-2.0,4,-2196.838427682617,198223
12405,-10.466666666666669,20,-2207.3050943492835,198243
12406,-2.071428571428571,12,-2209.376522920712,198255
12407,0.5,9,-2208.876522920712,198264
12408,-1.5,11,-2210.376522920712,198275
12409,0.3333333333333333,2,-2210.0431895873785,198277
12410,-0.37142857142857144,10,-2210.414618158807,198287
12411,4.75,18,-2205.664618158807,198305
12412,1.0,14,-2204.664618158807,198319
12413,-1.3333333333333333,10,-2205.9979514921406,198329
12414,3.095238095238095,17,-2202.9027133969025,198346
12415,0.2,2,-2202.7027133969027,198348
12416,1.0,1,-2201.7027133969027,198349
12417,1.0,8,-2200.7027133969027,198357
12418,-1.7261904761904763,26,-2202.428903873093,198383
12419,-0.4166666666666661,37,-2202.8455705397596,198420
12420,-3.0,23,-2205.8455705397596,198443
12421,3.0,19,-2202.8455705397596,198462
12422,-3.0,7,-2205.8455705397596,198469
12423,-4.25,8,-2210.0955705397596,198477
12424,1.1,15,-2208.9955705397597,198492
12425,3.5,17,-2205.4955705397597,198509
12426,4.0,8,-2201.4955705397597,198517
12427,2.2,7,-2199.29557053976,198524
12428,1.6666666666666665,23,-2197.6289038730933,198547
12429,-0.5,12,-2198.1289038730933,198559
12430,2.0,7,-2196.1289038730933,198566
12431,0.0,3,-2196.1289038730933,198569
12432,0.0,6,-2196.1289038730933,198575
12433,-2.0,19,-2198.1289038730933,198594
12434,-3.25,15,-2201.3789038730933,198609
12435,-0.2999999999999998,8,-2201.6789038730935,198617
12436,-2.0,3,-2203.6789038730935,198620
12437,-2.2745098039215685,21,-2205.9534136770153,198641
12438,0.3999999999999999,8,-2205.553413677015,198649
12439,-3.0,5,-2208.553413677015,198654
12440,-2.0,4,-2210.553413677015,198658
12441,-2.0,3,-2212.553413677015,198661
12442,-2.0,9,-2214.553413677015,198670
12443,-5.111111111111111,12,-2219.6645247881265,198682
12444,0.0,3,-2219.6645247881265,198685
12445,3.6666666666666665,12,-2215.99785812146,198697
12446,0.0,8,-2215.99785812146,198705
12447,1.5,28,-2214.49785812146,198733
12448,-5.0,17,-2219.49785812146,198750
12449,-11.5,30,-2230.99785812146,198780
12450,-4.0,14,-2234.99785812146,198794
12451,-1.0,13,-2235.99785812146,198807
12452,1.0,16,-2234.99785812146,198823
12453,-6.25,10,-2241.24785812146,198833
12454,-1.0,9,-2242.24785812146,198842
12455,-0.5,7,-2242.74785812146,198849
12456,5.1,10,-2237.64785812146,198859
12457,-8.5,27,-2246.14785812146,198886
12458,1.0,14,-2245.14785812146,198900
12459,-0.5,10,-2245.64785812146,198910
12460,0.16666666666666652,7,-2245.4811914547936,198917
12461,-3.8333333333333335,36,-2249.314524788127,198953
12462,-1.0,16,-2250.314524788127,198969
12463,1.1666666666666665,56,-2249.1478581214606,199025
12464,0.0,4,-2249.1478581214606,199029
12465,2.0,16,-2247.1478581214606,199045
12466,6.0,22,-2241.1478581214606,199067
12467,2.3333333333333335,11,-2238.814524788127,199078
12468,-5.0,7,-2243.814524788127,199085
12469,8.0,10,-2235.814524788127,199095
12470,1.8888888888888888,16,-2233.9256358992384,199111
12471,-2.0,6,-2235.9256358992384,199117
12472,-3.571428571428571,22,-2239.497064470667,199139
12473,4.888888888888889,37,-2234.608175581778,199176
12474,-6.9,31,-2241.5081755817782,199207
12475,-1.0,16,-2242.5081755817782,199223
12476,0.0,8,-2242.5081755817782,199231
12477,1.0,6,-2241.5081755817782,199237
12478,0.5,9,-2241.0081755817782,199246
12479,-1.0,11,-2242.0081755817782,199257
12480,2.2,7,-2239.8081755817784,199264
12481,0.0,20,-2239.8081755817784,199284
12482,10.342857142857142,22,-2229.4653184389213,199306
12483,-1.0,7,-2230.4653184389213,199313
12484,5.0,10,-2225.4653184389213,199323
12485,1.2000000000000002,11,-2224.2653184389214,199334
12486,-2.8,15,-2227.0653184389216,199349
12487,0.0,20,-2227.0653184389216,199369
12488,2.6666666666666665,8,-2224.398651772255,199377
12489,1.0,15,-2223.398651772255,199392
12490,1.7000000000000002,11,-2221.6986517722553,199403
12491,8.5,21,-2213.1986517722553,199424
12492,0.0,9,-2213.1986517722553,199433
12493,-0.5,11,-2213.6986517722553,199444
12494,-0.5,12,-2214.1986517722553,199456
12495,-1.0,16,-2215.1986517722553,199472
12496,-2.25,9,-2217.4486517722553,199481
12497,0.4166666666666665,31,-2217.031985105589,199512
12498,1.5,28,-2215.531985105589,199540
12499,3.0,8,-2212.531985105589,199548
12500,-1.25,20,-2213.781985105589,199568
12501,-1.5499999999999998,23,-2215.331985105589,199591
12502,-3.321428571428571,19,-2218.6534136770174,199610
12503,1.5333333333333332,11,-2217.120080343684,199621
12504,-0.9818181818181816,29,-2218.1018985255023,199650
12505,1.2,5,-2216.9018985255025,199655
12506,-2.3,25,-2219.2018985255027,199680
12507,0.33333333333333304,23,-2218.868565192169,199703
12508,2.8333333333333335,16,-2216.0352318588357,199719
12509,3.0,10,-2213.0352318588357,199729
12510,-8.0,21,-2221.0352318588357,199750
12511,3.5,11,-2217.5352318588357,199761
12512,1.2000000000000002,8,-2216.335231858836,199769
12513,0.0,15,-2216.335231858836,199784
12514,0.0,3,-2216.335231858836,199787
12515,2.0,6,-2214.335231858836,199793
12516,3.0,25,-2211.335231858836,199818
12517,0.0,9,-2211.335231858836,199827
12518,-1.0,7,-2212.335231858836,199834
12519,0.0,18,-2212.335231858836,199852
12520,0.0,6,-2212.335231858836,199858
12521,3.0,12,-2209.335231858836,199870
12522,4.0,5,-2205.335231858836,199875
12523,-1.666666666666667,30,-2207.0018985255024,199905
12524,-2.0,2,-2209.0018985255024,199907
12525,3.6666666666666665,35,-2205.335231858836,199942
12526,-2.0,5,-2207.335231858836,199947
12527,-1.0,17,-2208.335231858836,199964
12528,0.33333333333333326,23,-2208.0018985255024,199987
12529,-6.333333333333333,8,-2214.335231858836,199995
12530,6.333333333333334,23,-2208.0018985255024,200018
12531,-7.499999999999999,29,-2215.5018985255024,200047
12532,-7.0,10,-2222.5018985255024,200057
12533,-4.0,14,-2226.5018985255024,200071
12534,0.25,10,-2226.2518985255024,200081
12535,2.0,22,-2224.2518985255024,200103
12536,2.0,12,-2222.2518985255024,200115
12537,-5.121212121212121,32,-2227.3731106467144,200147
12538,0,0,-2227.3731106467144,200147
12539,0,0,-2227.3731106467144,200147
12540,0,0,-2227.3731106467144,200147
12541,-1.0,8,-2228.3731106467144,200155
12542,-1.0,20,-2229.3731106467144,200175
12543,3.0,32,-2226.3731106467144,200207
12544,1.0,12,-2225.3731106467144,200219
12545,0.0,6,-2225.3731106467144,200225
12546,9.7,32,-2215.6731106467146,200257
12547,-2.0,6,-2217.6731106467146,200263
12548,2.2,14,-2215.4731106467148,200277
12549,-0.13333333333333286,27,-2215.606443980048,200304
12550,-1.487179487179487,13,-2217.0936234672276,200317
12551,-5.0,11,-2222.0936234672276,200328
12552,1.0,8,-2221.0936234672276,200336
12553,3.1111111111111107,29,-2217.9825123561163,200365
12554,1.0,11,-2216.9825123561163,200376
12555,-1.0,36,-2217.9825123561163,200412
12556,0.0,23,-2217.9825123561163,200435
12557,2.0,29,-2215.9825123561163,200464
12558,0.20000000000000018,35,-2215.7825123561165,200499
12559,-3.0,12,-2218.7825123561165,200511
12560,9.71111111111111,35,-2209.0714012450053,200546
12561,-6.4411764705882355,28,-2215.5125777155936,200574
12562,-3.466666666666667,24,-2218.9792443822603,200598
12563,1.0,21,-2217.9792443822603,200619
12564,-1.5,14,-2219.4792443822603,200633
12565,-5.9,33,-2225.3792443822604,200666
12566,-2.9,40,-2228.2792443822605,200706
12567,-1.5,20,-2229.7792443822605,200726
12568,-1.0666666666666664,27,-2230.845911048927,200753
12569,1.7,33,-2229.1459110489272,200786
12570,1.0,6,-2228.1459110489272,200792
12571,-3.2380952380952377,20,-2231.3840062870227,200812
12572,-2.0,22,-2233.3840062870227,200834
12573,3.75,19,-2229.6340062870227,200853
12574,4.25,12,-2225.3840062870227,200865
12575,-5.433333333333334,32,-2230.817339620356,200897
12576,-1.0,27,-2231.817339620356,200924
12577,1.5,22,-2230.317339620356,200946
12578,-0.8571428571428572,11,-2231.1744824774987,200957
12579,5.138888888888889,34,-2226.03559358861,200991
12580,2.3,30,-2223.73559358861,201021
12581,-3.25,17,-2226.98559358861,201038
12582,-0.25,7,-2227.23559358861,201045
12583,0.0,4,-2227.23559358861,201049
12584,0.0,7,-2227.23559358861,201056
12585,-1.4545454545454546,16,-2228.6901390431553,201072
12586,1.0,5,-2227.6901390431553,201077
12587,1.0,21,-2226.6901390431553,201098
12588,1.0,2,-2225.6901390431553,201100
12589,2.0,10,-2223.6901390431553,201110
12590,-2.0,8,-2225.6901390431553,201118
12591,2.0,9,-2223.6901390431553,201127
12592,3.5,14,-2220.1901390431553,201141
12593,-3.0,9,-2223.1901390431553,201150
12594,3.0,9,-2220.1901390431553,201159
12595,2.0,11,-2218.1901390431553,201170
12596,-1.0,8,-2219.1901390431553,201178
12597,-5.520833333333334,31,-2224.710972376489,201209
12598,-2.5,9,-2227.210972376489,201218
12599,11.0,25,-2216.210972376489,201243
12600,1.2000000000000002,9,-2215.010972376489,201252
12601,-3.8,13,-2218.810972376489,201265
12602,0.0,10,-2218.810972376489,201275
12603,-4.0,10,-2222.810972376489,201285
12604,-1.1538461538461537,29,-2223.9648185303354,201314
12605,-1.666666666666666,31,-2225.631485197002,201345
12606,13.549999999999999,27,-2212.0814851970017,201372
12607,-3.5,11,-2215.5814851970017,201383
12608,-3.0,7,-2218.5814851970017,201390
12609,3.0,13,-2215.5814851970017,201403
12610,1.0,7,-2214.5814851970017,201410
12611,1.0,5,-2213.5814851970017,201415
12612,-7.6,18,-2221.1814851970016,201433
12613,-2.666666666666667,16,-2223.848151863668,201449
12614,2.0,3,-2221.848151863668,201452
12615,0.0,12,-2221.848151863668,201464
12616,-5.1,46,-2226.948151863668,201510
12617,4.0,7,-2222.948151863668,201517
12618,1.0,8,-2221.948151863668,201525
12619,-0.5238095238095237,29,-2222.4719613874777,201554
12620,-2.5,17,-2224.9719613874777,201571
12621,2.1333333333333333,22,-2222.8386280541445,201593
12622,-12.786363636363637,42,-2235.624991690508,201635
12623,-2.571428571428571,16,-2238.1964202619365,201651
12624,0.0,2,-2238.1964202619365,201653
12625,-0.40000000000000036,36,-2238.5964202619366,201689
12626,3.333333333333333,31,-2235.263086928603,201720
12627,3.9999999999999996,36,-2231.263086928603,201756
12628,-8.5,15,-2239.763086928603,201771
12629,-8.536199095022624,62,-2248.299286023626,201833
12630,-4.0,15,-2252.299286023626,201848
12631,1.0,7,-2251.299286023626,201855
12632,-0.5,11,-2251.799286023626,201866
12633,4.7,14,-2247.099286023626,201880
12634,5.0,2,-2242.099286023626,201882
12635,-0.33333333333333326,8,-2242.4326193569595,201890
12636,-6.333333333333333,36,-2248.765952690293,201926
12637,-4.7,18,-2253.465952690293,201944
12638,1.0,15,-2252.465952690293,201959
12639,-2.5,17,-2254.965952690293,201976
12640,-1.25,10,-2256.215952690293,201986
12641,-3.25,5,-2259.465952690293,201991
12642,0.5,9,-2258.965952690293,202000
12643,-1.1111111111111112,13,-2260.077063801404,202013
12644,1.0,18,-2259.077063801404,202031
12645,1.9090909090909092,19,-2257.167972892313,202050
12646,0.0,5,-2257.167972892313,202055
12647,2.3333333333333335,15,-2254.8346395589797,202070
12648,-3.857142857142857,16,-2258.6917824161224,202086
12649,0.41666666666666696,36,-2258.275115749456,202122
12650,-1.0,4,-2259.275115749456,202126
12651,-1.5,22,-2260.775115749456,202148
12652,4.5,14,-2256.275115749456,202162
12653,-3.0238095238095237,10,-2259.2989252732655,202172
12654,5.0,21,-2254.2989252732655,202193
12655,-4.333333333333334,20,-2258.632258606599,202213
12656,-2.954545454545455,27,-2261.5868040611444,202240
12657,0.0,11,-2261.5868040611444,202251
12658,1.1428571428571428,20,-2260.443946918287,202271
12659,11.083333333333332,41,-2249.3606135849536,202312
12660,1.0,28,-2248.3606135849536,202340
12661,-1.2435897435897438,27,-2249.6042033285435,202367
12662,5.0,10,-2244.6042033285435,202377
12663,1.0,12,-2243.6042033285435,202389
12664,-0.7999999999999998,35,-2244.4042033285436,202424
12665,-5.357142857142858,18,-2249.7613461856863,202442
12666,-2.0,17,-2251.7613461856863,202459
12667,-5.5,15,-2257.2613461856863,202474
12668,0.11111111111111116,36,-2257.150235074575,202510
12669,-0.8545454545454545,19,-2258.0047805291206,202529
12670,-0.3333333333333335,18,-2258.338113862454,202547
12671,0.04615384615384621,14,-2258.2919600163004,202561
12672,2.0,23,-2256.2919600163004,202584
12673,-4.0,15,-2260.2919600163004,202599
12674,0.8666666666666667,15,-2259.4252933496336,202614
12675,3.0,15,-2256.4252933496336,202629
12676,-1.0,5,-2257.4252933496336,202634
12677,-2.0,4,-2259.4252933496336,202638
12678,-2.0,4,-2261.4252933496336,202642
12679,0.2142857142857142,14,-2261.211007635348,202656
12680,5.0,5,-2256.211007635348,202661
12681,2.0,4,-2254.211007635348,202665
12682,-2.0,10,-2256.211007635348,202675
12683,8.0,11,-2248.211007635348,202686
12684,-1.3,10,-2249.511007635348,202696
12685,0.7,5,-2248.8110076353482,202701
12686,1.4285714285714286,17,-2247.3824362067767,202718
12687,3.2142857142857144,40,-2244.168150492491,202758
12688,-1.0,8,-2245.168150492491,202766
12689,6.5,24,-2238.668150492491,202790
12690,5.666666666666666,37,-2233.0014838258244,202827
12691,4.5,31,-2228.5014838258244,202858
12692,3.5,18,-2225.0014838258244,202876
12693,-0.25,9,-2225.2514838258244,202885
12694,-0.8333333333333333,16,-2226.084817159158,202901
12695,-1.6666666666666665,31,-2227.7514838258244,202932
12696,-1.0,7,-2228.7514838258244,202939
12697,-6.5,24,-2235.2514838258244,202963
12698,-1.0,5,-2236.2514838258244,202968
12699,-4.0,25,-2240.2514838258244,202993
12700,10.0,32,-2230.2514838258244,203025
12701,-4.0,32,-2234.2514838258244,203057
12702,2.25,30,-2232.0014838258244,203087
12703,-6.833333333333334,25,-2238.834817159158,203112
12704,2.0,2,-2236.834817159158,203114
12705,2.0,14,-2234.834817159158,203128
12706,-0.6333333333333329,39,-2235.468150492491,203167
12707,-3.5,17,-2238.968150492491,203184
12708,-2.0,6,-2240.968150492491,203190
12709,-2.9,6,-2243.868150492491,203196
12710,-2.0,4,-2245.868150492491,203200
12711,2.5,16,-2243.368150492491,203216
12712,3.5,26,-2239.868150492491,203242
12713,-2.037878787878788,23,-2241.90602928037,203265
12714,-0.5,11,-2242.40602928037,203276
12715,-5.166666666666666,26,-2247.5726959470367,203302
12716,0.6666666666666667,28,-2246.90602928037,203330
12717,-3.0,6,-2249.90602928037,203336
12718,1.6666666666666665,40,-2248.2393626137036,203376
12719,-4.0,21,-2252.2393626137036,203397
12720,-0.5,28,-2252.7393626137036,203425
12721,-2.833333333333333,25,-2255.572695947037,203450
12722,-6.5,24,-2262.072695947037,203474
12723,0.0,5,-2262.072695947037,203479
12724,-2.0,5,-2264.072695947037,203484
12725,2.5,5,-2261.572695947037,203489
12726,-3.0,9,-2264.572695947037,203498
12727,-5.0,11,-2269.572695947037,203509
12728,0.0,18,-2269.572695947037,203527
12729,-4.0,14,-2273.572695947037,203541
12730,-7.0,54,-2280.572695947037,203595
12731,-3.0,34,-2283.572695947037,203629
12732,-1.657142857142857,24,-2285.22983880418,203653
12733,-2.833333333333333,43,-2288.0631721375134,203696
12734,6.166666666666666,29,-2281.896505470847,203725
12735,-3.511111111111111,21,-2285.407616581958,203746
12736,0.0,6,-2285.407616581958,203752
12737,-1.1666666666666665,16,-2286.5742832486244,203768
12738,2.333333333333333,23,-2284.240949915291,203791
12739,-1.1538461538461537,23,-2285.394796069137,203814
12740,2.0588235294117645,22,-2283.3359725397254,203836
12741,1.0588235294117647,18,-2282.2771490103137,203854
12742,-6.904761904761904,18,-2289.1819109150756,203872
12743,1.866666666666667,10,-2287.315244248409,203882
12744,-2.0,5,-2289.315244248409,203887
12745,-5.0,24,-2294.315244248409,203911
12746,-0.3333333333333339,26,-2294.6485775817423,203937
12747,0.25,9,-2294.3985775817423,203946
12748,-1.3333333333333333,12,-2295.731910915076,203958
12749,0.0,1,-2295.731910915076,203959
12750,0.0,6,-2295.731910915076,203965
12751,-3.0,15,-2298.731910915076,203980
12752,5.0,20,-2293.731910915076,204000
12753,3.0,11,-2290.731910915076,204011
12754,-1.0,6,-2291.731910915076,204017
12755,0.0,6,-2291.731910915076,204023
12756,0.0,13,-2291.731910915076,204036
12757,1.0,10,-2290.731910915076,204046
12758,7.0,28,-2283.731910915076,204074
12759,7.5,35,-2276.231910915076,204109
12760,0.0,5,-2276.231910915076,204114
12761,-2.0,4,-2278.231910915076,204118
12762,-4.0,12,-2282.231910915076,204130
12763,-1.6666666666666665,6,-2283.8985775817423,204136
12764,6.0,12,-2277.8985775817423,204148
12765,3.0,5,-2274.8985775817423,204153
12766,1.3333333333333333,4,-2273.565244248409,204157
12767,0.0,21,-2273.565244248409,204178
12768,2.333333333333333,12,-2271.2319109150753,204190
12769,7.2,54,-2264.0319109150755,204244
12770,-2.5,22,-2266.5319109150755,204266
12771,-2.5,16,-2269.0319109150755,204282
12772,3.533333333333334,29,-2265.498577581742,204311
12773,-4.0,11,-2269.498577581742,204322
12774,0.0,6,-2269.498577581742,204328
12775,-2.5,5,-2271.998577581742,204333
12776,0.5,4,-2271.498577581742,204337
12777,1.8333333333333337,26,-2269.6652442484087,204363
12778,-0.5714285714285712,12,-2270.236672819837,204375
12779,0.0,8,-2270.236672819837,204383
12780,3.666666666666667,22,-2266.5700061531707,204405
12781,-7.0,18,-2273.5700061531707,204423
12782,-5.4,5,-2278.9700061531707,204428
12783,-5.9,14,-2284.870006153171,204442
12784,-5.0,10,-2289.870006153171,204452
12785,-1.0,10,-2290.870006153171,204462
12786,-2.0,34,-2292.870006153171,204496
12787,3.2016806722689073,22,-2289.668325480902,204518
12788,1.0,9,-2288.668325480902,204527
12789,1.0,4,-2287.668325480902,204531
12790,2.892857142857143,19,-2284.7754683380444,204550
12791,1.0,7,-2283.7754683380444,204557
12792,0.0,7,-2283.7754683380444,204564
12793,-2.0,4,-2285.7754683380444,204568
12794,-1.5714285714285714,11,-2287.346896909473,204579
12795,0.0,4,-2287.346896909473,204583
12796,2.5,4,-2284.846896909473,204587
12797,0.4285714285714286,7,-2284.4183254809013,204594
12798,0.0,7,-2284.4183254809013,204601
12799,-1.0,22,-2285.4183254809013,204623
12800,3.0,15,-2282.4183254809013,204638
12801,-1.666666666666667,22,-2284.084992147568,204660
12802,1.0,9,-2283.084992147568,204669
12803,0.3999999999999999,26,-2282.6849921475678,204695
12804,-6.5,13,-2289.1849921475678,204708
12805,-1.25,35,-2290.4349921475678,204743
12806,1.0,7,-2289.4349921475678,204750
12807,0.0,2,-2289.4349921475678,204752
12808,-2.357142857142857,22,-2291.7921350047104,204774
12809,0.3333333333333333,4,-2291.458801671377,204778
12810,6.25,25,-2285.208801671377,204803
12811,0.0,5,-2285.208801671377,204808
12812,0.0,2,-2285.208801671377,204810
12813,-5.5,11,-2290.708801671377,204821
12814,8.7,19,-2282.008801671377,204840
12815,2.0,6,-2280.008801671377,204846
12816,4.0,12,-2276.008801671377,204858
12817,4.75,39,-2271.258801671377,204897
12818,2.0,9,-2269.258801671377,204906
12819,1.0,15,-2268.258801671377,204921
12820,0.0,10,-2268.258801671377,204931
12821,4.0,11,-2264.258801671377,204942
12822,3.8666666666666667,26,-2260.3921350047103,204968
12823,1.0,11,-2259.3921350047103,204979
12824,-1.7999999999999998,6,-2261.1921350047105,204985
12825,4.0,24,-2257.1921350047105,205009
12826,-11.0,31,-2268.1921350047105,205040
12827,-5.0,28,-2273.1921350047105,205068
12828,-2.3333333333333335,28,-2275.525468338044,205096
12829,-1.6666666666666665,26,-2277.1921350047105,205122
12830,4.0,15,-2273.1921350047105,205137
12831,-1.0,19,-2274.1921350047105,205156
12832,-1.4166666666666667,31,-2275.608801671377,205187
12833,-3.25,18,-2278.858801671377,205205
12834,3.75,9,-2275.108801671377,205214
12835,5.928571428571429,13,-2269.1802302428055,205227
12836,0.0,1,-2269.1802302428055,205228
12837,0.0,2,-2269.1802302428055,205230
12838,3.0,3,-2266.1802302428055,205233
12839,0.0,1,-2266.1802302428055,205234
12840,4.2,19,-2261.9802302428056,205253
12841,9.428571428571429,24,-2252.551658814234,205277
12842,-1.0,10,-2253.551658814234,205287
12843,0.0,3,-2253.551658814234,205290
12844,1.5,6,-2252.051658814234,205296
12845,1.0,4,-2251.051658814234,205300
12846,0.0,3,-2251.051658814234,205303
12847,0.0,1,-2251.051658814234,205304
12848,0.0,1,-2251.051658814234,205305
12849,0.0,1,-2251.051658814234,205306
12850,1.0,5,-2250.051658814234,205311
12851,2.5,9,-2247.551658814234,205320
12852,-12.496212121212121,22,-2260.047870935446,205342
12853,-3.0,3,-2263.047870935446,205345
12854,-2.4,18,-2265.447870935446,205363
12855,-0.4545454545454546,4,-2265.9024163899917,205367
12856,2.0,5,-2263.9024163899917,205372
12857,-3.6666666666666665,6,-2267.569083056658,205378
12858,4.083333333333334,10,-2263.4857497233247,205388
12859,0.8666666666666669,4,-2262.619083056658,205392
12860,0.0,6,-2262.619083056658,205398
12861,2.0,13,-2260.619083056658,205411
12862,0.0,3,-2260.619083056658,205414
12863,-9.80952380952381,16,-2270.428606866182,205430
12864,-3.0,6,-2273.428606866182,205436
12865,0.0,9,-2273.428606866182,205445
12866,-6.204761904761904,29,-2279.633368770944,205474
12867,2.428571428571429,13,-2277.2047973423723,205487
12868,0.6285714285714288,5,-2276.576225913801,205492
12869,0.33333333333333326,9,-2276.2428925804675,205501
12870,-1.333333333333333,33,-2277.576225913801,205534
12871,8.678571428571429,45,-2268.8976544852294,205579
12872,-1.0,6,-2269.8976544852294,205585
12873,2.0,2,-2267.8976544852294,205587
12874,3.0,13,-2264.8976544852294,205600
12875,-4.0,10,-2268.8976544852294,205610
12876,-0.25,4,-2269.1476544852294,205614
12877,-2.0,4,-2271.1476544852294,205618
12878,-0.5,10,-2271.6476544852294,205628
12879,3.0,2,-2268.6476544852294,205630
12880,-2.0,10,-2270.6476544852294,205640
12881,-2.0,3,-2272.6476544852294,205643
12882,-2.0,2,-2274.6476544852294,205645
12883,0.0,3,-2274.6476544852294,205648
12884,-5.0,6,-2279.6476544852294,205654
12885,-0.5,16,-2280.1476544852294,205670
12886,0.0,10,-2280.1476544852294,205680
12887,0.6666666666666665,34,-2279.480987818563,205714
12888,2.0,9,-2277.480987818563,205723
12889,-2.25,15,-2279.730987818563,205738
12890,0.0,7,-2279.730987818563,205745
12891,-2.0,8,-2281.730987818563,205753
12892,0.3333333333333333,4,-2281.3976544852294,205757
12893,-2.0,7,-2283.3976544852294,205764
12894,-2.5,8,-2285.8976544852294,205772
12895,-2.0,7,-2287.8976544852294,205779
12896,1.5,9,-2286.3976544852294,205788
12897,2.333333333333333,21,-2284.064321151896,205809
12898,5.0,2,-2279.064321151896,205811
12899,-1.6666666666666667,15,-2280.7309878185624,205826
12900,-1.0,9,-2281.7309878185624,205835
12901,-3.25,15,-2284.9809878185624,205850
12902,4.0,7,-2280.9809878185624,205857
12903,-0.5,5,-2281.4809878185624,205862
12904,2.0,11,-2279.4809878185624,205873
12905,4.0,6,-2275.4809878185624,205879
12906,-8.0,14,-2283.4809878185624,205893
12907,1.0,31,-2282.4809878185624,205924
12908,-2.0,6,-2284.4809878185624,205930
12909,12.416666666666668,47,-2272.064321151896,205977
12910,1.75,15,-2270.314321151896,205992
12911,3.0,7,-2267.314321151896,205999
12912,-1.0,14,-2268.314321151896,206013
12913,-4.035714285714286,37,-2272.35003543761,206050
12914,0.0,6,-2272.35003543761,206056
12915,-2.666666666666667,27,-2275.0167021042766,206083
12916,-8.11111111111111,43,-2283.127813215388,206126
12917,-1.5,43,-2284.627813215388,206169
12918,-1.5714285714285714,2,-2286.1992417868164,206171
12919,-1.5714285714285714,2,-2287.770670358245,206173
12920,-2.0,9,-2289.770670358245,206182
12921,-5.404761904761904,31,-2295.1754322630068,206213
12922,-2.0,5,-2297.1754322630068,206218
12923,1.0588235294117645,10,-2296.116608733595,206228
12924,0.4285714285714286,24,-2295.6880373050235,206252
12925,-1.5714285714285714,2,-2297.259465876452,206254
12926,-1.5714285714285714,2,-2298.8308944478804,206256
12927,-2.0,15,-2300.8308944478804,206271
12928,-8.0,25,-2308.8308944478804,206296
12929,-4.5,33,-2313.3308944478804,206329
12930,0.0,5,-2313.3308944478804,206334
12931,8.0,21,-2305.3308944478804,206355
12932,-1.3333333333333333,26,-2306.664227781214,206381
12933,0.3333333333333335,23,-2306.3308944478804,206404
12934,-6.5,40,-2312.8308944478804,206444
12935,7.25,38,-2305.5808944478804,206482
12936,0.33333333333333337,13,-2305.247561114547,206495
12937,0.0,4,-2305.247561114547,206499
12938,-6.0,10,-2311.247561114547,206509
12939,-9.452380952380953,49,-2320.6999420669276,206558
12940,2.0,10,-2318.6999420669276,206568
12941,1.0,8,-2317.6999420669276,206576
12942,0.75,48,-2316.9499420669276,206624
12943,-8.0,15,-2324.9499420669276,206639
12944,-3.5,17,-2328.4499420669276,206656
12945,-2.2142857142857144,17,-2330.6642277812134,206673
12946,-3.333333333333333,9,-2333.997561114547,206682
12947,2.0,17,-2331.997561114547,206699
12948,-2.75,23,-2334.747561114547,206722
12949,0.0,5,-2334.747561114547,206727
12950,-5.433333333333334,37,-2340.1808944478803,206764
12951,-1.0,8,-2341.1808944478803,206772
12952,-1.0,8,-2342.1808944478803,206780
12953,-1.0,19,-2343.1808944478803,206799
12954,6.0,26,-2337.1808944478803,206825
12955,-1.0,13,-2338.1808944478803,206838
12956,-5.0,8,-2343.1808944478803,206846
12957,4.0,10,-2339.1808944478803,206856
12958,0.0,13,-2339.1808944478803,206869
12959,5.800000000000001,21,-2333.38089444788,206890
12960,0,0,-2333.38089444788,206890
12961,0,0,-2333.38089444788,206890
12962,2.0,5,-2331.38089444788,206895
12963,0.9500000000000002,20,-2330.4308944478803,206915
12964,-3.0,10,-2333.4308944478803,206925
12965,2.0,12,-2331.4308944478803,206937
12966,0,0,-2331.4308944478803,206937
12967,0,0,-2331.4308944478803,206937
12968,0,0,-2331.4308944478803,206937
12969,0.0,2,-2331.4308944478803,206939
12970,0.0,1,-2331.4308944478803,206940
12971,0,0,-2331.4308944478803,206940
12972,0,0,-2331.4308944478803,206940
12973,0,0,-2331.4308944478803,206940
12974,3.0,7,-2328.4308944478803,206947
12975,1.0,4,-2327.4308944478803,206951
12976,5.6,14,-2321.8308944478804,206965
12977,3.333333333333334,19,-2318.497561114547,206984
12978,3.0,3,-2315.497561114547,206987
12979,0.0,2,-2315.497561114547,206989
12980,0.33333333333333326,13,-2315.1642277812134,207002
12981,1.0,4,-2314.1642277812134,207006
12982,4.0,9,-2310.1642277812134,207015
12983,-1.0,5,-2311.1642277812134,207020
12984,2.0,4,-2309.1642277812134,207024
12985,-0.25,14,-2309.4142277812134,207038
12986,-2.0,11,-2311.4142277812134,207049
12987,-0.6190476190476188,21,-2312.033275400261,207070
12988,-1.6666666666666665,20,-2313.6999420669276,207090
12989,-1.0,19,-2314.6999420669276,207109
12990,0.75,36,-2313.9499420669276,207145
12991,-2.4411764705882355,37,-2316.391118537516,207182
12992,2.0,26,-2314.391118537516,207208
12993,-6.5,6,-2320.891118537516,207214
12994,-2.25,30,-2323.141118537516,207244
12995,-2.0,21,-2325.141118537516,207265
12996,0.0,1,-2325.141118537516,207266
12997,-2.0,2,-2327.141118537516,207268
12998,-2.0,2,-2329.141118537516,207270
12999,3.0,2,-2326.141118537516,207272
13000,0.0,3,-2326.141118537516,207275
13001,-4.333333333333334,23,-2330.4744518708494,207298
13002,0.0,1,-2330.4744518708494,207299
13003,0.0,2,-2330.4744518708494,207301
13004,-4.666666666666667,6,-2335.141118537516,207307
13005,-6.666666666666667,5,-2341.8077852041824,207312
13006,-0.41666666666666696,36,-2342.224451870849,207348
13007,17.25,38,-2324.974451870849,207386
13008,-3.666666666666668,25,-2328.6411185375155,207411
13009,-2.0,6,-2330.6411185375155,207417
13010,2.0,2,-2328.6411185375155,207419
13011,-6.333333333333334,32,-2334.974451870849,207451
13012,7.117647058823529,24,-2327.8568048120255,207475
13013,0.0,1,-2327.8568048120255,207476
13014,-4.666666666666667,2,-2332.523471478692,207478
13015,-1.0,12,-2333.523471478692,207490
13016,0.0,11,-2333.523471478692,207501
13017,4.75,31,-2328.773471478692,207532
13018,-9.666666666666668,18,-2338.4401381453586,207550
13019,4.033333333333333,28,-2334.4068048120253,207578
13020,-2.3,27,-2336.7068048120254,207605
13021,0.0,2,-2336.7068048120254,207607
13022,-2.0,18,-2338.7068048120254,207625
13023,-3.5,17,-2342.2068048120254,207642
13024,-1.05,7,-2343.2568048120256,207649
13025,-6.0,14,-2349.2568048120256,207663
13026,-1.8,13,-2351.056804812026,207676
13027,-6.333333333333334,7,-2357.3901381453593,207683
13028,0.0,20,-2357.3901381453593,207703
13029,-1.0,13,-2358.3901381453593,207716
13030,-8.882352941176471,34,-2367.272491086536,207750
13031,-4.666666666666667,39,-2371.9391577532024,207789
13032,2.5,13,-2369.4391577532024,207802
13033,4.0,22,-2365.4391577532024,207824
13034,-2.333333333333334,13,-2367.772491086536,207837
13035,-4.238095238095238,17,-2372.0105863246313,207854
13036,-7.0,6,-2379.0105863246313,207860
13037,2.0,5,-2377.0105863246313,207865
13038,0.0,10,-2377.0105863246313,207875
13039,-7.666666666666667,3,-2384.677252991298,207878
13040,0.0,2,-2384.677252991298,207880
13041,0.0,3,-2384.677252991298,207883
13042,2.0,3,-2382.677252991298,207886
13043,-2.0,9,-2384.677252991298,207895
13044,-1.0,10,-2385.677252991298,207905
13045,0.0,20,-2385.677252991298,207925
13046,-1.0,23,-2386.677252991298,207948
13047,-0.666666666666667,11,-2387.3439196579643,207959
13048,0.0,5,-2387.3439196579643,207964
13049,0.3333333333333333,7,-2387.010586324631,207971
13050,0.3333333333333333,3,-2386.6772529912973,207974
13051,-0.6666666666666665,14,-2387.343919657964,207988
13052,-2.916666666666667,41,-2390.2605863246304,208029
13053,-2.0,9,-2392.2605863246304,208038
13054,2.0,3,-2390.2605863246304,208041
13055,0,0,-2390.2605863246304,208041
13056,0,0,-2390.2605863246304,208041
13057,1.0,16,-2389.2605863246304,208057
13058,0.0,5,-2389.2605863246304,208062
13059,-0.25,15,-2389.5105863246304,208077
13060,0.0,8,-2389.5105863246304,208085
13061,-6.333333333333334,21,-2395.843919657964,208106
13062,1.0,9,-2394.843919657964,208115
13063,-6.666666666666667,3,-2401.5105863246304,208118
13064,3.0,5,-2398.5105863246304,208123
13065,2.0,3,-2396.5105863246304,208126
13066,0.0,1,-2396.5105863246304,208127
13067,1.0,3,-2395.5105863246304,208130
13068,-0.5,10,-2396.0105863246304,208140
13069,2.0,11,-2394.0105863246304,208151
13070,3.5,19,-2390.5105863246304,208170
13071,-20.333333333333332,18,-2410.843919657964,208188
13072,2.0,17,-2408.843919657964,208205
13073,-2.0,2,-2410.843919657964,208207
13074,4.5,23,-2406.343919657964,208230
13075,-0.25,6,-2406.593919657964,208236
13076,-1.0,16,-2407.593919657964,208252
13077,0.0,2,-2407.593919657964,208254
13078,0.0,2,-2407.593919657964,208256
13079,-1.6333333333333342,33,-2409.227252991297,208289
13080,0.0,1,-2409.227252991297,208290
13081,0.0,1,-2409.227252991297,208291
13082,-3.0,3,-2412.227252991297,208294
13083,2.0,2,-2410.227252991297,208296
13084,2.0,2,-2408.227252991297,208298
13085,-5.252380952380952,20,-2413.479633943678,208318
13086,1.3333333333333333,3,-2412.1463006103445,208321
13087,0.0,5,-2412.1463006103445,208326
13088,0.0,3,-2412.1463006103445,208329
13089,0.0,2,-2412.1463006103445,208331
13090,0.0,3,-2412.1463006103445,208334
13091,-2.0,8,-2414.1463006103445,208342
13092,-6.5,14,-2420.6463006103445,208356
13093,-2.3333333333333335,4,-2422.979633943678,208360
13094,0.0,4,-2422.979633943678,208364
13095,-2.0,5,-2424.979633943678,208369
13096,0.0,5,-2424.979633943678,208374
13097,0.0,9,-2424.979633943678,208383
13098,-18.607843137254903,43,-2443.587477080933,208426
13099,3.6666666666666665,30,-2439.9208104142663,208456
13100,-2.3333333333333335,19,-2442.2541437475998,208475
13101,-3.8,18,-2446.0541437476,208493
13102,2.0,4,-2444.0541437476,208497
13103,2.0,11,-2442.0541437476,208508
13104,-2.666666666666667,12,-2444.7208104142665,208520
13105,-2.0,16,-2446.7208104142665,208536
13106,1.0,11,-2445.7208104142665,208547
13107,-0.5,11,-2446.2208104142665,208558
13108,-1.0,14,-2447.2208104142665,208572
13109,-2.4,19,-2449.6208104142665,208591
13110,-7.190476190476191,14,-2456.8112866047427,208605
13111,-0.9523809523809523,27,-2457.7636675571234,208632
13112,13.166666666666666,68,-2444.597000890457,208700
13113,-2.0833333333333335,43,-2446.6803342237904,208743
13114,1.0,21,-2445.6803342237904,208764
13115,5.0,9,-2440.6803342237904,208773
13116,2.0,38,-2438.6803342237904,208811
13117,0.0,6,-2438.6803342237904,208817
13118,0.0,22,-2438.6803342237904,208839
13119,-3.3333333333333335,14,-2442.013667557124,208853
13120,0.5,20,-2441.513667557124,208873
13121,-0.5,13,-2442.013667557124,208886
13122,-0.8571428571428572,12,-2442.8708104142665,208898
13123,0.0,4,-2442.8708104142665,208902
13124,-1.0,17,-2443.8708104142665,208919
13125,9.0,23,-2434.8708104142665,208942
13126,-2.5,9,-2437.3708104142665,208951
13127,-2.0,17,-2439.3708104142665,208968
13128,-6.125,18,-2445.4958104142665,208986
13129,-4.0,15,-2449.4958104142665,209001
13130,3.166666666666667,33,-2446.3291437476,209034
13131,5.0,7,-2441.3291437476,209041
13132,4.333333333333333,23,-2436.9958104142665,209064
13133,3.2222222222222223,26,-2433.7735881920444,209090
13134,-2.0,14,-2435.7735881920444,209104
13135,3.6,6,-2432.1735881920445,209110
13136,7.6,18,-2424.5735881920446,209128
13137,7.0,18,-2417.5735881920446,209146
13138,-1.0,7,-2418.5735881920446,209153
13139,2.0,13,-2416.5735881920446,209166
13140,-1.0,12,-2417.5735881920446,209178
13141,5.916666666666667,51,-2411.656921525378,209229
13142,2.388888888888889,32,-2409.2680326364894,209261
13143,-1.1666666666666665,10,-2410.434699303156,209271
13144,-2.2,29,-2412.6346993031557,209300
13145,-2.75,18,-2415.3846993031557,209318
13146,-0.9411764705882353,12,-2416.325875773744,209330
13147,0.0,9,-2416.325875773744,209339
13148,-2.0,4,-2418.325875773744,209343
13149,-2.6666666666666665,9,-2420.9925424404105,209352
13150,0.0,19,-2420.9925424404105,209371
13151,10.688311688311687,36,-2410.3042307520986,209407
13152,-3.25,9,-2413.5542307520986,209416
13153,-7.5,25,-2421.0542307520986,209441
13154,-0.33333333333333326,5,-2421.387564085432,209446
13155,-3.6666666666666665,4,-2425.0542307520986,209450
13156,0.33333333333333337,20,-2424.720897418765,209470
13157,1.0,23,-2423.720897418765,209493
13158,-2.0,6,-2425.720897418765,209499
13159,1.0,4,-2424.720897418765,209503
13160,1.5,8,-2423.220897418765,209511
13161,2.2954545454545454,40,-2420.9254428733107,209551
13162,0.0,2,-2420.9254428733107,209553
13163,5.0,7,-2415.9254428733107,209560
13164,0.0,4,-2415.9254428733107,209564
13165,1.3333333333333335,23,-2414.592109539977,209587
13166,1.166666666666667,24,-2413.4254428733107,209611
13167,-2.0,8,-2415.4254428733107,209619
13168,-1.0,21,-2416.4254428733107,209640
13169,-0.5,26,-2416.9254428733107,209666
13170,2.5,20,-2414.4254428733107,209686
13171,-4.833333333333332,42,-2419.258776206644,209728
13172,13.466666666666667,49,-2405.7921095399774,209777
13173,4.666666666666666,44,-2401.125442873311,209821
13174,-1.0,18,-2402.125442873311,209839
13175,-9.5,26,-2411.625442873311,209865
13176,-8.583333333333332,27,-2420.2087762066444,209892
13177,0.6666666666666667,20,-2419.542109539978,209912
13178,-0.75,23,-2420.292109539978,209935
13179,0.0,10,-2420.292109539978,209945
13180,-4.0,20,-2424.292109539978,209965
13181,-6.333333333333334,18,-2430.6254428733114,209983
13182,-2.0,18,-2432.6254428733114,210001
13183,0.5,12,-2432.1254428733114,210013
13184,-10.25,43,-2442.3754428733114,210056
13185,-1.0,16,-2443.3754428733114,210072
13186,0.0,9,-2443.3754428733114,210081
13187,2.0,13,-2441.3754428733114,210094
13188,-0.19999999999999996,13,-2441.575442873311,210107
13189,4.892857142857142,31,-2436.682585730454,210138
13190,-2.0,15,-2438.682585730454,210153
13191,3.0,11,-2435.682585730454,210164
13192,-3.0,25,-2438.682585730454,210189
13193,4.5,10,-2434.182585730454,210199
13194,3.0,15,-2431.182585730454,210214
13195,2.5,22,-2428.682585730454,210236
13196,5.9,24,-2422.782585730454,210260
13197,-6.611111111111111,17,-2429.393696841565,210277
13198,4.2,17,-2425.1936968415653,210294
13199,1.0,9,-2424.1936968415653,210303
13200,7.0,9,-2417.1936968415653,210312
13201,2.0,24,-2415.1936968415653,210336
13202,2.545454545454545,32,-2412.6482422961108,210368
13203,-1.0,34,-2413.6482422961108,210402
13204,2.0,3,-2411.6482422961108,210405
13205,2.0,2,-2409.6482422961108,210407
13206,1.0,9,-2408.6482422961108,210416
13207,0.0,3,-2408.6482422961108,210419
13208,-6.583333333333333,13,-2415.2315756294443,210432
13209,3.0,7,-2412.2315756294443,210439
13210,-1.0,14,-2413.2315756294443,210453
13211,-0.3333333333333335,18,-2413.5649089627777,210471
13212,3.2,21,-2410.364908962778,210492
13213,0.0,13,-2410.364908962778,210505
13214,3.0,2,-2407.364908962778,210507
13215,0.0,3,-2407.364908962778,210510
13216,3.0,3,-2404.364908962778,210513
13217,3.0,7,-2401.364908962778,210520
13218,1.0,5,-2400.364908962778,210525
13219,5.333333333333334,9,-2395.0315756294444,210534
13220,5.068181818181818,25,-2389.9633938112624,210559
13221,4.25,23,-2385.7133938112624,210582
13222,2.2,4,-2383.5133938112626,210586
13223,-3.5,10,-2387.0133938112626,210596
13224,2.0,19,-2385.0133938112626,210615
13225,-2.5,15,-2387.5133938112626,210630
13226,-1.0,11,-2388.5133938112626,210641
13227,1.9500000000000002,6,-2386.563393811263,210647
13228,-3.25,11,-2389.813393811263,210658
13229,-0.25,6,-2390.063393811263,210664
13230,-3.55,25,-2393.613393811263,210689
13231,2.0,11,-2391.613393811263,210700
13232,-2.0,7,-2393.613393811263,210707
13233,3.666666666666667,20,-2389.9467271445965,210727
13234,0.5,38,-2389.4467271445965,210765
13235,-5.333333333333333,16,-2394.78006047793,210781
13236,-3.5,21,-2398.28006047793,210802
13237,-1.9411764705882353,19,-2400.2212369485183,210821
13238,-2.0,27,-2402.2212369485183,210848
13239,-1.0,5,-2403.2212369485183,210853
13240,1.5,18,-2401.7212369485183,210871
13241,-3.0,36,-2404.7212369485183,210907
13242,1.0,27,-2403.7212369485183,210934
13243,-2.0,26,-2405.7212369485183,210960
13244,-3.5416666666666665,44,-2409.2629036151848,211004
13245,2.0,20,-2407.2629036151848,211024
13246,-2.3,42,-2409.562903615185,211066
13247,-7.5,20,-2417.062903615185,211086
13248,-2.9047619047619047,26,-2419.967665519947,211112
13249,-2.0,9,-2421.967665519947,211121
13250,0.16666666666666607,43,-2421.8009988532804,211164
13251,-1.0,29,-2422.8009988532804,211193
13252,1.0,12,-2421.8009988532804,211205
13253,-1.0,14,-2422.8009988532804,211219
13254,2.5,28,-2420.3009988532804,211247
13255,1.366666666666667,31,-2418.9343321866136,211278
13256,1.0,4,-2417.9343321866136,211282
13257,0.0,7,-2417.9343321866136,211289
13258,-1.0,12,-2418.9343321866136,211301
13259,1.25,15,-2417.6843321866136,211316
13260,-6.857142857142858,32,-2424.5414750437562,211348
13261,7.833333333333334,55,-2416.7081417104228,211403
13262,-2.6538461538461537,27,-2419.361987864269,211430
13263,-2.875,20,-2422.236987864269,211450
13264,-2.333333333333333,24,-2424.5703211976024,211474
13265,1.0,14,-2423.5703211976024,211488
13266,0.0,11,-2423.5703211976024,211499
13267,1.25,20,-2422.3203211976024,211519
13268,2.0,16,-2420.3203211976024,211535
13269,-3.0,14,-2423.3203211976024,211549
13270,-2.0,15,-2425.3203211976024,211564
13271,0.0,30,-2425.3203211976024,211594
13272,4.333333333333334,19,-2420.986987864269,211613
13273,5.666666666666666,21,-2415.3203211976024,211634
13274,-3.5,39,-2418.8203211976024,211673
13275,-2.0,15,-2420.8203211976024,211688
13276,0.95,41,-2419.8703211976026,211729
13277,0.75,31,-2419.1203211976026,211760
13278,-6.0,20,-2425.1203211976026,211780
13279,7.5,27,-2417.6203211976026,211807
13280,-2.5,23,-2420.1203211976026,211830
13281,-1.0,26,-2421.1203211976026,211856
13282,-2.0,7,-2423.1203211976026,211863
13283,2.428571428571429,18,-2420.691749769031,211881
13284,7.583333333333332,29,-2413.1084164356976,211910
13285,-1.4,26,-2414.5084164356977,211936
13286,5.5,28,-2409.0084164356977,211964
13287,6.5,25,-2402.5084164356977,211989
13288,-1.0,16,-2403.5084164356977,212005
13289,0.0,10,-2403.5084164356977,212015
13290,-1.5,13,-2405.0084164356977,212028
13291,4.0,22,-2401.0084164356977,212050
13292,-3.0,10,-2404.0084164356977,212060
13293,5.0,26,-2399.0084164356977,212086
13294,1.6,22,-2397.4084164356977,212108
13295,-1.0,7,-2398.4084164356977,212115
13296,-2.9,25,-2401.308416435698,212140
13297,5.166666666666667,38,-2396.1417497690313,212178
13298,0.0,7,-2396.1417497690313,212185
13299,3.0,7,-2393.1417497690313,212192
13300,-4.0,13,-2397.1417497690313,212205
13301,0.0,5,-2397.1417497690313,212210
13302,1.5,4,-2395.6417497690313,212214
13303,2.0,8,-2393.6417497690313,212222
13304,0.9500000000000002,30,-2392.6917497690315,212252
13305,1.0,11,-2391.6917497690315,212263
13306,-1.5,16,-2393.1917497690315,212279
13307,0.0,5,-2393.1917497690315,212284
13308,-4.833333333333333,17,-2398.025083102365,212301
13309,-1.0,10,-2399.025083102365,212311
13310,1.0,13,-2398.025083102365,212324
13311,3.388888888888889,30,-2394.6361942134763,212354
13312,-4.714285714285714,29,-2399.350479927762,212383
13313,3.0,3,-2396.350479927762,212386
13314,0.3333333333333333,2,-2396.0171465944286,212388
13315,-2.0,2,-2398.0171465944286,212390
13316,0.0,14,-2398.0171465944286,212404
13317,6.388888888888889,19,-2391.62825770554,212423
13318,0.0,6,-2391.62825770554,212429
13319,-2.25,25,-2393.87825770554,212454
13320,2.5,19,-2391.37825770554,212473
13321,0.0,26,-2391.37825770554,212499
13322,2.0,8,-2389.37825770554,212507
13323,0.0,2,-2389.37825770554,212509
13324,2.6309523809523814,38,-2386.7473053245876,212547
13325,0.0,10,-2386.7473053245876,212557
13326,3.0,8,-2383.7473053245876,212565
13327,-1.0,7,-2384.7473053245876,212572
13328,1.0,2,-2383.7473053245876,212574
13329,-7.416666666666667,40,-2391.163971991254,212614
13330,-2.5,29,-2393.663971991254,212643
13331,-0.33333333333333326,10,-2393.9973053245876,212653
13332,-2.821428571428571,15,-2396.818733896016,212668
13333,-7.333333333333334,14,-2404.1520672293495,212682
13334,-8.25,20,-2412.4020672293495,212702
13335,-4.5,11,-2416.9020672293495,212713
13336,-1.0500000000000005,38,-2417.9520672293497,212751
13337,-6.333333333333334,29,-2424.285400562683,212780
13338,-0.22857142857142843,19,-2424.5139719912545,212799
13339,-2.5,7,-2427.0139719912545,212806
13340,-5.0,5,-2432.0139719912545,212811
13341,-3.0,3,-2435.0139719912545,212814
13342,0.0,3,-2435.0139719912545,212817
13343,0.0,6,-2435.0139719912545,212823
13344,0.0,9,-2435.0139719912545,212832
13345,-3.133333333333333,28,-2438.1473053245877,212860
13346,3.333333333333333,44,-2434.813971991254,212904
13347,4.833333333333333,30,-2429.9806386579207,212934
13348,5.666666666666667,26,-2424.313971991254,212960
13349,0.6666666666666667,15,-2423.6473053245877,212975
13350,0.8333333333333333,15,-2422.813971991254,212990
13351,-1.05,13,-2423.8639719912544,213003
13352,4.888888888888889,25,-2418.9750831023657,213028
13353,5.0,23,-2413.9750831023657,213051
13354,-2.0,19,-2415.9750831023657,213070
13355,-2.0666666666666664,19,-2418.0417497690323,213089
13356,-3.0,26,-2421.0417497690323,213115
13357,-0.75,12,-2421.7917497690323,213127
13358,-3.571428571428571,12,-2425.3631783404608,213139
13359,0.5,4,-2424.8631783404608,213143
13360,2.0,3,-2422.8631783404608,213146
13361,3.142857142857143,6,-2419.7203211976034,213152
13362,0.0,5,-2419.7203211976034,213157
13363,-3.666666666666667,11,-2423.38698786427,213168
13364,-2.0,7,-2425.38698786427,213175
13365,1.75,9,-2423.63698786427,213184
13366,-1.5,7,-2425.13698786427,213191
13367,9.2,8,-2415.93698786427,213199
13368,1.0,3,-2414.93698786427,213202
13369,-1.6666666666666667,23,-2416.6036545309366,213225
13370,0.0,1,-2416.6036545309366,213226
13371,0.0,2,-2416.6036545309366,213228
13372,0.0,4,-2416.6036545309366,213232
13373,-1.0,6,-2417.6036545309366,213238
13374,4.0,2,-2413.6036545309366,213240
13375,0.0,8,-2413.6036545309366,213248
13376,0.0,8,-2413.6036545309366,213256
13377,-4.0,6,-2417.6036545309366,213262
13378,0.0,4,-2417.6036545309366,213266
13379,-7.05,24,-2424.653654530937,213290
13380,0.0,12,-2424.653654530937,213302
13381,2.0,20,-2422.653654530937,213322
13382,-5.4,16,-2428.053654530937,213338
13383,2.666666666666667,17,-2425.3869878642704,213355
13384,0.0,10,-2425.3869878642704,213365
13385,1.0,26,-2424.3869878642704,213391
13386,-2.4,8,-2426.7869878642705,213399
13387,-6.75,21,-2433.5369878642705,213420
13388,1.0,7,-2432.5369878642705,213427
13389,4.0,21,-2428.5369878642705,213448
13390,-4.166666666666666,39,-2432.703654530937,213487
13391,-1.2999999999999998,11,-2434.003654530937,213498
13392,0.8333333333333333,11,-2433.1703211976037,213509
13393,0.5,5,-2432.6703211976037,213514
13394,-3.5,25,-2436.1703211976037,213539
13395,-2.0,13,-2438.1703211976037,213552
13396,2.628571428571429,15,-2435.5417497690323,213567
13397,-1.0,5,-2436.5417497690323,213572
13398,0.0,14,-2436.5417497690323,213586
13399,-6.0,7,-2442.5417497690323,213593
13400,-1.3333333333333333,5,-2443.875083102366,213598
13401,1.0,7,-2442.875083102366,213605
13402,-1.0,4,-2443.875083102366,213609
13403,-3.9714285714285715,26,-2447.8465116737943,213635
13404,-1.9411764705882353,24,-2449.7876881443826,213659
13405,-6.0,44,-2455.7876881443826,213703
13406,4.5,36,-2451.2876881443826,213739
13407,-1.0,13,-2452.2876881443826,213752
13408,5.75,14,-2446.5376881443826,213766
13409,4.5,17,-2442.0376881443826,213783
13410,1.5,15,-2440.5376881443826,213798
13411,-7.266666666666667,33,-2447.8043548110495,213831
13412,-4.133333333333333,25,-2451.9376881443827,213856
13413,1.5,25,-2450.4376881443827,213881
13414,2.0,16,-2448.4376881443827,213897
13415,0.0,5,-2448.4376881443827,213902
13416,3.25,25,-2445.1876881443827,213927
13417,-2.8,13,-2447.987688144383,213940
13418,-6.5,21,-2454.487688144383,213961
13419,-3.8333333333333335,17,-2458.3210214777164,213978
13420,-2.0,6,-2460.3210214777164,213984
13421,5.5,25,-2454.8210214777164,214009
13422,0.0,7,-2454.8210214777164,214016
13423,3.8333333333333335,27,-2450.987688144383,214043
13424,3.2,31,-2447.787688144383,214074
13425,-2.0,15,-2449.787688144383,214089
13426,5.944444444444445,22,-2443.8432436999387,214111
13427,8.61111111111111,47,-2435.2321325888274,214158
13428,5.111111111111111,50,-2430.121021477716,214208
13429,-5.0,35,-2435.121021477716,214243
13430,1.5,23,-2433.621021477716,214266
13431,-3.25,14,-2436.871021477716,214280
13432,3.0,27,-2433.871021477716,214307
13433,-4.066666666666666,26,-2437.9376881443827,214333
13434,7.5,28,-2430.4376881443827,214361
13435,-3.0,21,-2433.4376881443827,214382
13436,-1.25,12,-2434.6876881443827,214394
13437,1.5,14,-2433.1876881443827,214408
13438,-3.5,20,-2436.6876881443827,214428
13439,-2.0,7,-2438.6876881443827,214435
13440,-2.0,4,-2440.6876881443827,214439
13441,-2.0,2,-2442.6876881443827,214441
13442,-1.0,18,-2443.6876881443827,214459
13443,0.25,28,-2443.4376881443827,214487
13444,-2.642857142857143,25,-2446.08054528724,214512
13445,0.2666666666666666,23,-2445.813878620573,214535
13446,-6.0,14,-2451.813878620573,214549
13447,2.0,2,-2449.813878620573,214551
13448,-2.6666666666666665,15,-2452.4805452872397,214566
13449,0.5,6,-2451.9805452872397,214572
13450,0.0,10,-2451.9805452872397,214582
13451,0.0,3,-2451.9805452872397,214585
13452,-4.0,7,-2455.9805452872397,214592
13453,0.0,3,-2455.9805452872397,214595
13454,4.7,9,-2451.28054528724,214604
13455,-0.25,14,-2451.53054528724,214618
13456,4.0,10,-2447.53054528724,214628
13457,-1.0,3,-2448.53054528724,214631
13458,-5.0,6,-2453.53054528724,214637
13459,-7.0,14,-2460.53054528724,214651
13460,0.0,4,-2460.53054528724,214655
13461,3.2,12,-2457.33054528724,214667
13462,-3.333333333333333,14,-2460.6638786205735,214681
13463,-6.0,13,-2466.6638786205735,214694
13464,-1.0,24,-2467.6638786205735,214718
13465,1.0,17,-2466.6638786205735,214735
13466,-10.25,30,-2476.9138786205735,214765
13467,2.0,32,-2474.9138786205735,214797
13468,-2.666666666666667,24,-2477.58054528724,214821
13469,5.0,12,-2472.58054528724,214833
13470,0.0,1,-2472.58054528724,214834
13471,-5.466666666666667,9,-2478.0472119539068,214843
13472,0.0,19,-2478.0472119539068,214862
13473,-1.4666666666666668,9,-2479.5138786205735,214871
13474,-0.5,5,-2480.0138786205735,214876
13475,0.8666666666666667,19,-2479.1472119539067,214895
13476,-3.0,15,-2482.1472119539067,214910
13477,-2.466666666666667,45,-2484.6138786205734,214955
13478,1.0,6,-2483.6138786205734,214961
13479,-3.0,19,-2486.6138786205734,214980
13480,-9.25,40,-2495.8638786205734,215020
13481,0,0,-2495.8638786205734,215020
13482,0,0,-2495.8638786205734,215020
13483,0,0,-2495.8638786205734,215020
13484,-9.0,31,-2504.8638786205734,215051
13485,0.0,1,-2504.8638786205734,215052
13486,-2.0,2,-2506.8638786205734,215054
13487,0.0,1,-2506.8638786205734,215055
13488,-0.75,12,-2507.6138786205734,215067
13489,0.0,7,-2507.6138786205734,215074
13490,0,0,-2507.6138786205734,215074
13491,0,0,-2507.6138786205734,215074
13492,0,0,-2507.6138786205734,215074
13493,1.5,9,-2506.1138786205734,215083
13494,0.0,14,-2506.1138786205734,215097
13495,-1.0,13,-2507.1138786205734,215110
13496,-0.25,11,-2507.3638786205734,215121
13497,-0.8,13,-2508.1638786205735,215134
13498,-0.25,5,-2508.4138786205735,215139
13499,0.0,4,-2508.4138786205735,215143
13500,-3.0,6,-2511.4138786205735,215149
13501,-1.0,11,-2512.4138786205735,215160
13502,-3.0,4,-2515.4138786205735,215164
13503,-3.416666666666667,10,-2518.83054528724,215174
13504,-2.75,12,-2521.58054528724,215186
13505,0.033333333333333215,19,-2521.5472119539068,215205
13506,1.0,18,-2520.5472119539068,215223
13507,-2.0,13,-2522.5472119539068,215236
13508,-2.0,8,-2524.5472119539068,215244
13509,1.5,14,-2523.0472119539068,215258
13510,-2.571428571428571,17,-2525.618640525335,215275
13511,-6.833333333333334,10,-2532.4519738586687,215285
13512,-9.0,15,-2541.4519738586687,215300
13513,-0.5,6,-2541.9519738586687,215306
13514,0.5,6,-2541.4519738586687,215312
13515,-3.0,4,-2544.4519738586687,215316
13516,3.0,3,-2541.4519738586687,215319
13517,0.0,4,-2541.4519738586687,215323
13518,2.0,6,-2539.4519738586687,215329
13519,-1.0,18,-2540.4519738586687,215347
13520,0.0,4,-2540.4519738586687,215351
13521,0.0,6,-2540.4519738586687,215357
13522,0.5,23,-2539.9519738586687,215380
13523,-1.0,8,-2540.9519738586687,215388
13524,1.0,11,-2539.9519738586687,215399
13525,-0.25,12,-2540.2019738586687,215411
13526,-5.0,14,-2545.2019738586687,215425
13527,-2.3,15,-2547.501973858669,215440
13528,-2.8,13,-2550.301973858669,215453
13529,-0.25,6,-2550.551973858669,215459
13530,-0.8571428571428571,4,-2551.4091167158117,215463
13531,-4.133333333333333,27,-2555.542450049145,215490
13532,3.5,10,-2552.042450049145,215500
13533,0.0,13,-2552.042450049145,215513
13534,1.3333333333333333,25,-2550.7091167158114,215538
13535,-5.666666666666666,28,-2556.375783382478,215566
13536,1.0,8,-2555.375783382478,215574
13537,-6.571428571428571,14,-2561.9472119539064,215588
13538,-7.333333333333333,18,-2569.28054528724,215606
13539,0.0,20,-2569.28054528724,215626
13540,-0.5,14,-2569.78054528724,215640
13541,-10.0,23,-2579.78054528724,215663
13542,-2.833333333333333,41,-2582.6138786205734,215704
13543,-0.8333333333333335,32,-2583.447211953907,215736
13544,-7.916666666666666,40,-2591.3638786205734,215776
13545,3.5,24,-2587.8638786205734,215800
13546,-2.7523809523809524,27,-2590.6162595729543,215827
13547,4.5,14,-2586.1162595729543,215841
13548,2.1,17,-2584.0162595729544,215858
13549,11.6,27,-2572.4162595729545,215885
13550,-3.2750000000000004,35,-2575.6912595729546,215920
13551,4.0,12,-2571.6912595729546,215932
13552,-2.0,12,-2573.6912595729546,215944
13553,3.75,17,-2569.9412595729546,215961
13554,5.5,8,-2564.4412595729546,215969
13555,0.0,2,-2564.4412595729546,215971
13556,1.5555555555555554,11,-2562.885704017399,215982
13557,-6.0,16,-2568.885704017399,215998
13558,-3.25,20,-2572.135704017399,216018
13559,3.333333333333333,8,-2568.8023706840654,216026
13560,2.2,17,-2566.6023706840656,216043
13561,1.9500000000000002,19,-2564.6523706840658,216062
13562,1.0,5,-2563.6523706840658,216067
13563,0.0,7,-2563.6523706840658,216074
13564,1.0,9,-2562.6523706840658,216083
13565,4.0,23,-2558.6523706840658,216106
13566,2.0,2,-2556.6523706840658,216108
13567,-0.5,24,-2557.1523706840658,216132
13568,4.0,25,-2553.1523706840658,216157
13569,2.0,12,-2551.1523706840658,216169
13570,5.25,24,-2545.9023706840658,216193
13571,1.0,10,-2544.9023706840658,216203
13572,-1.0,9,-2545.9023706840658,216212
13573,0.0,7,-2545.9023706840658,216219
13574,-1.5,25,-2547.4023706840658,216244
13575,3.0,4,-2544.4023706840658,216248
13576,-1.0,20,-2545.4023706840658,216268
13577,-8.0,13,-2553.4023706840658,216281
13578,0.0,3,-2553.4023706840658,216284
13579,-3.0,16,-2556.4023706840658,216300
13580,2.0,8,-2554.4023706840658,216308
13581,0.6904761904761905,16,-2553.7118944935896,216324
13582,5.0,18,-2548.7118944935896,216342
13583,4.5,13,-2544.2118944935896,216355
13584,0.0,2,-2544.2118944935896,216357
13585,1.2,5,-2543.01189449359,216362
13586,0.19999999999999996,8,-2542.81189449359,216370
13587,3.0,6,-2539.81189449359,216376
13588,-3.238095238095238,20,-2543.0499897316854,216396
13589,-0.3333333333333339,32,-2543.383323065019,216428
13590,8.5,15,-2534.883323065019,216443
13591,13.0,22,-2521.883323065019,216465
13592,-1.0,20,-2522.883323065019,216485
13593,3.5,8,-2519.383323065019,216493
13594,-1.4666666666666661,19,-2520.8499897316856,216512
13595,2.0,4,-2518.8499897316856,216516
13596,2.5,15,-2516.3499897316856,216531
13597,6.0,10,-2510.3499897316856,216541
13598,-0.7999999999999998,4,-2511.1499897316858,216545
13599,-6.0,15,-2517.1499897316858,216560
13600,1.5333333333333334,20,-2515.6166563983525,216580
13601,0.16666666666666674,17,-2515.449989731686,216597
13602,0.0,20,-2515.449989731686,216617
13603,4.5,8,-2510.949989731686,216625
13604,2.5,21,-2508.449989731686,216646
13605,1.1666666666666665,21,-2507.2833230650194,216667
13606,1.5,7,-2505.7833230650194,216674
13607,1.4333333333333333,37,-2504.349989731686,216711
13608,-0.5,6,-2504.849989731686,216717
13609,0.0,2,-2504.849989731686,216719
13610,0.0,16,-2504.849989731686,216735
13611,1.0,24,-2503.849989731686,216759
13612,6.0,13,-2497.849989731686,216772
13613,-2.4166666666666665,12,-2500.2666563983526,216784
13614,-1.0,17,-2501.2666563983526,216801
13615,2.6666666666666665,5,-2498.599989731686,216806
13616,2.5,12,-2496.099989731686,216818
13617,-1.75,8,-2497.849989731686,216826
13618,-5.333333333333333,17,-2503.1833230650195,216843
13619,-2.0,8,-2505.1833230650195,216851
13620,-4.5,23,-2509.6833230650195,216874
13621,-2.5,5,-2512.1833230650195,216879
13622,0.0,5,-2512.1833230650195,216884
13623,4.666666666666666,22,-2507.516656398353,216906
13624,0.0,5,-2507.516656398353,216911
13625,-1.0,14,-2508.516656398353,216925
13626,0.0,12,-2508.516656398353,216937
13627,2.0,8,-2506.516656398353,216945
13628,0.0,4,-2506.516656398353,216949
13629,0.666666666666667,12,-2505.8499897316865,216961
13630,-5.0,18,-2510.8499897316865,216979
13631,3.0,6,-2507.8499897316865,216985
13632,-4.666666666666667,21,-2512.516656398353,217006
13633,-2.6666666666666665,31,-2515.1833230650195,217037
13634,-3.5,21,-2518.6833230650195,217058
13635,-5.190476190476192,32,-2523.8737992554957,217090
13636,-4.166666666666666,29,-2528.040465922162,217119
13637,-2.0,7,-2530.040465922162,217126
13638,1.0,3,-2529.040465922162,217129
13639,3.0,11,-2526.040465922162,217140
13640,1.0,24,-2525.040465922162,217164
13641,-0.6666666666666666,20,-2525.7071325888287,217184
13642,8.0,16,-2517.7071325888287,217200
13643,2.0,7,-2515.7071325888287,217207
13644,5.0,19,-2510.7071325888287,217226
13645,0.0,7,-2510.7071325888287,217233
13646,-0.5,4,-2511.2071325888287,217237
13647,8.0,14,-2503.2071325888287,217251
13648,1.0,5,-2502.2071325888287,217256
13649,1.0,6,-2501.2071325888287,217262
13650,-1.9999999999999998,19,-2503.2071325888287,217281
13651,2.5,15,-2500.7071325888287,217296
13652,0.0,16,-2500.7071325888287,217312
13653,-1.5,4,-2502.2071325888287,217316
13654,-2.0,7,-2504.2071325888287,217323
13655,5.0,19,-2499.2071325888287,217342
13656,0.0,3,-2499.2071325888287,217345
13657,4.0,12,-2495.2071325888287,217357
13658,1.6666666666666667,31,-2493.540465922162,217388
13659,-1.0,14,-2494.540465922162,217402
13660,-10.813768115942029,45,-2505.354234038104,217447
13661,-4.0,11,-2509.354234038104,217458
13662,-2.666666666666667,14,-2512.0209007047706,217472
13663,4.25,16,-2507.7709007047706,217488
13664,-1.0,18,-2508.7709007047706,217506
13665,1.3333333333333333,18,-2507.437567371437,217524
13666,1.0,8,-2506.437567371437,217532
13667,-0.9,31,-2507.337567371437,217563
13668,-2.4545454545454546,14,-2509.7921128259827,217577
13669,1.0,10,-2508.7921128259827,217587
13670,-2.0,6,-2510.7921128259827,217593
13671,-4.854545454545455,28,-2515.6466582805283,217621
13672,1.3,10,-2514.346658280528,217631
13673,-10.0,18,-2524.346658280528,217649
13674,4.0,24,-2520.346658280528,217673
13675,-9.266666666666666,21,-2529.613324947195,217694
13676,-1.5,14,-2531.113324947195,217708
13677,-4.4,15,-2535.513324947195,217723
13678,-0.6666666666666666,24,-2536.1799916138616,217747
13679,-4.907843137254902,27,-2541.0878347511166,217774
13680,1.666666666666666,30,-2539.42116808445,217804
13681,-1.5714285714285712,7,-2540.9925966558785,217811
13682,-15.0,23,-2555.9925966558785,217834
13683,0,0,-2555.9925966558785,217834
13684,0,0,-2555.9925966558785,217834
13685,0,0,-2555.9925966558785,217834
13686,0.0,11,-2555.9925966558785,217845
13687,-3.5,25,-2559.4925966558785,217870
13688,-1.5,4,-2560.9925966558785,217874
13689,4.0,19,-2556.9925966558785,217893
13690,-2.3333333333333335,21,-2559.325929989212,217914
13691,2.0,13,-2557.325929989212,217927
13692,3.553571428571429,30,-2553.7723585606404,217957
13693,5.442857142857143,30,-2548.3295014177834,217987
13694,0.6666666666666665,41,-2547.662834751117,218028
13695,1.0,6,-2546.662834751117,218034
13696,-1.5,13,-2548.162834751117,218047
13697,2.7777777777777777,17,-2545.385056973339,218064
13698,-0.5,10,-2545.885056973339,218074
13699,0.0,18,-2545.885056973339,218092
13700,-5.0,26,-2550.885056973339,218118
13701,-2.5,14,-2553.385056973339,218132
13702,-10.0,25,-2563.385056973339,218157
13703,1.1666666666666667,16,-2562.2183903066725,218173
13704,0.0,1,-2562.2183903066725,218174
13705,4.5,23,-2557.7183903066725,218197
13706,2.5,9,-2555.2183903066725,218206
13707,1.0,6,-2554.2183903066725,218212
13708,-4.9,15,-2559.1183903066726,218227
13709,1.9166666666666665,21,-2557.201723640006,218248
13710,0.0,18,-2557.201723640006,218266
13711,-1.0,1,-2558.201723640006,218267
13712,-2.0,13,-2560.201723640006,218280
13713,-1.8571428571428572,13,-2562.0588664971488,218293
13714,2.5,4,-2559.5588664971488,218297
13715,-4.0,7,-2563.5588664971488,218304
13716,0.0,6,-2563.5588664971488,218310
13717,-2.0,8,-2565.5588664971488,218318
13718,-1.3333333333333333,17,-2566.8921998304822,218335
13719,-1.0,14,-2567.8921998304822,218349
13720,1.0,9,-2566.8921998304822,218358
13721,-1.2380952380952381,12,-2568.1302950685777,218370
13722,-5.666666666666667,30,-2573.796961735244,218400
13723,-3.0,8,-2576.796961735244,218408
13724,-3.0,3,-2579.796961735244,218411
13725,-5.1911764705882355,19,-2584.9881382058325,218430
13726,1.3333333333333333,5,-2583.654804872499,218435
13727,-5.666666666666667,17,-2589.3214715391655,218452
13728,1.3333333333333335,8,-2587.988138205832,218460
13729,0.5,8,-2587.488138205832,218468
13730,1.2,6,-2586.288138205832,218474
13731,1.4000000000000001,16,-2584.888138205832,218490
13732,1.3333333333333333,9,-2583.5548048724986,218499
13733,2.666666666666667,19,-2580.888138205832,218518
13734,-0.5,6,-2581.388138205832,218524
13735,0.0,6,-2581.388138205832,218530
13736,0.8333333333333333,28,-2580.5548048724986,218558
13737,7.0,16,-2573.5548048724986,218574
13738,-0.5,7,-2574.0548048724986,218581
13739,-3.0,7,-2577.0548048724986,218588
13740,3.166666666666667,17,-2573.888138205832,218605
13741,2.6,6,-2571.288138205832,218611
13742,0.0,39,-2571.288138205832,218650
13743,-1.0,9,-2572.288138205832,218659
13744,-1.0,8,-2573.288138205832,218667
13745,-1.0,4,-2574.288138205832,218671
13746,0.0,9,-2574.288138205832,218680
13747,4.0,8,-2570.288138205832,218688
13748,-1.0,1,-2571.288138205832,218689
13749,3.0,5,-2568.288138205832,218694
13750,0.0,4,-2568.288138205832,218698
13751,-4.0,22,-2572.288138205832,218720
13752,-6.833333333333333,21,-2579.1214715391657,218741
13753,0.357142857142857,4,-2578.764328682023,218745
13754,0.25,8,-2578.514328682023,218753
13755,-3.0,4,-2581.514328682023,218757
13756,3.0,9,-2578.514328682023,218766
13757,-2.0,9,-2580.514328682023,218775
13758,4.25,28,-2576.264328682023,218803
13759,-1.004761904761905,38,-2577.269090586785,218841
13760,3.0,13,-2574.269090586785,218854
13761,-4.5,7,-2578.769090586785,218861
13762,0.0,8,-2578.769090586785,218869
13763,-1.6666666666666667,8,-2580.4357572534514,218877
13764,8.961904761904762,47,-2571.4738524915465,218924
13765,1.5,7,-2569.9738524915465,218931
13766,1.0,7,-2568.9738524915465,218938
13767,5.447619047619047,57,-2563.5262334439276,218995
13768,-4.666666666666667,16,-2568.192900110594,219011
13769,-3.588888888888889,12,-2571.781788999483,219023
13770,-6.0,15,-2577.781788999483,219038
13771,0.0,6,-2577.781788999483,219044
13772,-1.0,21,-2578.781788999483,219065
13773,5.833333333333333,26,-2572.9484556661496,219091
13774,4.0,5,-2568.9484556661496,219096
13775,-1.0,4,-2569.9484556661496,219100
13776,-0.25,36,-2570.1984556661496,219136
13777,-2.0,9,-2572.1984556661496,219145
13778,-2.888888888888889,34,-2575.0873445550383,219179
13779,-3.8571428571428577,25,-2578.944487412181,219204
13780,7.712121212121211,30,-2571.23236620006,219234
13781,-1.7999999999999998,29,-2573.03236620006,219263
13782,-1.791666666666666,19,-2574.8240328667266,219282
13783,9.333333333333334,10,-2565.490699533393,219292
13784,3.0,4,-2562.490699533393,219296
13785,3.0,4,-2559.490699533393,219300
13786,0.0,4,-2559.490699533393,219304
13787,3.75,16,-2555.740699533393,219320
13788,-9.4,29,-2565.140699533393,219349
13789,0.0,2,-2565.140699533393,219351
13790,0.0,2,-2565.140699533393,219353
13791,0.0,2,-2565.140699533393,219355
13792,0.2,9,-2564.9406995333934,219364
13793,2.0,23,-2562.9406995333934,219387
13794,-7.333333333333334,28,-2570.274032866727,219415
13795,3.0,5,-2567.274032866727,219420
13796,0.0,2,-2567.274032866727,219422
13797,3.0,8,-2564.274032866727,219430
13798,1.0,13,-2563.274032866727,219443
13799,-2.3333333333333335,11,-2565.6073662000604,219454
13800,0.0,8,-2565.6073662000604,219462
13801,-3.5,20,-2569.1073662000604,219482
13802,-1.25,9,-2570.3573662000604,219491
13803,-3.904761904761904,26,-2574.2621281048223,219517
13804,-1.3333333333333333,1,-2575.595461438156,219518
13805,-5.0,4,-2580.595461438156,219522
13806,-1.0,2,-2581.595461438156,219524
13807,2.0,3,-2579.595461438156,219527
13808,-0.8,9,-2580.395461438156,219536
13809,-2.333333333333333,11,-2582.7287947714894,219547
13810,-1.3333333333333333,4,-2584.062128104823,219551
13811,4.0,9,-2580.062128104823,219560
13812,1.0,6,-2579.062128104823,219566
13813,3.0,3,-2576.062128104823,219569
13814,-0.4,16,-2576.462128104823,219585
13815,-0.25,15,-2576.712128104823,219600
13816,3.0,6,-2573.712128104823,219606
13817,-3.1333333333333333,63,-2576.8454614381562,219669
13818,5.2,19,-2571.6454614381564,219688
13819,-3.4,6,-2575.0454614381565,219694
13820,-5.857142857142858,8,-2580.902604295299,219702
13821,-3.0,31,-2583.902604295299,219733
13822,4.699999999999999,30,-2579.2026042952994,219763
13823,-2.9411764705882355,24,-2582.1437807658876,219787
13824,-5.0,8,-2587.1437807658876,219795
13825,-2.4411764705882355,8,-2589.584957236476,219803
13826,-0.9411764705882353,4,-2590.526133707064,219807
13827,3.0,3,-2587.526133707064,219810
13828,-1.0,4,-2588.526133707064,219814
13829,-2.9047619047619047,7,-2591.430895611826,219821
13830,-5.5,22,-2596.930895611826,219843
13831,10.258823529411764,25,-2586.672072082414,219868
13832,4.5,12,-2582.172072082414,219880
13833,1.5,5,-2580.672072082414,219885
13834,-2.8,18,-2583.4720720824143,219903
13835,-2.0,11,-2585.4720720824143,219914
13836,-6.0,15,-2591.4720720824143,219929
13837,4.666666666666667,31,-2586.805405415748,219960
13838,-4.0,9,-2590.805405415748,219969
13839,-2.8,26,-2593.605405415748,219995
13840,-0.25,8,-2593.855405415748,220003
13841,5.0,14,-2588.855405415748,220017
13842,-3.0,13,-2591.855405415748,220030
13843,2.5,8,-2589.355405415748,220038
13844,-7.0,13,-2596.355405415748,220051
13845,-2.6071428571428568,45,-2598.9625482728907,220096
13846,1.6666666666666667,15,-2597.295881606224,220111
13847,-1.0,20,-2598.295881606224,220131
13848,-0.1333333333333333,7,-2598.4292149395574,220138
13849,0.5,16,-2597.9292149395574,220154
13850,1.0,5,-2596.9292149395574,220159
13851,-3.5,22,-2600.4292149395574,220181
13852,-2.5,15,-2602.9292149395574,220196
13853,0.8333333333333333,14,-2602.095881606224,220210
13854,-3.9166666666666665,18,-2606.0125482728904,220228
13855,3.5,21,-2602.5125482728904,220249
13856,2.0,10,-2600.5125482728904,220259
13857,2.0,15,-2598.5125482728904,220274
13858,-5.833333333333334,23,-2604.345881606224,220297
13859,1.0833333333333335,26,-2603.2625482728904,220323
13860,2.5,6,-2600.7625482728904,220329
13861,-7.5,30,-2608.2625482728904,220359
13862,3.857142857142857,21,-2604.4054054157477,220380
13863,-9.52450980392157,46,-2613.9299152196695,220426
13864,-2.0,14,-2615.9299152196695,220440
13865,3.1666666666666665,17,-2612.763248553003,220457
13866,2.7,10,-2610.063248553003,220467
13867,-4.0,17,-2614.063248553003,220484
13868,2.3333333333333335,26,-2611.7299152196697,220510
13869,-2.0,11,-2613.7299152196697,220521
13870,-2.0,10,-2615.7299152196697,220531
13871,2.0714285714285716,13,-2613.6584866482413,220544
13872,4.666666666666666,22,-2608.9918199815747,220566
13873,0.0,2,-2608.9918199815747,220568
13874,1.833333333333333,16,-2607.1584866482413,220584
13875,-6.0,16,-2613.1584866482413,220600
13876,-2.0,13,-2615.1584866482413,220613
13877,3.5,31,-2611.6584866482413,220644
13878,1.083333333333333,19,-2610.5751533149078,220663
13879,-9.4,27,-2619.975153314908,220690
13880,-1.0,13,-2620.975153314908,220703
13881,-2.333333333333334,23,-2623.3084866482413,220726
13882,-2.333333333333333,26,-2625.641819981575,220752
13883,2.333333333333333,13,-2623.3084866482413,220765
13884,2.2,1,-2621.1084866482415,220766
13885,-3.0,15,-2624.1084866482415,220781
13886,-4.383333333333333,13,-2628.4918199815747,220794
13887,2.0,5,-2626.4918199815747,220799
13888,-4.5,30,-2630.9918199815747,220829
13889,4.642857142857142,49,-2626.3489628387174,220878
13890,-5.333333333333334,26,-2631.682296172051,220904
13891,0.0,5,-2631.682296172051,220909
13892,-2.0,9,-2633.682296172051,220918
13893,3.1666666666666665,19,-2630.5156295053844,220937
13894,0.0,2,-2630.5156295053844,220939
13895,-12.88888888888889,21,-2643.404518394273,220960
13896,-3.333333333333334,24,-2646.7378517276065,220984
13897,5.0,28,-2641.7378517276065,221012
13898,-4.083333333333334,7,-2645.82118506094,221019
13899,-2.0,2,-2647.82118506094,221021
13900,-1.75,4,-2649.57118506094,221025
13901,-2.25,2,-2651.82118506094,221027
13902,-3.333333333333334,16,-2655.1545183942735,221043
13903,-5.4,9,-2660.5545183942736,221052
13904,0.0,11,-2660.5545183942736,221063
13905,0.0,1,-2660.5545183942736,221064
13906,-2.5,12,-2663.0545183942736,221076
13907,-0.4,7,-2663.4545183942737,221083
13908,-6.0,10,-2669.4545183942737,221093
13909,0.0,3,-2669.4545183942737,221096
13910,-5.833333333333334,21,-2675.287851727607,221117
13911,-1.0,13,-2676.287851727607,221130
13912,6.5,9,-2669.787851727607,221139
13913,2.0,7,-2667.787851727607,221146
13914,3.25,10,-2664.537851727607,221156
13915,-7.045454545454545,27,-2671.5833062730617,221183
13916,1.25,1,-2670.3333062730617,221184
13917,-1.75,11,-2672.0833062730617,221195
13918,0.0,1,-2672.0833062730617,221196
13919,-8.142857142857142,30,-2680.226163415919,221226
13920,-7.3,23,-2687.526163415919,221249
13921,5.75,7,-2681.776163415919,221256
13922,1.7000000000000002,6,-2680.0761634159194,221262
13923,-0.75,10,-2680.8261634159194,221272
13924,-3.25,11,-2684.0761634159194,221283
13925,3.0,9,-2681.0761634159194,221292
13926,-1.5,5,-2682.5761634159194,221297
13927,-4.5,9,-2687.0761634159194,221306
13928,5.766666666666667,19,-2681.3094967492525,221325
13929,1.3333333333333333,7,-2679.976163415919,221332
13930,4.0,11,-2675.976163415919,221343
13931,-4.416666666666667,21,-2680.3928300825855,221364
13932,0.33333333333333326,19,-2680.059496749252,221383
13933,0.8928571428571428,31,-2679.1666396063947,221414
13934,-6.0,26,-2685.1666396063947,221440
13935,1.25,7,-2683.9166396063947,221447
13936,2.7,31,-2681.216639606395,221478
13937,-2.25,5,-2683.466639606395,221483
13938,-2.25,2,-2685.716639606395,221485
13939,-1.0,14,-2686.716639606395,221499
13940,1.0,11,-2685.716639606395,221510
13941,-2.5,12,-2688.216639606395,221522
13942,0.0,3,-2688.216639606395,221525
13943,-0.8999999999999999,14,-2689.116639606395,221539
13944,2.25,11,-2686.866639606395,221550
13945,-3.0,14,-2689.866639606395,221564
13946,-1.6666666666666667,10,-2691.5333062730615,221574
13947,1.1666666666666665,17,-2690.366639606395,221591
13948,-4.166666666666667,14,-2694.5333062730615,221605
13949,-7.0,9,-2701.5333062730615,221614
13950,1.0,3,-2700.5333062730615,221617
13951,2.333333333333333,6,-2698.199972939728,221623
13952,-8.166666666666666,48,-2706.3666396063945,221671
13953,0.0,5,-2706.3666396063945,221676
13954,4.0,10,-2702.3666396063945,221686
13955,-2.75,11,-2705.1166396063945,221697
13956,-4.5,17,-2709.6166396063945,221714
13957,-2.0,13,-2711.6166396063945,221727
13958,-2.0,17,-2713.6166396063945,221744
13959,-5.5,16,-2719.1166396063945,221760
13960,-6.65909090909091,27,-2725.7757305154855,221787
13961,0.0,11,-2725.7757305154855,221798
13962,1.1,37,-2724.6757305154856,221835
13963,-0.8333333333333335,21,-2725.509063848819,221856
13964,-11.25,31,-2736.759063848819,221887
13965,-1.0,17,-2737.759063848819,221904
13966,1.5,9,-2736.259063848819,221913
13967,0.0,5,-2736.259063848819,221918
13968,3.0,15,-2733.259063848819,221933
13969,0,0,-2733.259063848819,221933
13970,0,0,-2733.259063848819,221933
13971,0.5,3,-2732.759063848819,221936
13972,0.0,2,-2732.759063848819,221938
13973,-4.0,12,-2736.759063848819,221950
13974,-5.0,12,-2741.759063848819,221962
13975,-0.8571428571428572,16,-2742.6162067059618,221978
13976,5.5,21,-2737.1162067059618,221999
13977,-0.25,7,-2737.3662067059618,222006
13978,-2.0,7,-2739.3662067059618,222013
13979,0.5,20,-2738.8662067059618,222033
13980,3.0,10,-2735.8662067059618,222043
13981,0.0,12,-2735.8662067059618,222055
13982,7.0,9,-2728.8662067059618,222064
13983,-1.8,13,-2730.666206705962,222077
13984,4.0,11,-2726.666206705962,222088
13985,-3.0,19,-2729.666206705962,222107
13986,3.35,29,-2726.316206705962,222136
13987,2.75,16,-2723.566206705962,222152
13988,0.08333333333333304,17,-2723.4828733726285,222169
13989,-10.333333333333334,28,-2733.816206705962,222197
13990,0,0,-2733.816206705962,222197
13991,0,0,-2733.816206705962,222197
13992,0,0,-2733.816206705962,222197
13993,0.5,13,-2733.316206705962,222210
13994,1.1785714285714288,37,-2732.1376352773905,222247
13995,0.0,5,-2732.1376352773905,222252
13996,1.5,9,-2730.6376352773905,222261
13997,-4.833333333333334,17,-2735.470968610724,222278
13998,1.6095238095238096,69,-2733.8614448012,222347
13999,0.0,7,-2733.8614448012,222354
14000,-2.0,11,-2735.8614448012,222365
14001,4.944444444444445,39,-2730.9170003567556,222404
14002,4.0,4,-2726.9170003567556,222408
14003,-4.5,27,-2731.4170003567556,222435
14004,-2.9411764705882355,8,-2734.358176827344,222443
14005,-6.454545454545455,39,-2740.8127222818894,222482
14006,1.0,5,-2739.8127222818894,222487
14007,-3.0,10,-2742.8127222818894,222497
14008,-2.7,33,-2745.512722281889,222530
14009,5.0,12,-2740.512722281889,222542
14010,1.0999999999999996,17,-2739.4127222818893,222559
14011,1.0,12,-2738.4127222818893,222571
14012,0,0,-2738.4127222818893,222571
14013,0,0,-2738.4127222818893,222571
14014,0,0,-2738.4127222818893,222571
14015,1.75,17,-2736.6627222818893,222588
14016,-0.5,5,-2737.1627222818893,222593
14017,-2.357142857142857,20,-2739.519865139032,222613
14018,-5.0,18,-2744.519865139032,222631
14019,2.0,12,-2742.519865139032,222643
14020,-4.0,9,-2746.519865139032,222652
14021,0.0,2,-2746.519865139032,222654
14022,0.0,3,-2746.519865139032,222657
14023,4.0,15,-2742.519865139032,222672
14024,-8.0,24,-2750.519865139032,222696
14025,3.0,7,-2747.519865139032,222703
14026,-2.0,10,-2749.519865139032,222713
14027,0,0,-2749.519865139032,222713
14028,0,0,-2749.519865139032,222713
14029,0,0,-2749.519865139032,222713
14030,0.0,5,-2749.519865139032,222718
14031,0.0,4,-2749.519865139032,222722
14032,-1.3333333333333333,6,-2750.8531984723654,222728
14033,11.0,37,-2739.8531984723654,222765
14034,1.75,8,-2738.1031984723654,222773
14035,-3.0,12,-2741.1031984723654,222785
14036,-4.0,18,-2745.1031984723654,222803
14037,2.142857142857143,11,-2742.960341329508,222814
14038,0,0,-2742.960341329508,222814
14039,0,0,-2742.960341329508,222814
14040,0,0,-2742.960341329508,222814
14041,-1.0,12,-2743.960341329508,222826
14042,0.6000000000000001,11,-2743.360341329508,222837
14043,0.6,7,-2742.7603413295083,222844
14044,2.642857142857143,19,-2740.117484186651,222863
14045,-1.0,11,-2741.117484186651,222874
14046,0.7142857142857144,36,-2740.403198472365,222910
14047,-2.0,26,-2742.403198472365,222936
14048,-5.5,8,-2747.903198472365,222944
14049,1.5,14,-2746.403198472365,222958
14050,-9.333333333333332,18,-2755.7365318056986,222976
14051,-2.333333333333333,12,-2758.069865139032,222988
14052,-3.5252747252747243,37,-2761.595139864307,223025
14053,0.0,3,-2761.595139864307,223028
14054,0.0,4,-2761.595139864307,223032
14055,1.0,7,-2760.595139864307,223039
14056,2.0,5,-2758.595139864307,223044
14057,1.0,11,-2757.595139864307,223055
14058,0.2,9,-2757.395139864307,223064
14059,-6.428571428571429,39,-2763.8237112928787,223103
14060,-3.0,24,-2766.8237112928787,223127
14061,-4.9411764705882355,14,-2771.764887763467,223141
14062,-14.323809523809526,26,-2786.0886972872763,223167
14063,-4.0,27,-2790.0886972872763,223194
14064,1.7254901960784315,13,-2788.363207091198,223207
14065,4.6,15,-2783.763207091198,223222
14066,4.6,14,-2779.1632070911983,223236
14067,0.6666666666666667,5,-2778.4965404245318,223241
14068,-1.4,27,-2779.896540424532,223268
14069,-6.5,10,-2786.396540424532,223278
14070,-1.0,13,-2787.396540424532,223291
14071,-2.5,32,-2789.896540424532,223323
14072,-4.0,23,-2793.896540424532,223346
14073,2.0,11,-2791.896540424532,223357
14074,-7.4,12,-2799.296540424532,223369
14075,13.166666666666666,30,-2786.1298737578654,223399
14076,0.6000000000000001,12,-2785.5298737578655,223411
14077,-0.3999999999999999,11,-2785.9298737578656,223422
14078,3.0,13,-2782.9298737578656,223435
14079,6.45,14,-2776.479873757866,223449
14080,2.0,16,-2774.479873757866,223465
14081,2.6666666666666665,16,-2771.8132070911993,223481
14082,2.0,25,-2769.8132070911993,223506
14083,-1.2000000000000002,24,-2771.013207091199,223530
14084,3.0,9,-2768.013207091199,223539
14085,-2.0,5,-2770.013207091199,223544
14086,3.0,7,-2767.013207091199,223551
14087,5.0,23,-2762.013207091199,223574
14088,-1.5714285714285714,22,-2763.5846356626275,223596
14089,-3.0,19,-2766.5846356626275,223615
14090,1.9999999999999998,14,-2764.5846356626275,223629
14091,0.4285714285714286,10,-2764.156064234056,223639
14092,3.0,16,-2761.156064234056,223655
14093,-4.0,14,-2765.156064234056,223669
14094,3.666666666666667,10,-2761.4893975673895,223679
14095,0.666666666666667,8,-2760.822730900723,223687
14096,-0.5,4,-2761.322730900723,223691
14097,2.0,15,-2759.322730900723,223706
14098,2.4,11,-2756.922730900723,223717
14099,-1.0,16,-2757.922730900723,223733
14100,6.0,33,-2751.922730900723,223766
14101,-1.0,3,-2752.922730900723,223769
14102,-2.0,12,-2754.922730900723,223781
14103,5.0,10,-2749.922730900723,223791
14104,8.2,21,-2741.722730900723,223812
14105,-4.833333333333334,25,-2746.5560642340565,223837
14106,-0.6666666666666667,10,-2747.222730900723,223847
14107,4.75,8,-2742.472730900723,223855
14108,0.0,8,-2742.472730900723,223863
14109,1.0,8,-2741.472730900723,223871
14110,-6.666666666666667,17,-2748.1393975673896,223888
14111,-1.0,12,-2749.1393975673896,223900
14112,-6.233333333333333,27,-2755.3727309007227,223927
14113,-5.0,1,-2760.3727309007227,223928
14114,2.0,5,-2758.3727309007227,223933
14115,0.0,2,-2758.3727309007227,223935
14116,3.0,14,-2755.3727309007227,223949
14117,4.2,9,-2751.172730900723,223958
14118,-4.833333333333334,41,-2756.0060642340563,223999
14119,-6.090909090909091,25,-2762.0969733249653,224024
14120,2.6666666666666665,15,-2759.430306658299,224039
14121,1.3428571428571427,9,-2758.0874495154417,224048
14122,0.0,6,-2758.0874495154417,224054
14123,2.5,17,-2755.5874495154417,224071
14124,-0.5,5,-2756.0874495154417,224076
14125,-6.833333333333333,31,-2762.920782848775,224107
14126,3.75,39,-2759.170782848775,224146
14127,1.0,29,-2758.170782848775,224175
14128,4.300000000000001,24,-2753.870782848775,224199
14129,10.5,27,-2743.370782848775,224226
14130,-3.5,11,-2746.870782848775,224237
14131,-6.185714285714286,44,-2753.0564971344893,224281
14132,-4.182539682539683,30,-2757.239036817029,224311
14133,-8.6,27,-2765.839036817029,224338
14134,-3.5,23,-2769.339036817029,224361
14135,-4.0,7,-2773.339036817029,224368
14136,-2.190909090909091,14,-2775.529945907938,224382
14137,-4.0,6,-2779.529945907938,224388
14138,4.4,22,-2775.129945907938,224410
14139,-9.357142857142858,34,-2784.4870887650804,224444
14140,-1.8333333333333335,27,-2786.320422098414,224471
14141,-3.5,21,-2789.820422098414,224492
14142,4.333333333333334,17,-2785.4870887650804,224509
14143,0.0,10,-2785.4870887650804,224519
14144,-1.0,2,-2786.4870887650804,224521
14145,2.0,8,-2784.4870887650804,224529
14146,0.9,17,-2783.5870887650804,224546
14147,-2.0,12,-2785.5870887650804,224558
14148,-3.25,27,-2788.8370887650804,224585
14149,-1.0,21,-2789.8370887650804,224606
14150,1.5,27,-2788.3370887650804,224633
14151,-0.7045454545454546,20,-2789.041634219626,224653
14152,2.761904761904762,8,-2786.2797294577213,224661
14153,-10.5,28,-2796.7797294577213,224689
14154,-3.0,21,-2799.7797294577213,224710
14155,-2.666666666666667,21,-2802.446396124388,224731
14156,-0.25,9,-2802.696396124388,224740
14157,1.1388888888888888,33,-2801.557507235499,224773
14158,2.0,8,-2799.557507235499,224781
14159,3.0,25,-2796.557507235499,224806
14160,0.0,5,-2796.557507235499,224811
14161,3.511904761904762,18,-2793.0456024735945,224829
14162,0.5333333333333332,6,-2792.512269140261,224835
14163,0.08333333333333326,7,-2792.4289358069277,224842
14164,0.0,10,-2792.4289358069277,224852
14165,-4.9523809523809526,24,-2797.3813167593084,224876
14166,1.0,7,-2796.3813167593084,224883
14167,3.333333333333333,23,-2793.047983425975,224906
14168,-6.083333333333333,26,-2799.1313167593084,224932
14169,-0.8000000000000003,9,-2799.9313167593086,224941
14170,-3.25,16,-2803.1813167593086,224957
14171,2.0,9,-2801.1813167593086,224966
14172,1.0833333333333333,9,-2800.097983425975,224975
14173,-0.3,9,-2800.3979834259753,224984
14174,2.5,13,-2797.8979834259753,224997
14175,5.2,12,-2792.6979834259755,225009
14176,0.0,13,-2792.6979834259755,225022
14177,0.0,7,-2792.6979834259755,225029
14178,1.375,22,-2791.3229834259755,225051
14179,5.2,22,-2786.1229834259757,225073
14180,2.2,7,-2783.922983425976,225080
14181,-0.8333333333333333,17,-2784.7563167593094,225097
14182,-0.5,7,-2785.2563167593094,225104
14183,-0.25,6,-2785.5063167593094,225110
14184,0.5,8,-2785.0063167593094,225118
14185,-2.333333333333333,19,-2787.339650092643,225137
14186,-3.571428571428571,38,-2790.9110786640713,225175
14187,1.5,11,-2789.4110786640713,225186
14188,-1.25,11,-2790.6610786640713,225197
14189,-3.966666666666667,42,-2794.627745330738,225239
14190,0.2,9,-2794.427745330738,225248
14191,-3.1666666666666665,25,-2797.5944119974047,225273
14192,-3.0,25,-2800.5944119974047,225298
14193,2.533333333333333,12,-2798.0610786640714,225310
14194,1.0,7,-2797.0610786640714,225317
14195,2.0,10,-2795.0610786640714,225327
14196,3.0,8,-2792.0610786640714,225335
14197,0.0,5,-2792.0610786640714,225340
14198,0.02857142857142858,14,-2792.0325072355,225354
14199,1.3333333333333335,18,-2790.6991739021664,225372
14200,-5.0,33,-2795.6991739021664,225405
14201,4.666666666666666,16,-2791.0325072355,225421
14202,-4.0,9,-2795.0325072355,225430
14203,2.5,10,-2792.5325072355,225440
14204,1.4285714285714286,5,-2791.1039358069283,225445
14205,0.33333333333333326,18,-2790.770602473595,225463
14206,0.6666666666666665,9,-2790.1039358069283,225472
14207,-2.654761904761905,26,-2792.7586977116903,225498
14208,4.0,11,-2788.7586977116903,225509
14209,5.666666666666667,26,-2783.0920310450238,225535
14210,2.3333333333333335,7,-2780.7586977116903,225542
14211,0.0,1,-2780.7586977116903,225543
14212,0.0,2,-2780.7586977116903,225545
14213,2.0,10,-2778.7586977116903,225555
14214,1.0,15,-2777.7586977116903,225570
14215,0.0,14,-2777.7586977116903,225584
14216,1.0,28,-2776.7586977116903,225612
14217,-1.6666666666666667,11,-2778.425364378357,225623
14218,1.166666666666667,33,-2777.2586977116903,225656
14219,1.3333333333333335,8,-2775.925364378357,225664
14220,1.0,26,-2774.925364378357,225690
14221,0.0,8,-2774.925364378357,225698
14222,0.0,9,-2774.925364378357,225707
14223,0.0,39,-2774.925364378357,225746
14224,-2.0,14,-2776.925364378357,225760
14225,10.0,21,-2766.925364378357,225781
14226,5.4,21,-2761.5253643783567,225802
14227,5.0,17,-2756.5253643783567,225819
14228,1.0,5,-2755.5253643783567,225824
14229,1.0,26,-2754.5253643783567,225850
14230,-0.4,27,-2754.925364378357,225877
14231,-0.5714285714285714,14,-2755.4967929497852,225891
14232,0.0,7,-2755.4967929497852,225898
14233,-2.4411764705882355,32,-2757.9379694203735,225930
14234,-1.371428571428571,28,-2759.309397991802,225958
14235,-4.5,34,-2763.809397991802,225992
14236,-1.0,25,-2764.809397991802,226017
14237,2.4166666666666665,42,-2762.3927313251356,226059
14238,-12.91904761904762,48,-2775.311778944183,226107
14239,-5.0,18,-2780.311778944183,226125
14240,2.0,18,-2778.311778944183,226143
14241,-4.25,27,-2782.561778944183,226170
14242,1.0,6,-2781.561778944183,226176
14243,-2.0,5,-2783.561778944183,226181
14244,1.5,4,-2782.061778944183,226185
14245,2.666666666666667,17,-2779.3951122775165,226202
14246,-5.285714285714286,21,-2784.6808265632308,226223
14247,5.95,12,-2778.730826563231,226235
14248,-7.25,37,-2785.980826563231,226272
14249,-1.0,3,-2786.980826563231,226275
14250,-2.5,15,-2789.480826563231,226290
14251,3.5,15,-2785.980826563231,226305
14252,0.3333333333333333,17,-2785.6474932298975,226322
14253,4.928571428571429,13,-2780.718921801326,226335
14254,3.0,4,-2777.718921801326,226339
14255,1.8571428571428577,22,-2775.8617789441832,226361
14256,0,0,-2775.8617789441832,226361
14257,0,0,-2775.8617789441832,226361
14258,0,0,-2775.8617789441832,226361
14259,3.0,4,-2772.8617789441832,226365
14260,-3.0,5,-2775.8617789441832,226370
14261,4.0,20,-2771.8617789441832,226390
14262,-1.0,19,-2772.8617789441832,226409
14263,-4.4411764705882355,20,-2777.3029554147715,226429
14264,0.5,16,-2776.8029554147715,226445
14265,2.5,8,-2774.3029554147715,226453
14266,-1.3888888888888888,17,-2775.69184430366,226470
14267,-4.0,3,-2779.69184430366,226473
14268,-5.0,24,-2784.69184430366,226497
14269,-2.0,4,-2786.69184430366,226501
14270,-2.8,21,-2789.4918443036604,226522
14271,-5.5,29,-2794.9918443036604,226551
14272,8.666666666666668,37,-2786.325177636994,226588
14273,3.5,22,-2782.825177636994,226610
14274,-2.666666666666667,22,-2785.4918443036604,226632
14275,-5.5,14,-2790.9918443036604,226646
14276,0.0,16,-2790.9918443036604,226662
14277,0.0,4,-2790.9918443036604,226666
14278,-3.0,18,-2793.9918443036604,226684
14279,2.0,5,-2791.9918443036604,226689
14280,2.0,5,-2789.9918443036604,226694
14281,-3.0,26,-2792.9918443036604,226720
14282,3.45,12,-2789.5418443036606,226732
14283,1.0,8,-2788.5418443036606,226740
14284,0.5,6,-2788.0418443036606,226746
14285,4.0,24,-2784.0418443036606,226770
14286,-3.166666666666667,14,-2787.208510970327,226784
14287,3.5,33,-2783.708510970327,226817
14288,7.5,22,-2776.208510970327,226839
14289,-5.4523809523809526,41,-2781.660891922708,226880
14290,0.20000000000000018,25,-2781.460891922708,226905
14291,2.5,8,-2778.960891922708,226913
14292,-9.571428571428571,44,-2788.5323204941365,226957
14293,-5.833333333333334,32,-2794.36565382747,226989
14294,-2.5,30,-2796.86565382747,227019
14295,-6.333333333333334,32,-2803.1989871608034,227051
14296,-0.6666666666666667,12,-2803.86565382747,227063
14297,-2.5555555555555576,52,-2806.4212093830256,227115
14298,2.6666666666666665,38,-2803.754542716359,227153
14299,8.25,17,-2795.504542716359,227170
14300,-4.0,15,-2799.504542716359,227185
14301,3.25,11,-2796.254542716359,227196
14302,-7.5,26,-2803.754542716359,227222
14303,1.5333333333333337,19,-2802.221209383026,227241
14304,-1.5,12,-2803.721209383026,227253
14305,-1.5,24,-2805.221209383026,227277
14306,-5.0,23,-2810.221209383026,227300
14307,0.5,32,-2809.721209383026,227332
14308,-3.083333333333334,28,-2812.8045427163593,227360
14309,-2.4444444444444446,27,-2815.2489871608036,227387
14310,1.8333333333333335,21,-2813.41565382747,227408
14311,-6.0,28,-2819.41565382747,227436
14312,0.0,7,-2819.41565382747,227443
14313,-3.5,6,-2822.91565382747,227449
14314,0.0,3,-2822.91565382747,227452
14315,0.0,2,-2822.91565382747,227454
14316,-5.5,7,-2828.41565382747,227461
14317,-1.5,41,-2829.91565382747,227502
14318,2.0,12,-2827.91565382747,227514
14319,3.333333333333333,14,-2824.5823204941366,227528
14320,0.0,6,-2824.5823204941366,227534
14321,-4.0,8,-2828.5823204941366,227542
14322,5.2,6,-2823.382320494137,227548
14323,-3.333333333333333,11,-2826.7156538274703,227559
14324,-3.0,21,-2829.7156538274703,227580
14325,-2.0,5,-2831.7156538274703,227585
14326,-2.0,5,-2833.7156538274703,227590
14327,7.0,10,-2826.7156538274703,227600
14328,-2.5,6,-2829.2156538274703,227606
14329,-1.0,4,-2830.2156538274703,227610
14330,-0.5,6,-2830.7156538274703,227616
14331,-2.0,7,-2832.7156538274703,227623
14332,-6.0,3,-2838.7156538274703,227626
14333,-0.916666666666667,39,-2839.632320494137,227665
14334,0.9166666666666665,19,-2838.7156538274703,227684
14335,0.6666666666666665,28,-2838.048987160804,227712
14336,-2.571428571428571,27,-2840.6204157322322,227739
14337,-5.0,25,-2845.6204157322322,227764
14338,-0.11111111111111116,32,-2845.7315268433435,227796
14339,-4.6,34,-2850.3315268433435,227830
14340,-2.333333333333333,21,-2852.664860176677,227851
14341,-2.9411764705882355,22,-2855.6060366472652,227873
14342,-2.5,12,-2858.1060366472652,227885
14343,0.0,9,-2858.1060366472652,227894
14344,-3.0,7,-2861.1060366472652,227901
14345,-10.0,19,-2871.1060366472652,227920
14346,-7.5,20,-2878.6060366472652,227940
14347,14.95,19,-2863.6560366472654,227959
14348,2.0,25,-2861.6560366472654,227984
14349,-8.833333333333332,61,-2870.489369980599,228045
14350,-5.416666666666667,48,-2875.9060366472654,228093
14351,-5.0,25,-2880.9060366472654,228118
14352,0.49999999999999956,37,-2880.4060366472654,228155
14353,6.166666666666666,37,-2874.239369980599,228192
14354,-4.0,18,-2878.239369980599,228210
14355,5.261904761904762,16,-2872.9774652186943,228226
14356,2.0,11,-2870.9774652186943,228237
14357,0.4619047619047618,45,-2870.5155604567894,228282
14358,3.2,15,-2867.3155604567896,228297
14359,-2.5,10,-2869.8155604567896,228307
14360,1.0,6,-2868.8155604567896,228313
14361,1.0,5,-2867.8155604567896,228318
14362,4.666666666666666,14,-2863.148893790123,228332
14363,12.1,60,-2851.048893790123,228392
14364,-1.333333333333333,45,-2852.3822271234567,228437
14365,0.43333333333333357,26,-2851.9488937901233,228463
14366,-8.166666666666668,30,-2860.11556045679,228493
14367,-4.0,6,-2864.11556045679,228499
14368,1.0,10,-2863.11556045679,228509
14369,0.0,4,-2863.11556045679,228513
14370,0.41666666666666674,27,-2862.6988937901233,228540
14371,-2.0,21,-2864.6988937901233,228561
14372,-2.5833333333333335,12,-2867.282227123457,228573
14373,0.0,1,-2867.282227123457,228574
14374,-1.25,13,-2868.532227123457,228587
14375,-13.566666666666668,32,-2882.0988937901234,228619
14376,-2.0,7,-2884.0988937901234,228626
14377,2.0,10,-2882.0988937901234,228636
14378,2.857142857142857,9,-2879.2417509329807,228645
14379,-1.25,12,-2880.4917509329807,228657
14380,2.6666666666666665,24,-2877.825084266314,228681
14381,-0.4666666666666668,34,-2878.291750932981,228715
14382,-1.8333333333333333,16,-2880.1250842663144,228731
14383,-5.0,13,-2885.1250842663144,228744
14384,-10.0,20,-2895.1250842663144,228764
14385,1.0,18,-2894.1250842663144,228782
14386,-4.0,24,-2898.1250842663144,228806
14387,-5.233333333333333,26,-2903.3584175996475,228832
14388,-1.5,24,-2904.8584175996475,228856
14389,-5.0,11,-2909.8584175996475,228867
14390,1.416666666666667,30,-2908.441750932981,228897
14391,2.3333333333333335,41,-2906.1084175996475,228938
14392,0.8666666666666667,12,-2905.2417509329807,228950
14393,-3.0,18,-2908.2417509329807,228968
14394,0.0,12,-2908.2417509329807,228980
14395,0.0,2,-2908.2417509329807,228982
14396,-1.0,3,-2909.2417509329807,228985
14397,-1.5,7,-2910.7417509329807,228992
14398,1.0,11,-2909.7417509329807,229003
14399,0.0,6,-2909.7417509329807,229009
14400,2.866666666666667,8,-2906.875084266314,229017
14401,0.5,7,-2906.375084266314,229024
14402,1.5,8,-2904.875084266314,229032
14403,0.0,6,-2904.875084266314,229038
14404,-2.5,23,-2907.375084266314,229061
14405,0.0,1,-2907.375084266314,229062
14406,-3.4444444444444446,14,-2910.8195287107583,229076
14407,0.5588235294117645,30,-2910.2607051813466,229106
14408,5.75,15,-2904.5107051813466,229121
14409,-0.5,25,-2905.0107051813466,229146
14410,0.0,11,-2905.0107051813466,229157
14411,-0.33333333333333326,18,-2905.34403851468,229175
14412,6.142857142857142,13,-2899.2011813718227,229188
14413,6.866666666666667,20,-2892.334514705156,229208
14414,0.5555555555555554,17,-2891.7789591496003,229225
14415,0.6666666666666665,14,-2891.1122924829338,229239
14416,3.5555555555555554,29,-2887.556736927378,229268
14417,-3.0,9,-2890.556736927378,229277
14418,0.666666666666667,21,-2889.8900702607116,229298
14419,4.916666666666666,17,-2884.973403594045,229315
14420,-3.166666666666667,22,-2888.1400702607116,229337
14421,3.0,21,-2885.1400702607116,229358
14422,1.0,9,-2884.1400702607116,229367
14423,3.4999999999999996,23,-2880.6400702607116,229390
14424,5.666666666666667,11,-2874.973403594045,229401
14425,-1.0000000000000004,32,-2875.973403594045,229433
14426,6.416666666666667,27,-2869.5567369273786,229460
14427,0.0,4,-2869.5567369273786,229464
14428,0.6000000000000001,39,-2868.9567369273786,229503
14429,-3.071428571428571,26,-2872.028165498807,229529
14430,-4.821428571428571,20,-2876.8495940702355,229549
14431,4.0,30,-2872.8495940702355,229579
14432,2.0,32,-2870.8495940702355,229611
14433,-5.0,10,-2875.8495940702355,229621
14434,-0.487179487179487,20,-2876.336773557415,229641
14435,0.0,9,-2876.336773557415,229650
14436,0.0,12,-2876.336773557415,229662
14437,-0.33333333333333326,33,-2876.6701068907487,229695
14438,1.5,10,-2875.1701068907487,229705
14439,1.0333333333333332,27,-2874.1367735574154,229732
14440,1.7666666666666666,43,-2872.3701068907485,229775
14441,-0.5,7,-2872.8701068907485,229782
14442,0.0,15,-2872.8701068907485,229797
14443,4.0588235294117645,33,-2868.811283361337,229830
14444,2.8333333333333335,13,-2865.9779500280033,229843
14445,0.0,10,-2865.9779500280033,229853
14446,-0.209090909090909,9,-2866.187040937094,229862
14447,-0.9411764705882353,6,-2867.1282174076823,229868
14448,0.0,6,-2867.1282174076823,229874
14449,0.0,4,-2867.1282174076823,229878
14450,0.0,8,-2867.1282174076823,229886
14451,0,0,-2867.1282174076823,229886
14452,0,0,-2867.1282174076823,229886
14453,0,0,-2867.1282174076823,229886
14454,-3.25,21,-2870.3782174076823,229907
14455,5.25,13,-2865.1282174076823,229920
14456,4.25,16,-2860.8782174076823,229936
14457,4.0,10,-2856.8782174076823,229946
14458,5.25,11,-2851.6282174076823,229957
14459,0.0,6,-2851.6282174076823,229963
14460,3.0,10,-2848.6282174076823,229973
14461,0.0,8,-2848.6282174076823,229981
14462,0.0,1,-2848.6282174076823,229982
14463,-3.0,15,-2851.6282174076823,229997
14464,3.6666666666666665,17,-2847.961550741016,230014
14465,-6.066666666666666,33,-2854.0282174076824,230047
14466,0.0,2,-2854.0282174076824,230049
14467,1.5,22,-2852.5282174076824,230071
14468,-2.0,27,-2854.5282174076824,230098
14469,-5.3047619047619055,20,-2859.8329793124444,230118
14470,-3.0,24,-2862.8329793124444,230142
14471,-10.187878787878788,40,-2873.020858100323,230182
14472,-2.0,28,-2875.020858100323,230210
14473,-4.833333333333334,33,-2879.8541914336565,230243
14474,1.1428571428571428,20,-2878.711334290799,230263
14475,-4.0,21,-2882.711334290799,230284
14476,5.0,33,-2877.711334290799,230317
14477,0.6,7,-2877.1113342907993,230324
14478,-2.0,2,-2879.1113342907993,230326
14479,-7.25,32,-2886.3613342907993,230358
14480,-5.0,29,-2891.3613342907993,230387
14481,0.3333333333333333,7,-2891.028000957466,230394
14482,-3.0,4,-2894.028000957466,230398
14483,4.0,8,-2890.028000957466,230406
14484,-2.5,18,-2892.528000957466,230424
14485,-2.0,8,-2894.528000957466,230432
14486,-2.0,7,-2896.528000957466,230439
14487,-4.5,21,-2901.028000957466,230460
14488,-7.266666666666667,34,-2908.2946676241327,230494
14489,-0.75,7,-2909.0446676241327,230501
14490,3.0,9,-2906.0446676241327,230510
14491,1.5,12,-2904.5446676241327,230522
14492,-0.9047619047619047,25,-2905.4494295288946,230547
14493,10.0,24,-2895.4494295288946,230571
14494,-0.5,16,-2895.9494295288946,230587
14495,1.0,12,-2894.9494295288946,230599
14496,0.05882352941176472,10,-2894.890605999483,230609
14497,3.0,3,-2891.890605999483,230612
14498,-1.0,6,-2892.890605999483,230618
14499,-2.0,8,-2894.890605999483,230626
14500,-4.5,19,-2899.390605999483,230645
14501,-5.75,14,-2905.140605999483,230659
14502,0.0,6,-2905.140605999483,230665
14503,0,0,-2905.140605999483,230665
14504,0,0,-2905.140605999483,230665
14505,0,0,-2905.140605999483,230665
14506,-1.0,4,-2906.140605999483,230669
14507,2.0,4,-2904.140605999483,230673
14508,-4.25,13,-2908.390605999483,230686
14509,-0.5,17,-2908.890605999483,230703
14510,3.0,11,-2905.890605999483,230714
14511,0.7833333333333332,18,-2905.1072726661496,230732
14512,1.0,6,-2904.1072726661496,230738
14513,3.5714285714285716,24,-2900.535844094721,230762
14514,-5.5,21,-2906.035844094721,230783
14515,-4.0,4,-2910.035844094721,230787
14516,-6.75,15,-2916.785844094721,230802
14517,-2.0,14,-2918.785844094721,230816
14518,2.0,3,-2916.785844094721,230819
14519,0.0,4,-2916.785844094721,230823
14520,-1.0,7,-2917.785844094721,230830
14521,0.3666666666666669,12,-2917.4191774280544,230842
14522,2.0,13,-2915.4191774280544,230855
14523,0,0,-2915.4191774280544,230855
14524,0,0,-2915.4191774280544,230855
14525,0,0,-2915.4191774280544,230855
14526,0.0,1,-2915.4191774280544,230856
14527,0.0,1,-2915.4191774280544,230857
14528,0.0,1,-2915.4191774280544,230858
14529,0.0,3,-2915.4191774280544,230861
14530,0.0,2,-2915.4191774280544,230863
14531,3.1999999999999993,29,-2912.2191774280545,230892
14532,3.0,6,-2909.2191774280545,230898
14533,-4.454545454545455,39,-2913.6737228826,230937
14534,2.2,17,-2911.4737228826,230954
14535,1.0,9,-2910.4737228826,230963
14536,-2.0,5,-2912.4737228826,230968
14537,-5.0,7,-2917.4737228826,230975
14538,0.0,4,-2917.4737228826,230979
14539,2.25,7,-2915.2237228826,230986
14540,4.25,9,-2910.9737228826,230995
14541,2.1666666666666665,17,-2908.8070562159337,231012
14542,2.0,3,-2906.8070562159337,231015
14543,6.0,5,-2900.8070562159337,231020
14544,5.6,27,-2895.207056215934,231047
14545,1.75,20,-2893.457056215934,231067
14546,3.0,16,-2890.457056215934,231083
14547,5.5,23,-2884.957056215934,231106
14548,0.5555555555555554,33,-2884.401500660378,231139
14549,0.0,15,-2884.401500660378,231154
14550,4.5588235294117645,15,-2879.8426771309664,231169
14551,-4.666666666666666,18,-2884.509343797633,231187
14552,6.0,13,-2878.509343797633,231200
14553,-5.111111111111111,18,-2883.6204549087443,231218
14554,-6.571428571428571,24,-2890.1918834801727,231242
14555,4.0,9,-2886.1918834801727,231251
14556,-1.0,8,-2887.1918834801727,231259
14557,-3.1333333333333337,41,-2890.325216813506,231300
14558,0.5,13,-2889.825216813506,231313
14559,3.0,7,-2886.825216813506,231320
14560,0.3999999999999999,25,-2886.425216813506,231345
14561,-1.0,23,-2887.425216813506,231368
14562,0.0,2,-2887.425216813506,231370
14563,8.0,24,-2879.425216813506,231394
14564,1.0,2,-2878.425216813506,231396
14565,4.0,10,-2874.425216813506,231406
14566,-4.0,16,-2878.425216813506,231422
14567,0.0,4,-2878.425216813506,231426
14568,-1.0833333333333321,36,-2879.5085501468393,231462
14569,-4.0,17,-2883.5085501468393,231479
14570,-5.0,15,-2888.5085501468393,231494
14571,-1.4,21,-2889.9085501468394,231515
14572,2.5,27,-2887.4085501468394,231542
14573,0,0,-2887.4085501468394,231542
14574,0,0,-2887.4085501468394,231542
14575,0,0,-2887.4085501468394,231542
14576,4.833333333333334,47,-2882.575216813506,231589
14577,-2.0,7,-2884.575216813506,231596
14578,-0.5,2,-2885.075216813506,231598
14579,2.0,20,-2883.075216813506,231618
14580,-8.0,22,-2891.075216813506,231640
14581,-3.0,14,-2894.075216813506,231654
14582,-1.0,9,-2895.075216813506,231663
14583,6.699999999999999,18,-2888.375216813506,231681
14584,0.0,6,-2888.375216813506,231687
14585,0.0,21,-2888.375216813506,231708
14586,-6.0,43,-2894.375216813506,231751
14587,0,0,-2894.375216813506,231751
14588,0,0,-2894.375216813506,231751
14589,0,0,-2894.375216813506,231751
14590,-2.4,16,-2896.775216813506,231767
14591,0,0,-2896.775216813506,231767
14592,0,0,-2896.775216813506,231767
14593,0,0,-2896.775216813506,231767
14594,5.0,30,-2891.775216813506,231797
14595,-1.4,7,-2893.1752168135063,231804
14596,0.0,2,-2893.1752168135063,231806
14597,-0.5,4,-2893.6752168135063,231810
14598,2.0,5,-2891.6752168135063,231815
14599,1.0,11,-2890.6752168135063,231826
14600,14.5,38,-2876.1752168135063,231864
14601,-6.4,28,-2882.5752168135064,231892
14602,5.7,37,-2876.8752168135065,231929
14603,-3.75,13,-2880.6252168135065,231942
14604,-1.7333333333333338,19,-2882.3585501468397,231961
14605,-0.75,16,-2883.1085501468397,231977
14606,-1.25,21,-2884.3585501468397,231998
14607,2.0,3,-2882.3585501468397,232001
14608,5.533333333333334,10,-2876.8252168135064,232011
14609,0.75,12,-2876.0752168135064,232023
14610,-0.27450980392156876,23,-2876.349726617428,232046
14611,1.5833333333333333,30,-2874.7663932840946,232076
14612,2.0,3,-2872.7663932840946,232079
14613,0.20000000000000018,22,-2872.566393284095,232101
14614,-1.0,3,-2873.566393284095,232104
14615,-2.0,9,-2875.566393284095,232113
14616,-2.5,11,-2878.066393284095,232124
14617,-2.857142857142857,6,-2880.9235361412375,232130
14618,-6.166666666666667,30,-2887.090202807904,232160
14619,-7.55,53,-2894.640202807904,232213
14620,-6.5,16,-2901.140202807904,232229
14621,2.75,12,-2898.390202807904,232241
14622,0,0,-2898.390202807904,232241
14623,0,0,-2898.390202807904,232241
14624,0,0,-2898.390202807904,232241
14625,-9.5,45,-2907.890202807904,232286
14626,1.0,18,-2906.890202807904,232304
14627,-0.5,9,-2907.390202807904,232313
14628,0,0,-2907.390202807904,232313
14629,0,0,-2907.390202807904,232313
14630,0,0,-2907.390202807904,232313
14631,0.33333333333333326,25,-2907.0568694745707,232338
14632,-1.0,4,-2908.0568694745707,232342
14633,0.0,7,-2908.0568694745707,232349
14634,-1.5,18,-2909.5568694745707,232367
14635,0.0,23,-2909.5568694745707,232390
14636,-3.333333333333333,14,-2912.890202807904,232404
14637,0.0,4,-2912.890202807904,232408
14638,3.1666666666666665,8,-2909.7235361412377,232416
14639,0.0,3,-2909.7235361412377,232419
14640,5.0,5,-2904.7235361412377,232424
14641,1.0,6,-2903.7235361412377,232430
14642,-2.0,9,-2905.7235361412377,232439
14643,-1.5000000000000004,29,-2907.2235361412377,232468
14644,2.6,11,-2904.6235361412378,232479
14645,-1.0,5,-2905.6235361412378,232484
14646,5.90952380952381,66,-2899.714012331714,232550
14647,-3.904761904761905,42,-2903.618774236476,232592
14648,-1.4,22,-2905.018774236476,232614
14649,2.9333333333333336,26,-2902.0854409031426,232640
14650,1.0,9,-2901.0854409031426,232649
14651,-4.8,17,-2905.885440903143,232666
14652,5.0,15,-2900.885440903143,232681
14653,-6.833333333333333,30,-2907.7187742364763,232711
14654,0,0,-2907.7187742364763,232711
14655,0,0,-2907.7187742364763,232711
14656,0,0,-2907.7187742364763,232711
14657,-0.5,26,-2908.2187742364763,232737
14658,3.125,29,-2905.0937742364763,232766
14659,3.0,12,-2902.0937742364763,232778
14660,3.1,22,-2898.9937742364764,232800
14661,2.0,3,-2896.9937742364764,232803
14662,2.6666666666666665,14,-2894.32710756981,232817
14663,2.142857142857143,18,-2892.1842504269525,232835
14664,-1.3333333333333333,24,-2893.517583760286,232859
14665,0,0,-2893.517583760286,232859
14666,0,0,-2893.517583760286,232859
14667,3.5,10,-2890.017583760286,232869
14668,4.333333333333333,19,-2885.6842504269525,232888
14669,-4.5,13,-2890.1842504269525,232901
14670,5.083333333333333,25,-2885.100917093619,232926
14671,5.25,17,-2879.850917093619,232943
14672,6.0,11,-2873.850917093619,232954
14673,-1.6666666666666667,6,-2875.5175837602856,232960
14674,0.16666666666666674,7,-2875.350917093619,232967
14675,0.1166666666666667,26,-2875.2342504269523,232993
14676,-2.833333333333333,18,-2878.0675837602857,233011
14677,-11.333333333333332,19,-2889.4009170936192,233030
14678,-2.583333333333333,13,-2891.9842504269527,233043
14679,2.5,13,-2889.4842504269527,233056
14680,-4.666666666666667,18,-2894.1509170936192,233074
14681,2.5333333333333337,6,-2891.617583760286,233080
14682,-0.20833333333333337,13,-2891.8259170936194,233093
14683,2.6666666666666665,6,-2889.159250426953,233099
14684,-0.5,22,-2889.659250426953,233121
14685,0.0,19,-2889.659250426953,233140
14686,4.5,8,-2885.159250426953,233148
14687,3.3666666666666663,19,-2881.792583760286,233167
14688,-3.0,6,-2884.792583760286,233173
14689,1.0,9,-2883.792583760286,233182
14690,-5.666666666666666,11,-2889.4592504269526,233193
14691,6.0,8,-2883.4592504269526,233201
14692,0.6666666666666667,12,-2882.792583760286,233213
14693,-4.8999999999999995,24,-2887.692583760286,233237
14694,-1.2166666666666668,23,-2888.909250426953,233260
14695,-1.333333333333333,11,-2890.2425837602864,233271
14696,5.2,27,-2885.0425837602866,233298
14697,0.0,2,-2885.0425837602866,233300
14698,-2.0,9,-2887.0425837602866,233309
14699,-4.1,30,-2891.1425837602865,233339
14700,-0.16666666666666674,38,-2891.309250426953,233377
14701,3.2,13,-2888.109250426953,233390
14702,-11.733333333333334,33,-2899.8425837602863,233423
14703,-5.916666666666667,37,-2905.759250426953,233460
14704,-2.722222222222223,23,-2908.481472649175,233483
14705,0.5,56,-2907.981472649175,233539
14706,6.333333333333333,34,-2901.6481393158415,233573
14707,0.0,4,-2901.6481393158415,233577
14708,-9.4,24,-2911.0481393158416,233601
14709,4.0,14,-2907.0481393158416,233615
14710,7.0,9,-2900.0481393158416,233624
14711,2.5,31,-2897.5481393158416,233655
14712,-1.3333333333333335,32,-2898.881472649175,233687
14713,-12.000000000000002,26,-2910.881472649175,233713
14714,-0.40384615384615374,22,-2911.2853188030213,233735
14715,5.1,24,-2906.1853188030213,233759
14716,2.0,14,-2904.1853188030213,233773
14717,0.0,17,-2904.1853188030213,233790
14718,1.0588235294117647,21,-2903.1264952736096,233811
14719,0.5,19,-2902.6264952736096,233830
14720,4.2,6,-2898.42649527361,233836
14721,0.19999999999999996,16,-2898.22649527361,233852
14722,-1.25,12,-2899.47649527361,233864
14723,-2.0,17,-2901.47649527361,233881
14724,1.0,9,-2900.47649527361,233890
14725,2.0,12,-2898.47649527361,233902
14726,-3.0,18,-2901.47649527361,233920
14727,-6.590909090909091,44,-2908.067404364519,233964
14728,-7.5,32,-2915.567404364519,233996
14729,-3.0,20,-2918.567404364519,234016
14730,0.5,21,-2918.067404364519,234037
14731,5.125,26,-2912.942404364519,234063
14732,-3.571428571428571,17,-2916.5138329359474,234080
14733,3.0,15,-2913.5138329359474,234095
14734,-2.0,8,-2915.5138329359474,234103
14735,1.0,7,-2914.5138329359474,234110
14736,1.2666666666666666,35,-2913.2471662692806,234145
14737,-9.95,29,-2923.1971662692804,234174
14738,0.6666666666666666,14,-2922.530499602614,234188
14739,-4.5,14,-2927.030499602614,234202
14740,-2.0,10,-2929.030499602614,234212
14741,1.125,27,-2927.905499602614,234239
14742,-2.5,16,-2930.405499602614,234255
14743,-1.3333333333333333,11,-2931.7388329359474,234266
14744,-1.3111111111111113,32,-2933.0499440470585,234298
14745,0.0,4,-2933.0499440470585,234302
14746,0.0,9,-2933.0499440470585,234311
14747,0.0,7,-2933.0499440470585,234318
14748,0.0,4,-2933.0499440470585,234322
14749,-6.0,18,-2939.0499440470585,234340
14750,-1.916666666666667,29,-2940.966610713725,234369
14751,3.0,5,-2937.966610713725,234374
14752,1.0,14,-2936.966610713725,234388
14753,0.0,12,-2936.966610713725,234400
14754,1.366666666666667,11,-2935.599944047058,234411
14755,1.0,15,-2934.599944047058,234426
14756,2.0,2,-2932.599944047058,234428
14757,-1.0,4,-2933.599944047058,234432
14758,-2.333333333333333,10,-2935.9332773803917,234442
14759,2.0,8,-2933.9332773803917,234450
14760,-3.0,10,-2936.9332773803917,234460
14761,0.33333333333333337,14,-2936.599944047058,234474
14762,2.0,2,-2934.599944047058,234476
14763,-0.9880952380952381,23,-2935.5880392851536,234499
14764,0.2,6,-2935.388039285154,234505
14765,4.0,7,-2931.388039285154,234512
14766,1.212121212121212,17,-2930.175918073033,234529
14767,3.5,17,-2926.675918073033,234546
14768,9.25,23,-2917.425918073033,234569
14769,-3.0,7,-2920.425918073033,234576
14770,-2.0,16,-2922.425918073033,234592
14771,2.0,6,-2920.425918073033,234598
14772,5.0,19,-2915.425918073033,234617
14773,-2.0,24,-2917.425918073033,234641
14774,1.0,9,-2916.425918073033,234650
14775,0.0,7,-2916.425918073033,234657
14776,6.666666666666666,16,-2909.7592514063663,234673
14777,-2.0,13,-2911.7592514063663,234686
14778,8.928571428571429,19,-2902.8306799777947,234705
14779,1.0,4,-2901.8306799777947,234709
14780,-6.833333333333334,12,-2908.664013311128,234721
14781,-0.7999999999999998,5,-2909.4640133111284,234726
14782,1.5,21,-2907.9640133111284,234747
14783,0.6666666666666667,12,-2907.297346644462,234759
14784,-3.0000000000000004,16,-2910.297346644462,234775
14785,-5.6,31,-2915.897346644462,234806
14786,2.0,8,-2913.897346644462,234814
14787,4.166666666666666,21,-2909.7306799777953,234835
14788,0.0,23,-2909.7306799777953,234858
14789,-7.833333333333333,41,-2917.5640133111287,234899
14790,2.0,7,-2915.5640133111287,234906
14791,-1.5,10,-2917.0640133111287,234916
14792,-0.6666666666666667,11,-2917.7306799777953,234927
14793,0.0,2,-2917.7306799777953,234929
14794,6.0,12,-2911.7306799777953,234941
14795,0.0,9,-2911.7306799777953,234950
14796,0.0,2,-2911.7306799777953,234952
14797,4.545454545454545,15,-2907.1852254323408,234967
14798,3.0,5,-2904.1852254323408,234972
14799,1.0,4,-2903.1852254323408,234976
14800,1.0,3,-2902.1852254323408,234979
14801,1.75,12,-2900.4352254323408,234991
14802,1.0,2,-2899.4352254323408,234993
14803,2.0,11,-2897.4352254323408,235004
14804,1.0,8,-2896.4352254323408,235012
14805,-2.0,3,-2898.4352254323408,235015
14806,-2.8,13,-2901.235225432341,235028
14807,2.0,19,-2899.235225432341,235047
14808,9.0,11,-2890.235225432341,235058
14809,5.5,5,-2884.735225432341,235063
14810,1.0,13,-2883.735225432341,235076
14811,-3.333333333333333,10,-2887.0685587656744,235086
14812,0.0,4,-2887.0685587656744,235090
14813,-1.6666666666666665,9,-2888.735225432341,235099
14814,-1.333333333333333,16,-2890.0685587656744,235115
14815,-1.3495680789798432,36,-2891.418126844654,235151
14816,-1.833333333333333,37,-2893.2514601779876,235188
14817,-1.0,14,-2894.2514601779876,235202
14818,-4.5,21,-2898.7514601779876,235223
14819,-2.0999999999999996,27,-2900.8514601779875,235250
14820,0.0,1,-2900.8514601779875,235251
14821,9.0,22,-2891.8514601779875,235273
14822,1.5,19,-2890.3514601779875,235292
14823,1.9166666666666667,24,-2888.434793511321,235316
14824,-2.75,15,-2891.184793511321,235331
14825,6.2,14,-2884.984793511321,235345
14826,0.0,5,-2884.984793511321,235350
14827,-5.0,7,-2889.984793511321,235357
14828,5.0,13,-2884.984793511321,235370
14829,0.0,2,-2884.984793511321,235372
14830,0.0,6,-2884.984793511321,235378
14831,-0.5,4,-2885.484793511321,235382
14832,2.0,6,-2883.484793511321,235388
14833,-1.0,7,-2884.484793511321,235395
14834,2.0,5,-2882.484793511321,235400
14835,1.0,4,-2881.484793511321,235404
14836,8.25,32,-2873.234793511321,235436
14837,1.0,12,-2872.234793511321,235448
14838,3.7619047619047628,15,-2868.4728887494166,235463
14839,-5.5,15,-2873.9728887494166,235478
14840,3.212121212121212,28,-2870.7607675372956,235506
14841,-9.333333333333332,16,-2880.094100870629,235522
14842,3.0,15,-2877.094100870629,235537
14843,-1.0,9,-2878.094100870629,235546
14844,2.5,5,-2875.594100870629,235551
14845,0.0,11,-2875.594100870629,235562
14846,2.0,3,-2873.594100870629,235565
14847,2.0,6,-2871.594100870629,235571
14848,-0.3295454545454546,21,-2871.9236463251746,235592
14849,-5.75,43,-2877.6736463251746,235635
14850,0.0,17,-2877.6736463251746,235652
14851,0.5,20,-2877.1736463251746,235672
14852,-1.0,7,-2878.1736463251746,235679
14853,7.0,10,-2871.1736463251746,235689
14854,1.0,3,-2870.1736463251746,235692
14855,6.0,9,-2864.1736463251746,235701
14856,-1.0,10,-2865.1736463251746,235711
14857,6.0,11,-2859.1736463251746,235722
14858,3.1833333333333336,22,-2855.990312991841,235744
14859,2.0,6,-2853.990312991841,235750
14860,0.0,2,-2853.990312991841,235752
14861,0.0,6,-2853.990312991841,235758
14862,5.0,8,-2848.990312991841,235766
14863,7.0,19,-2841.990312991841,235785
14864,4.0,12,-2837.990312991841,235797
14865,1.0,7,-2836.990312991841,235804
14866,0.0,23,-2836.990312991841,235827
14867,1.0,5,-2835.990312991841,235832
14868,0.0,2,-2835.990312991841,235834
14869,4.1000000000000005,34,-2831.8903129918413,235868
14870,0.1428571428571428,11,-2831.747455848984,235879
14871,3.0285714285714285,8,-2828.7188844204125,235887
14872,5.0,18,-2823.7188844204125,235905
14873,1.0,13,-2822.7188844204125,235918
14874,5.0,22,-2817.7188844204125,235940
14875,0.19999999999999996,12,-2817.5188844204126,235952
14876,0.5,29,-2817.0188844204126,235981
14877,0.0,10,-2817.0188844204126,235991
14878,0.0,3,-2817.0188844204126,235994
14879,-0.7793040293040296,31,-2817.7981884497167,236025
14880,4.673076923076923,21,-2813.1251115266396,236046
14881,1.75,15,-2811.3751115266396,236061
14882,1.125,12,-2810.2501115266396,236073
14883,2.0,6,-2808.2501115266396,236079
14884,5.0,9,-2803.2501115266396,236088
14885,3.0,17,-2800.2501115266396,236105
14886,-1.8214285714285712,25,-2802.071540098068,236130
14887,-7.463768115942028,14,-2809.53530821401,236144
14888,1.5,3,-2808.03530821401,236147
14889,-4.0,11,-2812.03530821401,236158
14890,6.199999999999999,15,-2805.83530821401,236173
14891,-2.0,2,-2807.83530821401,236175
14892,-6.0,16,-2813.83530821401,236191
14893,-9.0,50,-2822.83530821401,236241
14894,0,0,-2822.83530821401,236241
14895,0,0,-2822.83530821401,236241
14896,-2.5,8,-2825.33530821401,236249
14897,-1.0,6,-2826.33530821401,236255
14898,1.0,7,-2825.33530821401,236262
14899,-8.25,7,-2833.58530821401,236269
14900,0.0,5,-2833.58530821401,236274
14901,5.0,7,-2828.58530821401,236281
14902,0.0,3,-2828.58530821401,236284
14903,0.0,6,-2828.58530821401,236290
14904,0.75,12,-2827.83530821401,236302
14905,0.0,3,-2827.83530821401,236305
14906,1.0,4,-2826.83530821401,236309
14907,12.5,30,-2814.33530821401,236339
14908,1.3333333333333333,5,-2813.0019748806767,236344
14909,-1.2857142857142856,9,-2814.287689166391,236353
14910,1.75,13,-2812.537689166391,236366
14911,0.3333333333333335,8,-2812.2043558330574,236374
14912,3.3333333333333335,10,-2808.871022499724,236384
14913,0.0,6,-2808.871022499724,236390
14914,1.0,9,-2807.871022499724,236399
14915,7.0,24,-2800.871022499724,236423
14916,-1.6333333333333329,27,-2802.504355833057,236450
14917,5.333333333333334,8,-2797.1710224997237,236458
14918,4.0,6,-2793.1710224997237,236464
14919,3.0,15,-2790.1710224997237,236479
14920,-1.0,2,-2791.1710224997237,236481
14921,2.7,16,-2788.471022499724,236497
14922,-5.0,7,-2793.471022499724,236504
14923,-8.0,13,-2801.471022499724,236517
14924,-1.0,18,-2802.471022499724,236535
14925,0.5,8,-2801.971022499724,236543
14926,-2.326923076923077,8,-2804.2979455766467,236551
14927,-2.0,11,-2806.2979455766467,236562
14928,-1.0,3,-2807.2979455766467,236565
14929,0.028571428571428692,11,-2807.2693741480753,236576
14930,9.0,16,-2798.2693741480753,236592
14931,1.7000000000000002,17,-2796.5693741480754,236609
14932,-2.326923076923077,8,-2798.8962972249983,236617
14933,0.0,3,-2798.8962972249983,236620
14934,-5.5,11,-2804.3962972249983,236631
14935,-1.0,8,-2805.3962972249983,236639
14936,2.0,15,-2803.3962972249983,236654
14937,-3.0,8,-2806.3962972249983,236662
14938,3.0,6,-2803.3962972249983,236668
14939,0.0,6,-2803.3962972249983,236674
14940,1.0,4,-2802.3962972249983,236678
14941,0.09999999999999998,7,-2802.2962972249984,236685
14942,3.833333333333333,21,-2798.462963891665,236706
14943,0.0,6,-2798.462963891665,236712
14944,-0.5,10,-2798.962963891665,236722
14945,1.166666666666666,22,-2797.7962972249984,236744
14946,2.0,11,-2795.7962972249984,236755
14947,5.5,24,-2790.2962972249984,236779
14948,4.0,15,-2786.2962972249984,236794
14949,-5.833333333333333,35,-2792.129630558332,236829
14950,0.5,11,-2791.629630558332,236840
14951,-2.0,19,-2793.629630558332,236859
14952,5.0,10,-2788.629630558332,236869
14953,-2.0,10,-2790.629630558332,236879
14954,-4.0,18,-2794.629630558332,236897
14955,0.75,6,-2793.879630558332,236903
14956,-3.216666666666667,25,-2797.0962972249986,236928
14957,3.2785714285714285,23,-2793.817725796427,236951
14958,1.6666666666666667,9,-2792.1510591297606,236960
14959,9.166666666666666,14,-2782.984392463094,236974
14960,0.0,7,-2782.984392463094,236981
14961,4.833333333333334,15,-2778.1510591297606,236996
14962,-0.7380952380952379,26,-2778.889154367856,237022
14963,-0.16666666666666696,22,-2779.0558210345225,237044
14964,-3.4,10,-2782.4558210345226,237054
14965,-2.2857142857142847,47,-2784.741535320237,237101
14966,-0.6,18,-2785.3415353202367,237119
14967,2.2,5,-2783.141535320237,237124
14968,2.0,14,-2781.141535320237,237138
14969,4.5,20,-2776.641535320237,237158
14970,3.5,14,-2773.141535320237,237172
14971,-2.5,10,-2775.641535320237,237182
14972,10.1,38,-2765.541535320237,237220
14973,2.0,6,-2763.541535320237,237226
14974,11.0,42,-2752.541535320237,237268
14975,9.0,38,-2743.541535320237,237306
14976,-1.0,5,-2744.541535320237,237311
14977,1.5333333333333332,5,-2743.0082019869037,237316
14978,4.5,15,-2738.5082019869037,237331
14979,0.25,34,-2738.2582019869037,237365
14980,-1.833333333333333,13,-2740.091535320237,237378
14981,2.7588235294117647,16,-2737.332711790825,237394
14982,-4.0,20,-2741.332711790825,237414
14983,-3.0,17,-2744.332711790825,237431
14984,4.0,6,-2740.332711790825,237437
14985,-2.0,9,-2742.332711790825,237446
14986,-2.0,4,-2744.332711790825,237450
14987,-4.0,10,-2748.332711790825,237460
14988,2.3333333333333335,14,-2745.9993784574917,237474
14989,0.0,5,-2745.9993784574917,237479
14990,0.0,9,-2745.9993784574917,237488
14991,-4.0,10,-2749.9993784574917,237498
14992,0.0,2,-2749.9993784574917,237500
14993,-4.65,14,-2754.649378457492,237514
14994,3.0,6,-2751.649378457492,237520
14995,-4.25,12,-2755.899378457492,237532
14996,0.0,2,-2755.899378457492,237534
14997,1.1666666666666665,7,-2754.7327117908253,237541
14998,-1.0,4,-2755.7327117908253,237545
14999,-1.0,12,-2756.7327117908253,237557
15000,0.6499999999999999,12,-2756.082711790825,237569
15001,-1.0,2,-2757.082711790825,237571
15002,-7.0,20,-2764.082711790825,237591
15003,2.0,11,-2762.082711790825,237602
15004,3.3333333333333335,11,-2758.7493784574917,237613
15005,-3.0,15,-2761.7493784574917,237628
15006,1.0999999999999996,15,-2760.649378457492,237643
15007,2.2,3,-2758.449378457492,237646
15008,1.0,4,-2757.449378457492,237650
15009,-0.4666666666666668,18,-2757.9160451241587,237668
15010,-0.25,7,-2758.1660451241587,237675
15011,0.0,1,-2758.1660451241587,237676
15012,-2.0,8,-2760.1660451241587,237684
15013,-2.0,2,-2762.1660451241587,237686
15014,0.0,6,-2762.1660451241587,237692
15015,4.0,12,-2758.1660451241587,237704
15016,1.0,9,-2757.1660451241587,237713
15017,-0.25,12,-2757.4160451241587,237725
15018,0.0,5,-2757.4160451241587,237730
15019,0.0,4,-2757.4160451241587,237734
15020,3.0,6,-2754.4160451241587,237740
15021,-0.6666666666666667,15,-2755.082711790825,237755
15022,2.0,10,-2753.082711790825,237765
15023,-1.4166666666666665,15,-2754.4993784574917,237780
15024,0.0,8,-2754.4993784574917,237788
15025,2.0,5,-2752.4993784574917,237793
15026,3.7,11,-2748.799378457492,237804
15027,7.166666666666666,17,-2741.6327117908254,237821
15028,0.0,20,-2741.6327117908254,237841
15029,-4.0,24,-2745.6327117908254,237865
15030,1.0,11,-2744.6327117908254,237876
15031,3.0,44,-2741.6327117908254,237920
15032,-3.0,9,-2744.6327117908254,237929
15033,0.0,5,-2744.6327117908254,237934
15034,1.2222222222222223,24,-2743.410489568603,237958
15035,1.0,16,-2742.410489568603,237974
15036,0.0,5,-2742.410489568603,237979
15037,1.0,5,-2741.410489568603,237984
15038,0.0,26,-2741.410489568603,238010
15039,-2.4000000000000004,26,-2743.8104895686033,238036
15040,-8.941176470588236,25,-2752.7516660391916,238061
15041,2.0,6,-2750.7516660391916,238067
15042,-0.5,16,-2751.2516660391916,238083
15043,4.212121212121212,30,-2747.0395448270706,238113
15044,-4.5,9,-2751.5395448270706,238122
15045,3.0,17,-2748.5395448270706,238139
15046,1.333333333333333,18,-2747.206211493737,238157
15047,3.5,18,-2743.706211493737,238175
15048,2.0,20,-2741.706211493737,238195
15049,0,0,-2741.706211493737,238195
15050,0,0,-2741.706211493737,238195
15051,1.5,28,-2740.206211493737,238223
15052,-1.0,27,-2741.206211493737,238250
15053,2.0,16,-2739.206211493737,238266
15054,-1.0,12,-2740.206211493737,238278
15055,-2.5999999999999996,23,-2742.806211493737,238301
15056,-8.77450980392157,14,-2751.580721297659,238315
15057,1.0,15,-2750.580721297659,238330
15058,2.75,7,-2747.830721297659,238337
15059,2.75,7,-2745.080721297659,238344
15060,0.666666666666667,25,-2744.4140546309923,238369
15061,2.666666666666667,15,-2741.7473879643258,238384
15062,-1.0,5,-2742.7473879643258,238389
15063,-1.6666666666666667,11,-2744.4140546309923,238400
15064,-0.3333333333333335,9,-2744.7473879643258,238409
15065,0.0,11,-2744.7473879643258,238420
15066,-4.833333333333333,11,-2749.5807212976592,238431
15067,1.0,9,-2748.5807212976592,238440
15068,-1.6666666666666667,17,-2750.2473879643258,238457
15069,-0.5,16,-2750.7473879643258,238473
15070,1.0,3,-2749.7473879643258,238476
15071,4.0,14,-2745.7473879643258,238490
15072,1.0,10,-2744.7473879643258,238500
15073,-2.0,8,-2746.7473879643258,238508
15074,-1.0,10,-2747.7473879643258,238518
15075,-1.5,10,-2749.2473879643258,238528
15076,0.0,6,-2749.2473879643258,238534
15077,-4.333333333333334,11,-2753.5807212976592,238545
15078,4.0,15,-2749.5807212976592,238560
15079,4.0,23,-2745.5807212976592,238583
15080,-2.571428571428571,7,-2748.1521498690877,238590
15081,-4.3,22,-2752.452149869088,238612
15082,-3.0,19,-2755.452149869088,238631
15083,-4.333333333333333,15,-2759.7854832024213,238646
15084,2.0,7,-2757.7854832024213,238653
15085,-3.0,11,-2760.7854832024213,238664
15086,1.6666666666666667,4,-2759.118816535755,238668
15087,3.0,12,-2756.118816535755,238680
15088,-1.25,9,-2757.368816535755,238689
15089,1.5,8,-2755.868816535755,238697
15090,1.25,19,-2754.618816535755,238716
15091,-1.0,4,-2755.618816535755,238720
15092,-1.0,5,-2756.618816535755,238725
15093,-1.0,11,-2757.618816535755,238736
15094,3.5,16,-2754.118816535755,238752
15095,1.2857142857142856,17,-2752.8331022500406,238769
15096,-0.3333333333333333,15,-2753.166435583374,238784
15097,6.75,24,-2746.416435583374,238808
15098,-1.0,20,-2747.416435583374,238828
15099,-5.25,40,-2752.666435583374,238868
15100,-1.0,22,-2753.666435583374,238890
15101,-4.9411764705882355,20,-2758.6076120539624,238910
15102,-4.666666666666667,29,-2763.274278720629,238939
15103,-2.75,7,-2766.024278720629,238946
15104,6.0,20,-2760.024278720629,238966
15105,2.0,4,-2758.024278720629,238970
15106,2.0,10,-2756.024278720629,238980
15107,-2.3333333333333335,16,-2758.3576120539624,238996
15108,-2.666666666666666,9,-2761.024278720629,239005
15109,-4.0,17,-2765.024278720629,239022
15110,-4.0,14,-2769.024278720629,239036
15111,1.6666666666666667,2,-2767.3576120539624,239038
15112,-1.0,7,-2768.3576120539624,239045
15113,0.0,8,-2768.3576120539624,239053
15114,2.2,29,-2766.1576120539626,239082
15115,-2.0,31,-2768.1576120539626,239113
15116,0.1428571428571428,17,-2768.0147549111052,239130
15117,2.2,14,-2765.8147549111054,239144
15118,-3.0,7,-2768.8147549111054,239151
15119,0.0,17,-2768.8147549111054,239168
15120,-4.0,20,-2772.8147549111054,239188
15121,6.0,19,-2766.8147549111054,239207
15122,3.0,10,-2763.8147549111054,239217
15123,3.5,14,-2760.3147549111054,239231
15124,6.0,9,-2754.3147549111054,239240
15125,10.0,14,-2744.3147549111054,239254
15126,2.5,12,-2741.8147549111054,239266
15127,-7.5,14,-2749.3147549111054,239280
15128,1.0,4,-2748.3147549111054,239284
15129,0.0,1,-2748.3147549111054,239285
15130,4.0,20,-2744.3147549111054,239305
15131,2.0,7,-2742.3147549111054,239312
15132,1.0,5,-2741.3147549111054,239317
15133,1.0,9,-2740.3147549111054,239326
15134,-1.5,4,-2741.8147549111054,239330
15135,5.0,5,-2736.8147549111054,239335
15136,2.0,3,-2734.8147549111054,239338
15137,-2.8,6,-2737.6147549111056,239344
15138,-1.7999999999999998,11,-2739.414754911106,239355
15139,0.0,3,-2739.414754911106,239358
15140,1.0,7,-2738.414754911106,239365
15141,1.0,6,-2737.414754911106,239371
15142,-1.0,5,-2738.414754911106,239376
15143,2.0,7,-2736.414754911106,239383
15144,6.2,11,-2730.214754911106,239394
15145,0.0,6,-2730.214754911106,239400
15146,0.0,2,-2730.214754911106,239402
15147,1.0,1,-2729.214754911106,239403
15148,0.0,4,-2729.214754911106,239407
15149,-1.0,11,-2730.214754911106,239418
15150,4.0,12,-2726.214754911106,239430
15151,-2.0,8,-2728.214754911106,239438
15152,0.0,2,-2728.214754911106,239440
15153,5.0,6,-2723.214754911106,239446
15154,0.0,8,-2723.214754911106,239454
15155,2.5,9,-2720.714754911106,239463
15156,5.2,10,-2715.514754911106,239473
15157,-2.0,5,-2717.514754911106,239478
15158,1.0,11,-2716.514754911106,239489
15159,4.2,5,-2712.3147549111063,239494
15160,3.0,13,-2709.3147549111063,239507
15161,-4.111111111111111,4,-2713.4258660222176,239511
15162,-4.333333333333333,9,-2717.759199355551,239520
15163,-2.1666666666666665,6,-2719.9258660222176,239526
15164,-0.5,5,-2720.4258660222176,239531
15165,1.0,13,-2719.4258660222176,239544
15166,-4.371428571428572,14,-2723.7972945936463,239558
15167,8.2,7,-2715.5972945936464,239565
15168,8.95,11,-2706.6472945936466,239576
15169,2.0,6,-2704.6472945936466,239582
15170,0,0,-2704.6472945936466,239582
15171,0,0,-2704.6472945936466,239582
15172,-1.7333333333333334,8,-2706.3806279269797,239590
15173,-1.4545454545454546,4,-2707.8351733815252,239594
15174,3.0,11,-2704.8351733815252,239605
15175,-4.6,16,-2709.435173381525,239621
15176,0.0,3,-2709.435173381525,239624
15177,0.0,5,-2709.435173381525,239629
15178,-2.8,7,-2712.2351733815253,239636
15179,-1.0,8,-2713.2351733815253,239644
15180,-2.0,8,-2715.2351733815253,239652
15181,1.0,7,-2714.2351733815253,239659
15182,-5.111111111111111,15,-2719.3462844926366,239674
15183,4.5,6,-2714.8462844926366,239680
15184,2.5,22,-2712.3462844926366,239702
15185,2.0,7,-2710.3462844926366,239709
15186,0.0,6,-2710.3462844926366,239715
15187,0.5,12,-2709.8462844926366,239727
15188,-0.5,5,-2710.3462844926366,239732
15189,-3.5,4,-2713.8462844926366,239736
15190,-1.3333333333333333,20,-2715.17961782597,239756
15191,-2.25,23,-2717.42961782597,239779
15192,-5.4,17,-2722.82961782597,239796
15193,-3.333333333333333,16,-2726.1629511593037,239812
15194,-0.25,10,-2726.4129511593037,239822
15195,2.0,12,-2724.4129511593037,239834
15196,-0.25,9,-2724.6629511593037,239843
15197,1.0,4,-2723.6629511593037,239847
15198,-5.5,19,-2729.1629511593037,239866
15199,-3.333333333333333,6,-2732.496284492637,239872
15200,-0.8333333333333335,24,-2733.3296178259707,239896
15201,-2.0,5,-2735.3296178259707,239901
15202,-2.1666666666666665,17,-2737.496284492637,239918
15203,0.1428571428571428,20,-2737.35342734978,239938
15204,3.2,27,-2734.15342734978,239965
15205,-1.0,5,-2735.15342734978,239970
15206,2.0,6,-2733.15342734978,239976
15207,4.0,14,-2729.15342734978,239990
15208,1.6,18,-2727.55342734978,240008
15209,2.25,12,-2725.30342734978,240020
15210,2.6666666666666665,16,-2722.6367606831136,240036
15211,3.0,6,-2719.6367606831136,240042
15212,2.0,4,-2717.6367606831136,240046
15213,1.3333333333333333,6,-2716.30342734978,240052
15214,2.7,8,-2713.6034273497803,240060
15215,0.0,3,-2713.6034273497803,240063
15216,-2.0,27,-2715.6034273497803,240090
15217,0.0,4,-2715.6034273497803,240094
15218,1.0,1,-2714.6034273497803,240095
15219,-3.666666666666667,11,-2718.270094016447,240106
15220,2.0,12,-2716.270094016447,240118
15221,1.1428571428571428,9,-2715.1272368735895,240127
15222,-3.6,20,-2718.7272368735894,240147
15223,-4.0,9,-2722.7272368735894,240156
15224,2.2857142857142856,16,-2720.441522587875,240172
15225,-0.25,9,-2720.691522587875,240181
15226,4.0,19,-2716.691522587875,240200
15227,3.0,4,-2713.691522587875,240204
15228,-2.0,3,-2715.691522587875,240207
15229,2.666666666666667,7,-2713.0248559212087,240214
15230,5.0,9,-2708.0248559212087,240223
15231,1.15,22,-2706.8748559212086,240245
15232,-2.0,7,-2708.8748559212086,240252
15233,-0.25,6,-2709.1248559212086,240258
15234,-0.25,9,-2709.3748559212086,240267
15235,-2.5,23,-2711.8748559212086,240290
15236,2.35,8,-2709.5248559212087,240298
15237,1.6,10,-2707.9248559212087,240308
15238,4.0,7,-2703.9248559212087,240315
15239,-2.0,11,-2705.9248559212087,240326
15240,0.0,5,-2705.9248559212087,240331
15241,-1.0,12,-2706.9248559212087,240343
15242,0.0,5,-2706.9248559212087,240348
15243,1.0,3,-2705.9248559212087,240351
15244,-2.0,2,-2707.9248559212087,240353
15245,-2.0,4,-2709.9248559212087,240357
15246,-3.333333333333333,6,-2713.2581892545422,240363
15247,0.0,3,-2713.2581892545422,240366
15248,2.666666666666667,6,-2710.5915225878757,240372
15249,-1.1911764705882353,9,-2711.782699058464,240381
15250,-1.7142857142857144,21,-2713.49698477275,240402
15251,-1.0,10,-2714.49698477275,240412
15252,0.0,3,-2714.49698477275,240415
15253,-5.5,11,-2719.99698477275,240426
15254,1.75,7,-2718.24698477275,240433
15255,2.0,9,-2716.24698477275,240442
15256,0.0,13,-2716.24698477275,240455
15257,1.0,1,-2715.24698477275,240456
15258,0.9333333333333333,18,-2714.3136514394164,240474
15259,0.0,7,-2714.3136514394164,240481
15260,1.0,14,-2713.3136514394164,240495
15261,-0.3999999999999999,20,-2713.7136514394165,240515
15262,-5.757575757575758,24,-2719.4712271969925,240539
15263,4.0,9,-2715.4712271969925,240548
15264,1.5,10,-2713.9712271969925,240558
15265,3.5,20,-2710.4712271969925,240578
15266,-2.0,13,-2712.4712271969925,240591
15267,0.3333333333333333,6,-2712.137893863659,240597
15268,-2.333333333333333,16,-2714.4712271969925,240613
15269,0.9333333333333333,5,-2713.537893863659,240618
15270,-6.2,30,-2719.737893863659,240648
15271,1.5333333333333337,5,-2718.2045605303256,240653
15272,-0.6666666666666666,4,-2718.871227196992,240657
15273,2.0,5,-2716.871227196992,240662
15274,-0.08333333333333304,51,-2716.9545605303256,240713
15275,-0.5,18,-2717.4545605303256,240731
15276,4.0,5,-2713.4545605303256,240736
15277,1.6666666666666667,4,-2711.787893863659,240740
15278,-1.5714285714285714,8,-2713.3593224350875,240748
15279,3.0,19,-2710.3593224350875,240767
15280,2.0,6,-2708.3593224350875,240773
15281,0.0,12,-2708.3593224350875,240785
15282,1.1428571428571428,12,-2707.21646529223,240797
15283,0.0,7,-2707.21646529223,240804
15284,0.0,5,-2707.21646529223,240809
15285,1.0,8,-2706.21646529223,240817
15286,3.0,11,-2703.21646529223,240828
15287,0.5,31,-2702.71646529223,240859
15288,0.0,6,-2702.71646529223,240865
15289,-16.333333333333332,25,-2719.0497986255637,240890
15290,-4.4,21,-2723.4497986255637,240911
15291,1.0666666666666667,20,-2722.383131958897,240931
15292,-25.5,25,-2747.883131958897,240956
15293,-4.216666666666667,23,-2752.099798625564,240979
15294,-3.3333333333333335,21,-2755.4331319588973,241000
15295,-3.5,38,-2758.9331319588973,241038
15296,4.25,5,-2754.6831319588973,241043
15297,-1.0,1,-2755.6831319588973,241044
15298,0.0,1,-2755.6831319588973,241045
15299,-1.5,3,-2757.1831319588973,241048
15300,0.0,11,-2757.1831319588973,241059
15301,2.0,3,-2755.1831319588973,241062
15302,4.0,10,-2751.1831319588973,241072
15303,0.666666666666667,21,-2750.516465292231,241093
15304,-5.0,30,-2755.516465292231,241123
15305,-6.949999999999999,31,-2762.4664652922306,241154
15306,-6.4,19,-2768.8664652922307,241173
15307,-2.8333333333333335,22,-2771.699798625564,241195
15308,3.0,22,-2768.699798625564,241217
15309,0.0,11,-2768.699798625564,241228
15310,-3.0,18,-2771.699798625564,241246
15311,2.5454545454545454,13,-2769.1543440801097,241259
15312,-3.0,15,-2772.1543440801097,241274
15313,2.0,4,-2770.1543440801097,241278
15314,-2.0,15,-2772.1543440801097,241293
15315,-3.5,12,-2775.6543440801097,241305
15316,4.0,15,-2771.6543440801097,241320
15317,7.0,13,-2764.6543440801097,241333
15318,-5.416666666666666,19,-2770.071010746776,241352
15319,0.0,7,-2770.071010746776,241359
15320,-2.0,11,-2772.071010746776,241370
15321,-7.333333333333333,8,-2779.4043440801097,241378
15322,2.0,5,-2777.4043440801097,241383
15323,-1.0,1,-2778.4043440801097,241384
15324,2.0,2,-2776.4043440801097,241386
15325,7.666666666666667,21,-2768.737677413443,241407
15326,0.0,14,-2768.737677413443,241421
15327,-0.30000000000000004,5,-2769.0376774134434,241426
15328,1.4285714285714286,3,-2767.609105984872,241429
15329,0.0,2,-2767.609105984872,241431
15330,-1.0,3,-2768.609105984872,241434
15331,-2.0,4,-2770.609105984872,241438
15332,-2.0,12,-2772.609105984872,241450
15333,7.5,12,-2765.109105984872,241462
15334,-0.33333333333333326,3,-2765.4424393182053,241465
15335,-3.0,3,-2768.4424393182053,241468
15336,3.0,11,-2765.4424393182053,241479
15337,2.0,5,-2763.4424393182053,241484
15338,3.0,5,-2760.4424393182053,241489
15339,0.75,19,-2759.6924393182053,241508
15340,-2.0,5,-2761.6924393182053,241513
15341,-3.0,13,-2764.6924393182053,241526
15342,2.0,7,-2762.6924393182053,241533
15343,-2.3333333333333335,7,-2765.025772651539,241540
15344,1.0588235294117647,5,-2763.966949122127,241545
15345,-4.5,9,-2768.466949122127,241554
15346,-4.0,11,-2772.466949122127,241565
15347,4.445454545454545,33,-2768.0214945766725,241598
15348,-1.0,16,-2769.0214945766725,241614
15349,9.0,16,-2760.0214945766725,241630
15350,2.0,4,-2758.0214945766725,241634
15351,-3.0,7,-2761.0214945766725,241641
15352,4.0,6,-2757.0214945766725,241647
15353,0.0,12,-2757.0214945766725,241659
15354,-1.9428571428571426,28,-2758.9643517195295,241687
15355,0.6666666666666667,8,-2758.297685052863,241695
15356,2.0,12,-2756.297685052863,241707
15357,0.0,2,-2756.297685052863,241709
15358,0.0,6,-2756.297685052863,241715
15359,1.8333333333333335,12,-2754.4643517195295,241727
15360,0.0,6,-2754.4643517195295,241733
15361,2.0,12,-2752.4643517195295,241745
15362,-3.0,7,-2755.4643517195295,241752
15363,0.0,3,-2755.4643517195295,241755
15364,4.2,8,-2751.2643517195297,241763
15365,-0.33333333333333326,3,-2751.597685052863,241766
15366,4.2,6,-2747.3976850528634,241772
15367,0.0,4,-2747.3976850528634,241776
15368,-4.0,10,-2751.3976850528634,241786
15369,0.0,12,-2751.3976850528634,241798
15370,0.0,4,-2751.3976850528634,241802
15371,-4.571428571428571,12,-2755.969113624292,241814
15372,0.0,6,-2755.969113624292,241820
15373,1.5,4,-2754.469113624292,241824
15374,0.0,8,-2754.469113624292,241832
15375,0.0,2,-2754.469113624292,241834
15376,-1.0,1,-2755.469113624292,241835
15377,-1.0,1,-2756.469113624292,241836
15378,-1.5,11,-2757.969113624292,241847
15379,4.0,10,-2753.969113624292,241857
15380,3.2,15,-2750.769113624292,241872
15381,1.0,6,-2749.769113624292,241878
15382,-1.0,5,-2750.769113624292,241883
15383,-1.6666666666666665,13,-2752.4357802909585,241896
15384,3.0,8,-2749.4357802909585,241904
15385,-5.25,21,-2754.6857802909585,241925
15386,-1.0,8,-2755.6857802909585,241933
15387,2.4166666666666665,4,-2753.269113624292,241937
15388,0.16666666666666652,7,-2753.1024469576255,241944
15389,0.833333333333333,19,-2752.269113624292,241963
15390,5.5,21,-2746.769113624292,241984
15391,-4.333333333333333,8,-2751.1024469576255,241992
15392,3.0,9,-2748.1024469576255,242001
15393,-1.0,6,-2749.1024469576255,242007
15394,1.2,19,-2747.9024469576257,242026
15395,7.666666666666667,20,-2740.235780290959,242046
15396,0.3142857142857143,25,-2739.9214945766735,242071
15397,4.0,10,-2735.9214945766735,242081
15398,1.6,14,-2734.3214945766736,242095
15399,7.0,13,-2727.3214945766736,242108
15400,-1.0,8,-2728.3214945766736,242116
15401,2.0,31,-2726.3214945766736,242147
15402,-2.0,20,-2728.3214945766736,242167
15403,-1.3833333333333333,16,-2729.7048279100068,242183
15404,-2.0,18,-2731.7048279100068,242201
15405,-2.0,8,-2733.7048279100068,242209
15406,-3.4833333333333334,17,-2737.18816124334,242226
15407,3.0,17,-2734.18816124334,242243
15408,-10.5,38,-2744.68816124334,242281
15409,-1.3333333333333333,13,-2746.0214945766734,242294
15410,-1.5,25,-2747.5214945766734,242319
15411,-3.857142857142857,17,-2751.378637433816,242336
15412,-9.933333333333334,19,-2761.3119707671494,242355
15413,-5.333333333333333,30,-2766.645304100483,242385
15414,-4.0,7,-2770.645304100483,242392
15415,1.6666666666666667,15,-2768.9786374338164,242407
15416,-1.3333333333333333,10,-2770.31197076715,242417
15417,-11.1,29,-2781.41197076715,242446
15418,-2.3333333333333335,14,-2783.7453041004833,242460
15419,-3.0,5,-2786.7453041004833,242465
15420,-3.4,24,-2790.1453041004834,242489
15421,0.6428571428571428,17,-2789.502446957626,242506
15422,3.0,7,-2786.502446957626,242513
15423,-2.0,21,-2788.502446957626,242534
15424,-1.6666666666666665,10,-2790.1691136242925,242544
15425,2.735042735042736,29,-2787.4340708892496,242573
15426,-1.3333333333333335,7,-2788.767404222583,242580
15427,2.0,11,-2786.767404222583,242591
15428,-0.16666666666666674,15,-2786.9340708892496,242606
15429,0.6666666666666665,15,-2786.267404222583,242621
15430,-0.8333333333333335,15,-2787.1007375559166,242636
15431,4.333333333333334,16,-2782.767404222583,242652
15432,3.0,14,-2779.767404222583,242666
15433,-1.5,17,-2781.267404222583,242683
15434,-2.133333333333333,33,-2783.4007375559163,242716
15435,-4.0,11,-2787.4007375559163,242727
15436,-4.0,11,-2791.4007375559163,242738
15437,-4.5,26,-2795.9007375559163,242764
15438,5.0,27,-2790.9007375559163,242791
15439,0.33333333333333304,27,-2790.567404222583,242818
15440,-5.883333333333334,48,-2796.450737555916,242866
15441,0.0,2,-2796.450737555916,242868
15442,0.0,1,-2796.450737555916,242869
15443,-7.666666666666667,19,-2804.1174042225825,242888
15444,5.0,11,-2799.1174042225825,242899
15445,-3.0,31,-2802.1174042225825,242930
15446,4.0,15,-2798.1174042225825,242945
15447,-2.0,12,-2800.1174042225825,242957
15448,-2.5,9,-2802.6174042225825,242966
15449,-6.0,5,-2808.6174042225825,242971
15450,0.0,7,-2808.6174042225825,242978
15451,8.2,21,-2800.4174042225827,242999
15452,3.6,24,-2796.817404222583,243023
15453,0.0,9,-2796.817404222583,243032
15454,4.0,16,-2792.817404222583,243048
15455,0.5333333333333334,12,-2792.2840708892495,243060
15456,11.2,30,-2781.0840708892497,243090
15457,-7.0,19,-2788.0840708892497,243109
15458,-4.285714285714286,22,-2792.369785174964,243131
15459,-4.0,23,-2796.369785174964,243154
15460,6.0,10,-2790.369785174964,243164
15461,-0.5,8,-2790.869785174964,243172
15462,-2.5,16,-2793.369785174964,243188
15463,4.0,12,-2789.369785174964,243200
15464,3.0,9,-2786.369785174964,243209
15465,1.3333333333333333,19,-2785.0364518416304,243228
15466,0.0,3,-2785.0364518416304,243231
15467,-3.0,8,-2788.0364518416304,243239
15468,1.5,17,-2786.5364518416304,243256
15469,2.2,6,-2784.3364518416306,243262
15470,1.0,4,-2783.3364518416306,243266
15471,-1.0,15,-2784.3364518416306,243281
15472,2.142857142857143,29,-2782.1935946987733,243310
15473,1.0,13,-2781.1935946987733,243323
15474,7.107142857142858,37,-2774.0864518416306,243360
15475,4.0,9,-2770.0864518416306,243369
15476,2.583333333333333,24,-2767.503118508297,243393
15477,0.0,9,-2767.503118508297,243402
15478,1.0,11,-2766.503118508297,243413
15479,0.0,11,-2766.503118508297,243424
15480,0.0,8,-2766.503118508297,243432
15481,0.0,23,-2766.503118508297,243455
15482,1.2,19,-2765.3031185082973,243474
15483,-3.0,6,-2768.3031185082973,243480
15484,0.0,4,-2768.3031185082973,243484
15485,1.0,5,-2767.3031185082973,243489
15486,-2.0,19,-2769.3031185082973,243508
15487,5.75,13,-2763.5531185082973,243521
15488,3.142857142857143,8,-2760.41026136544,243529
15489,2.0,13,-2758.41026136544,243542
15490,2.0,5,-2756.41026136544,243547
15491,3.0,15,-2753.41026136544,243562
15492,-0.25,12,-2753.66026136544,243574
15493,-0.5,18,-2754.16026136544,243592
15494,-1.0,15,-2755.16026136544,243607
15495,0.20000000000000018,8,-2754.96026136544,243615
15496,4.0,3,-2750.96026136544,243618
15497,0.0,2,-2750.96026136544,243620
15498,-1.3928571428571428,9,-2752.3531185082975,243629
15499,0.0,4,-2752.3531185082975,243633
15500,0.5,11,-2751.8531185082975,243644
15501,3.866666666666667,10,-2747.9864518416307,243654
15502,-1.0,4,-2748.9864518416307,243658
15503,-1.0,5,-2749.9864518416307,243663
15504,1.2000000000000002,37,-2748.786451841631,243700
15505,3.6642857142857146,19,-2745.1221661273453,243719
15506,-2.0,9,-2747.1221661273453,243728
15507,-2.5,13,-2749.6221661273453,243741
15508,6.7,20,-2742.9221661273455,243761
15509,-2.0,8,-2744.9221661273455,243769
15510,-4.0,30,-2748.9221661273455,243799
15511,-7.416666666666666,29,-2756.338832794012,243828
15512,0.0,28,-2756.338832794012,243856
15513,-3.5,18,-2759.838832794012,243874
15514,2.25,6,-2757.588832794012,243880
15515,-3.0,2,-2760.588832794012,243882
15516,1.0,5,-2759.588832794012,243887
15517,-3.0,1,-2762.588832794012,243888
15518,4.0,15,-2758.588832794012,243903
15519,1.4000000000000004,30,-2757.188832794012,243933
15520,2.0,8,-2755.188832794012,243941
15521,-3.0,12,-2758.188832794012,243953
15522,0.0,4,-2758.188832794012,243957
15523,1.0833333333333333,9,-2757.1054994606784,243966
15524,0.5,15,-2756.6054994606784,243981
15525,-3.0,18,-2759.6054994606784,243999
15526,-1.5,5,-2761.1054994606784,244004
15527,2.75,25,-2758.3554994606784,244029
15528,1.0,6,-2757.3554994606784,244035
15529,0.0,1,-2757.3554994606784,244036
15530,5.0,9,-2752.3554994606784,244045
15531,0.0,9,-2752.3554994606784,244054
15532,-2.0,15,-2754.3554994606784,244069
15533,3.857142857142857,17,-2750.4983566035357,244086
15534,1.0,6,-2749.4983566035357,244092
15535,2.5,13,-2746.9983566035357,244105
15536,-2.0,5,-2748.9983566035357,244110
15537,4.75,23,-2744.2483566035357,244133
15538,-0.5,11,-2744.7483566035357,244144
15539,6.0,8,-2738.7483566035357,244152
15540,0.0,16,-2738.7483566035357,244168
15541,-0.5,13,-2739.2483566035357,244181
15542,2.0,8,-2737.2483566035357,244189
15543,-1.8333333333333335,29,-2739.081689936869,244218
15544,-4.5,27,-2743.581689936869,244245
15545,0.16666666666666674,18,-2743.4150232702027,244263
15546,3.6,15,-2739.815023270203,244278
15547,4.0,12,-2735.815023270203,244290
15548,-0.4,6,-2736.215023270203,244296
15549,2.0,6,-2734.215023270203,244302
15550,3.111111111111111,28,-2731.1039121590916,244330
15551,-2.5,16,-2733.6039121590916,244346
15552,-2.0833333333333335,22,-2735.687245492425,244368
15553,2.6,8,-2733.087245492425,244376
15554,-1.0,20,-2734.087245492425,244396
15555,10.6,22,-2723.4872454924252,244418
15556,-4.05,17,-2727.5372454924254,244435
15557,3.0,12,-2724.5372454924254,244447
15558,-2.0,15,-2726.5372454924254,244462
15559,0.0,5,-2726.5372454924254,244467
15560,0.0,1,-2726.5372454924254,244468
15561,2.0,11,-2724.5372454924254,244479
15562,-3.0,11,-2727.5372454924254,244490
15563,2.7,14,-2724.8372454924256,244504
15564,2.0,3,-2722.8372454924256,244507
15565,3.0,14,-2719.8372454924256,244521
15566,-3.0,15,-2722.8372454924256,244536
15567,2.2,7,-2720.637245492426,244543
15568,0.0,2,-2720.637245492426,244545
15569,1.0,9,-2719.637245492426,244554
15570,-1.5714285714285714,11,-2721.2086740638542,244565
15571,-5.5,20,-2726.7086740638542,244585
15572,-1.9333333333333333,22,-2728.6420073971876,244607
15573,-1.0,12,-2729.6420073971876,244619
15574,-3.0,6,-2732.6420073971876,244625
15575,-5.0,20,-2737.6420073971876,244645
15576,-0.16666666666666674,27,-2737.808674063854,244672
15577,-4.0,14,-2741.808674063854,244686
15578,-3.2333333333333334,45,-2745.0420073971873,244731
15579,-0.5714285714285714,12,-2745.6134359686157,244743
15580,8.37857142857143,33,-2737.2348645400443,244776
15581,1.9333333333333333,13,-2735.301531206711,244789
15582,0.09999999999999998,17,-2735.201531206711,244806
15583,0.0,5,-2735.201531206711,244811
15584,-1.0,9,-2736.201531206711,244820
15585,-2.0,19,-2738.201531206711,244839
15586,-1.3333333333333335,19,-2739.5348645400445,244858
15587,-2.5,26,-2742.0348645400445,244884
15588,9.0,28,-2733.0348645400445,244912
15589,1.3214285714285714,31,-2731.713435968616,244943
15590,-3.4000000000000004,21,-2735.113435968616,244964
15591,4.0,16,-2731.113435968616,244980
15592,0.75,26,-2730.363435968616,245006
15593,0.0,2,-2730.363435968616,245008
15594,-2.633333333333333,36,-2732.9967693019494,245044
15595,0.0,25,-2732.9967693019494,245069
15596,-6.0,17,-2738.9967693019494,245086
15597,-8.428571428571429,17,-2747.425340730521,245103
15598,1.0,11,-2746.425340730521,245114
15599,0.0,5,-2746.425340730521,245119
15600,-1.5714285714285714,7,-2747.9967693019494,245126
15601,-5.166666666666667,33,-2753.163435968616,245159
15602,1.0,10,-2752.163435968616,245169
15603,-3.25,5,-2755.413435968616,245174
15604,-1.0,10,-2756.413435968616,245184
15605,-4.4,12,-2760.813435968616,245196
15606,-0.1499999999999999,13,-2760.963435968616,245209
15607,-1.3333333333333333,8,-2762.2967693019496,245217
15608,2.75,29,-2759.5467693019496,245246
15609,-3.8,23,-2763.3467693019497,245269
15610,4.333333333333334,20,-2759.0134359686162,245289
15611,1.4333333333333333,6,-2757.580102635283,245295
15612,-3.0,8,-2760.580102635283,245303
15613,-2.0,12,-2762.580102635283,245315
15614,-0.5,35,-2763.080102635283,245350
15615,-1.0,19,-2764.080102635283,245369
15616,5.5,34,-2758.580102635283,245403
15617,0,0,-2758.580102635283,245403
15618,0,0,-2758.580102635283,245403
15619,0,0,-2758.580102635283,245403
15620,-4.333333333333333,8,-2762.9134359686163,245411
15621,-1.0,6,-2763.9134359686163,245417
15622,0.75,4,-2763.1634359686163,245421
15623,3.0,4,-2760.1634359686163,245425
15624,-2.0,6,-2762.1634359686163,245431
15625,5.0,12,-2757.1634359686163,245443
15626,-5.0,10,-2762.1634359686163,245453
15627,0.0,5,-2762.1634359686163,245458
15628,0.0,6,-2762.1634359686163,245464
15629,-4.5,28,-2766.6634359686163,245492
15630,0.0,2,-2766.6634359686163,245494
15631,-1.0,29,-2767.6634359686163,245523
15632,2.0,11,-2765.6634359686163,245534
15633,0.6666666666666667,7,-2764.99676930195,245541
15634,-2.0,3,-2766.99676930195,245544
15635,7.0,18,-2759.99676930195,245562
15636,1.0,12,-2758.99676930195,245574
15637,-4.333333333333334,15,-2763.3301026352833,245589
15638,-0.6666666666666665,26,-2763.99676930195,245615
15639,0.0,4,-2763.99676930195,245619
15640,-10.0,11,-2773.99676930195,245630
15641,-3.333333333333333,8,-2777.3301026352833,245638
15642,0.0,3,-2777.3301026352833,245641
15643,0.0,2,-2777.3301026352833,245643
15644,0,0,-2777.3301026352833,245643
15645,0,0,-2777.3301026352833,245643
15646,0.5,6,-2776.8301026352833,245649
15647,-5.0,12,-2781.8301026352833,245661
15648,-5.5,9,-2787.3301026352833,245670
15649,-4.0,17,-2791.3301026352833,245687
15650,-6.0,15,-2797.3301026352833,245702
15651,-2.0,11,-2799.3301026352833,245713
15652,0.0,1,-2799.3301026352833,245714
15653,-2.4,6,-2801.7301026352834,245720
15654,1.5833333333333337,36,-2800.14676930195,245756
15655,0.0,13,-2800.14676930195,245769
15656,0.3333333333333339,15,-2799.8134359686164,245784
15657,0.6666666666666665,3,-2799.14676930195,245787
15658,4.2,20,-2794.94676930195,245807
15659,1.4166666666666667,21,-2793.5301026352836,245828
15660,0.6,19,-2792.9301026352837,245847
15661,1.0,16,-2791.9301026352837,245863
15662,-0.75,9,-2792.6801026352837,245872
15663,8.0,29,-2784.6801026352837,245901
15664,-0.5,22,-2785.1801026352837,245923
15665,1.0,9,-2784.1801026352837,245932
15666,0.6,15,-2783.5801026352838,245947
15667,0.6666666666666666,9,-2782.9134359686173,245956
15668,5.0,22,-2777.9134359686173,245978
15669,-5.0,14,-2782.9134359686173,245992
15670,0.0,7,-2782.9134359686173,245999
15671,0.5333333333333334,19,-2782.380102635284,246018
15672,8.0,19,-2774.380102635284,246037
15673,-5.0,6,-2779.380102635284,246043
15674,-1.0,5,-2780.380102635284,246048
15675,-2.0,20,-2782.380102635284,246068
15676,2.7,7,-2779.680102635284,246075
15677,0.0,6,-2779.680102635284,246081
15678,-1.5,5,-2781.180102635284,246086
15679,2.0,5,-2779.180102635284,246091
15680,4.333333333333334,22,-2774.8467693019506,246113
15681,-7.0,14,-2781.8467693019506,246127
15682,3.5,9,-2778.3467693019506,246136
15683,0.0,18,-2778.3467693019506,246154
15684,-1.0,22,-2779.3467693019506,246176
15685,-2.5,10,-2781.8467693019506,246186
15686,2.0,3,-2779.8467693019506,246189
15687,-5.5,7,-2785.3467693019506,246196
15688,-1.2666666666666666,17,-2786.6134359686175,246213
15689,-0.5714285714285712,14,-2787.184864540046,246227
15690,-6.0,17,-2793.184864540046,246244
15691,0.33333333333333326,12,-2792.8515312067125,246256
15692,1.5,30,-2791.3515312067125,246286
15693,-2.0,4,-2793.3515312067125,246290
15694,5.0,16,-2788.3515312067125,246306
15695,-3.166666666666667,24,-2791.518197873379,246330
15696,-0.5,23,-2792.018197873379,246353
15697,1.0,17,-2791.018197873379,246370
15698,-6.0,7,-2797.018197873379,246377
15699,-1.0,2,-2798.018197873379,246379
15700,-1.0,1,-2799.018197873379,246380
15701,-2.0,4,-2801.018197873379,246384
15702,0.0,4,-2801.018197873379,246388
15703,-3.0,4,-2804.018197873379,246392
15704,-0.5,4,-2804.518197873379,246396
15705,2.0,11,-2802.518197873379,246407
15706,-2.0,5,-2804.518197873379,246412
15707,3.5,25,-2801.018197873379,246437
15708,-2.0,3,-2803.018197873379,246440
15709,4.0,10,-2799.018197873379,246450
15710,0.0,4,-2799.018197873379,246454
15711,2.0,5,-2797.018197873379,246459
15712,-1.0,10,-2798.018197873379,246469
15713,-2.0,4,-2800.018197873379,246473
15714,0.0,7,-2800.018197873379,246480
15715,-2.25,12,-2802.268197873379,246492
15716,-1.3333333333333335,13,-2803.6015312067125,246505
15717,1.4285714285714286,9,-2802.172959778141,246514
15718,3.0,6,-2799.172959778141,246520
15719,0.0,9,-2799.172959778141,246529
15720,1.25,16,-2797.922959778141,246545
15721,-2.0,15,-2799.922959778141,246560
15722,-3.2857142857142856,26,-2803.208674063855,246586
15723,-6.333333333333334,23,-2809.5420073971886,246609
15724,3.0,25,-2806.5420073971886,246634
15725,9.0,17,-2797.5420073971886,246651
15726,4.0,10,-2793.5420073971886,246661
15727,1.0,5,-2792.5420073971886,246666
15728,2.0,7,-2790.5420073971886,246673
15729,-4.5,14,-2795.0420073971886,246687
15730,-0.5,8,-2795.5420073971886,246695
15731,-1.833333333333333,38,-2797.375340730522,246733
15732,0.6666666666666665,9,-2796.7086740638556,246742
15733,0.0,5,-2796.7086740638556,246747
15734,0.6000000000000001,33,-2796.1086740638557,246780
15735,1.666666666666667,12,-2794.442007397189,246792
15736,0.0,4,-2794.442007397189,246796
15737,1.333333333333333,9,-2793.1086740638557,246805
15738,-1.0,22,-2794.1086740638557,246827
15739,4.666666666666667,18,-2789.442007397189,246845
15740,-2.0,4,-2791.442007397189,246849
15741,-1.5714285714285714,8,-2793.0134359686176,246857
15742,0.0,4,-2793.0134359686176,246861
15743,1.0,12,-2792.0134359686176,246873
15744,-2.5,22,-2794.5134359686176,246895
15745,3.0,3,-2791.5134359686176,246898
15746,1.0,8,-2790.5134359686176,246906
15747,5.0,14,-2785.5134359686176,246920
15748,4.0,5,-2781.5134359686176,246925
15749,1.25,16,-2780.2634359686176,246941
15750,6.833333333333334,23,-2773.430102635284,246964
15751,-9.0,20,-2782.430102635284,246984
15752,2.5,50,-2779.930102635284,247034
15753,2.0,13,-2777.930102635284,247047
15754,2.0,11,-2775.930102635284,247058
15755,0.0,4,-2775.930102635284,247062
15756,0.6666666666666665,5,-2775.2634359686176,247067
15757,-0.5,3,-2775.7634359686176,247070
15758,1.0,26,-2774.7634359686176,247096
15759,-2.0,12,-2776.7634359686176,247108
15760,1.6666666666666667,20,-2775.096769301951,247128
15761,-2.3,27,-2777.3967693019513,247155
15762,-0.16666666666666669,14,-2777.563435968618,247169
15763,-3.0,24,-2780.563435968618,247193
15764,2.0,12,-2778.563435968618,247205
15765,1.8333333333333333,14,-2776.7301026352843,247219
15766,0.6285714285714288,9,-2776.101531206713,247228
15767,0.0,3,-2776.101531206713,247231
15768,4.25,25,-2771.851531206713,247256
15769,1.2,24,-2770.651531206713,247280
15770,-3.4,7,-2774.051531206713,247287
15771,-3.0,5,-2777.051531206713,247292
15772,2.0,11,-2775.051531206713,247303
15773,4.291666666666666,26,-2770.7598645400467,247329
15774,2.142857142857143,22,-2768.6170073971894,247351
15775,0.5,20,-2768.1170073971894,247371
15776,-1.0,17,-2769.1170073971894,247388
15777,-1.0,10,-2770.1170073971894,247398
15778,-0.5,30,-2770.6170073971894,247428
15779,0.7666666666666666,16,-2769.8503407305225,247444
15780,7.6,15,-2762.2503407305226,247459
15781,1.0,6,-2761.2503407305226,247465
15782,1.0,7,-2760.2503407305226,247472
15783,4.409090909090909,20,-2755.8412498214316,247492
15784,-1.0,4,-2756.8412498214316,247496
15785,-5.366666666666667,19,-2762.2079164880984,247515
15786,0.3333333333333333,7,-2761.874583154765,247522
15787,0.0,1,-2761.874583154765,247523
15788,0,0,-2761.874583154765,247523
15789,0,0,-2761.874583154765,247523
15790,0,0,-2761.874583154765,247523
15791,-1.0,5,-2762.874583154765,247528
15792,-0.5,6,-2763.374583154765,247534
15793,5.116666666666667,12,-2758.257916488098,247546
15794,0.0,6,-2758.257916488098,247552
15795,-0.33333333333333326,8,-2758.5912498214316,247560
15796,-1.25,8,-2759.8412498214316,247568
15797,1.3333333333333333,10,-2758.507916488098,247578
15798,-1.0,15,-2759.507916488098,247593
15799,-3.0,10,-2762.507916488098,247603
15800,-5.566666666666666,15,-2768.0745831547647,247618
15801,2.0,25,-2766.0745831547647,247643
15802,-0.25,9,-2766.3245831547647,247652
15803,1.0,4,-2765.3245831547647,247656
15804,-1.2499999999999998,16,-2766.5745831547647,247672
15805,-2.25,16,-2768.8245831547647,247688
15806,0.0,2,-2768.8245831547647,247690
15807,-1.0,3,-2769.8245831547647,247693
15808,1.3333333333333333,12,-2768.491249821431,247705
15809,0.0,14,-2768.491249821431,247719
15810,0.0,3,-2768.491249821431,247722
15811,1.5,4,-2766.991249821431,247726
15812,-0.5,10,-2767.491249821431,247736
15813,3.2,9,-2764.2912498214314,247745
15814,0.0,2,-2764.2912498214314,247747
15815,4.733333333333333,10,-2759.5579164880983,247757
15816,-1.3333333333333333,2,-2760.8912498214318,247759
15817,0.0,1,-2760.8912498214318,247760
15818,0.0,2,-2760.8912498214318,247762
15819,0.0,2,-2760.8912498214318,247764
15820,3.2,10,-2757.691249821432,247774
15821,0.0,7,-2757.691249821432,247781
15822,0.0,5,-2757.691249821432,247786
15823,-2.0,9,-2759.691249821432,247795
15824,-1.2999999999999998,50,-2760.991249821432,247845
15825,-3.0,19,-2763.991249821432,247864
15826,-4.083333333333333,10,-2768.0745831547656,247874
15827,-2.333333333333333,7,-2770.407916488099,247881
15828,-1.0,11,-2771.407916488099,247892
15829,1.0,6,-2770.407916488099,247898
15830,0.19999999999999996,8,-2770.2079164880993,247906
15831,-1.0,5,-2771.2079164880993,247911
15832,1.0,8,-2770.2079164880993,247919
15833,-0.8,4,-2771.0079164880995,247923
15834,2.6666666666666665,4,-2768.341249821433,247927
15835,-2.0,10,-2770.341249821433,247937
15836,1.0,2,-2769.341249821433,247939
15837,0.3333333333333333,7,-2769.0079164880995,247946
15838,-3.333333333333333,10,-2772.341249821433,247956
15839,-5.0,12,-2777.341249821433,247968
15840,0.19999999999999996,14,-2777.141249821433,247982
15841,-2.3333333333333335,9,-2779.4745831547666,247991
15842,2.6166666666666667,7,-2776.8579164881,247998
15843,1.0,3,-2775.8579164881,248001
15844,0.0,7,-2775.8579164881,248008
15845,-1.3333333333333335,7,-2777.1912498214333,248015
15846,-2.5,9,-2779.6912498214333,248024
15847,-2.0,5,-2781.6912498214333,248029
15848,-1.0,4,-2782.6912498214333,248033
15849,-1.3333333333333333,3,-2784.024583154767,248036
15850,1.5,11,-2782.524583154767,248047
15851,1.0,31,-2781.524583154767,248078
15852,3.0,11,-2778.524583154767,248089
15853,5.5,11,-2773.024583154767,248100
15854,7.666666666666667,41,-2765.3579164881003,248141
15855,7.357142857142858,37,-2758.0007736309576,248178
15856,-14.5,55,-2772.5007736309576,248233
15857,1.9090909090909092,27,-2770.5916827218666,248260
15858,1.0,18,-2769.5916827218666,248278
15859,-3.0,27,-2772.5916827218666,248305
15860,-6.833333333333333,38,-2779.4250160552,248343
15861,-1.0,18,-2780.4250160552,248361
15862,-2.0,22,-2782.4250160552,248383
15863,6.333333333333333,12,-2776.0916827218666,248395
15864,-2.333333333333334,31,-2778.4250160552,248426
15865,8.0,32,-2770.4250160552,248458
15866,1.0,7,-2769.4250160552,248465
15867,-1.0,17,-2770.4250160552,248482
15868,-7.0,43,-2777.4250160552,248525
15869,-1.6111111111111112,11,-2779.0361271663114,248536
15870,6.266666666666667,19,-2772.7694604996445,248555
15871,-3.5,7,-2776.2694604996445,248562
15872,-3.0,22,-2779.2694604996445,248584
15873,-4.3,30,-2783.5694604996447,248614
15874,5.777777777777778,21,-2777.791682721867,248635
15875,3.0,18,-2774.791682721867,248653
15876,-3.333333333333333,17,-2778.1250160552004,248670
15877,-5.0,25,-2783.1250160552004,248695
15878,4.944444444444444,28,-2778.180571610756,248723
15879,-1.0,26,-2779.180571610756,248749
15880,3.0,31,-2776.180571610756,248780
15881,-0.5,11,-2776.680571610756,248791
15882,6.45,30,-2770.230571610756,248821
15883,0.0,12,-2770.230571610756,248833
15884,2.75,41,-2767.480571610756,248874
15885,-0.7333333333333333,19,-2768.2139049440893,248893
15886,1.0,8,-2767.2139049440893,248901
15887,4.0,15,-2763.2139049440893,248916
15888,4.0,11,-2759.2139049440893,248927
15889,0.0,2,-2759.2139049440893,248929
15890,-2.5,13,-2761.7139049440893,248942
15891,4.0,5,-2757.7139049440893,248947
15892,-1.25,14,-2758.9639049440893,248961
15893,0.6000000000000001,13,-2758.3639049440894,248974
15894,-1.0,15,-2759.3639049440894,248989
15895,-0.7000000000000002,24,-2760.0639049440892,249013
15896,0.0,1,-2760.0639049440892,249014
15897,-2.0,2,-2762.0639049440892,249016
15898,6.0,32,-2756.0639049440892,249048
15899,-1.0,10,-2757.0639049440892,249058
15900,-3.0,10,-2760.0639049440892,249068
15901,2.0,13,-2758.0639049440892,249081
15902,2.2,1,-2755.8639049440894,249082
15903,0.0,2,-2755.8639049440894,249084
15904,0.9999999999999998,29,-2754.8639049440894,249113
15905,0.6666666666666667,36,-2754.197238277423,249149
15906,-4.0,22,-2758.197238277423,249171
15907,7.0,16,-2751.197238277423,249187
15908,0.5,19,-2750.697238277423,249206
15909,-2.0,13,-2752.697238277423,249219
15910,-3.8,8,-2756.497238277423,249227
15911,-4.5,6,-2760.997238277423,249233
15912,0.0,2,-2760.997238277423,249235
15913,-1.0,20,-2761.997238277423,249255
15914,7.0,27,-2754.997238277423,249282
15915,-1.0,13,-2755.997238277423,249295
15916,-2.0,2,-2757.997238277423,249297
15917,0.0,9,-2757.997238277423,249306
15918,-4.666666666666667,24,-2762.6639049440896,249330
15919,4.0,4,-2758.6639049440896,249334
15920,0.0,11,-2758.6639049440896,249345
15921,0.0,7,-2758.6639049440896,249352
15922,-1.0,2,-2759.6639049440896,249354
15923,-0.5,12,-2760.1639049440896,249366
15924,0.0,4,-2760.1639049440896,249370
15925,-1.0,9,-2761.1639049440896,249379
15926,-1.0,17,-2762.1639049440896,249396
15927,6.0,16,-2756.1639049440896,249412
15928,4.45,8,-2751.71390494409,249420
15929,7.428571428571429,23,-2744.2853335155182,249443
15930,1.0,4,-2743.2853335155182,249447
15931,4.0,12,-2739.2853335155182,249459
15932,3.0,15,-2736.2853335155182,249474
15933,6.166666666666666,25,-2730.1186668488517,249499
15934,0.0,18,-2730.1186668488517,249517
15935,3.3333333333333335,24,-2726.7853335155182,249541
15936,0.0,2,-2726.7853335155182,249543
15937,-0.5,3,-2727.2853335155182,249546
15938,0.0,2,-2727.2853335155182,249548
15939,2.2,7,-2725.0853335155184,249555
15940,2.5,31,-2722.5853335155184,249586
15941,0.0,14,-2722.5853335155184,249600
15942,3.0,17,-2719.5853335155184,249617
15943,-1.0,4,-2720.5853335155184,249621
15944,0.0,12,-2720.5853335155184,249633
15945,2.75,9,-2717.8353335155184,249642
15946,-3.0,5,-2720.8353335155184,249647
15947,-1.0,15,-2721.8353335155184,249662
15948,0.0,32,-2721.8353335155184,249694
15949,-9.5,45,-2731.3353335155184,249739
15950,3.5,25,-2727.8353335155184,249764
15951,-2.4,18,-2730.2353335155185,249782
15952,3.766666666666666,17,-2726.4686668488516,249799
15953,0.0,3,-2726.4686668488516,249802
15954,7.0,16,-2719.4686668488516,249818
15955,4.0,30,-2715.4686668488516,249848
15956,-1.166666666666667,43,-2716.635333515518,249891
15957,6.0,23,-2710.635333515518,249914
15958,9.5,29,-2701.135333515518,249943
15959,-2.0,9,-2703.135333515518,249952
15960,0.7333333333333333,51,-2702.402000182185,250003
15961,1.5,48,-2700.902000182185,250051
15962,-1.6,5,-2702.502000182185,250056
15963,-0.6499999999999999,25,-2703.152000182185,250081
15964,0.0,24,-2703.152000182185,250105
15965,-0.9444444444444446,14,-2704.0964446266294,250119
15966,-9.0,47,-2713.0964446266294,250166
15967,0.4833333333333337,31,-2712.6131112932962,250197
15968,-1.3333333333333333,10,-2713.9464446266297,250207
15969,0.33333333333333304,33,-2713.6131112932962,250240
15970,3.0,20,-2710.6131112932962,250260
15971,5.0,21,-2705.6131112932962,250281
15972,3.0,8,-2702.6131112932962,250289
15973,10.0,34,-2692.6131112932962,250323
15974,1.0,6,-2691.6131112932962,250329
15975,0.7619047619047622,26,-2690.8512065313917,250355
15976,-3.4,22,-2694.2512065313917,250377
15977,-3.25,9,-2697.5012065313917,250386
15978,-3.3571428571428577,10,-2700.8583493885344,250396
15979,-0.4444444444444444,3,-2701.3027938329788,250399
15980,15.88888888888889,40,-2685.41390494409,250439
15981,2.0,10,-2683.41390494409,250449
15982,4.0,15,-2679.41390494409,250464
15983,2.5999999999999996,44,-2676.81390494409,250508
15984,-1.0,52,-2677.81390494409,250560
15985,1.0,8,-2676.81390494409,250568
15986,0.0,3,-2676.81390494409,250571
15987,2.0,9,-2674.81390494409,250580
15988,-3.090909090909091,10,-2677.904814034999,250590
15989,-5.333333333333333,10,-2683.2381473683326,250600
15990,2.0,21,-2681.2381473683326,250621
15991,0.0,6,-2681.2381473683326,250627
15992,17.833333333333336,32,-2663.404814034999,250659
15993,-2.5,16,-2665.904814034999,250675
15994,1.6666666666666667,37,-2664.2381473683326,250712
15995,3.5,14,-2660.7381473683326,250726
15996,3.6,25,-2657.1381473683327,250751
15997,6.25,28,-2650.8881473683327,250779
15998,0.08333333333333304,31,-2650.8048140349993,250810
15999,-7.5,21,-2658.3048140349993,250831
16000,-2.5,9,-2660.8048140349993,250840
16001,-8.4,32,-2669.2048140349993,250872
16002,0.0,5,-2669.2048140349993,250877
16003,10.0,11,-2659.2048140349993,250888
16004,2.3921568627450984,18,-2656.812657172254,250906
16005,20.5,41,-2636.312657172254,250947
16006,7.0,38,-2629.312657172254,250985
16007,1.0,29,-2628.312657172254,251014
16008,-22.5,20,-2650.812657172254,251034
16009,1.5,50,-2649.312657172254,251084
16010,19.083333333333336,42,-2630.2293238389207,251126
16011,-0.5,8,-2630.7293238389207,251134
16012,-1.9,31,-2632.6293238389208,251165
16013,-1.5,23,-2634.1293238389208,251188
16014,-2.0,24,-2636.1293238389208,251212
16015,5.659090909090909,19,-2630.4702329298298,251231
16016,0.0,6,-2630.4702329298298,251237
16017,0.0,5,-2630.4702329298298,251242
16018,-5.666666666666667,25,-2636.1368995964963,251267
16019,6.25,14,-2629.8868995964963,251281
16020,0.3333333333333333,20,-2629.553566263163,251301
16021,6.346153846153847,36,-2623.207412417009,251337
16022,0.5,6,-2622.707412417009,251343
16023,2.5,14,-2620.207412417009,251357
16024,-11.333333333333334,15,-2631.5407457503425,251372
16025,0.0,7,-2631.5407457503425,251379
16026,1.0,20,-2630.5407457503425,251399
16027,3.6666666666666665,28,-2626.874079083676,251427
16028,-1.0,9,-2627.874079083676,251436
16029,-3.0,8,-2630.874079083676,251444
16030,2.0,6,-2628.874079083676,251450
16031,-1.0,15,-2629.874079083676,251465
16032,1.8333333333333328,22,-2628.0407457503425,251487
16033,-4.666666666666668,29,-2632.707412417009,251516
16034,-2.2444444444444445,28,-2634.9518568614535,251544
16035,6.0,31,-2628.9518568614535,251575
16036,0.0,2,-2628.9518568614535,251577
16037,6.0,36,-2622.9518568614535,251613
16038,-2.6333333333333333,59,-2625.5851901947867,251672
16039,0.0,1,-2625.5851901947867,251673
16040,-3.0,7,-2628.5851901947867,251680
16041,-2.0,4,-2630.5851901947867,251684
16042,2.75,14,-2627.8351901947867,251698
16043,-4.5,17,-2632.3351901947867,251715
16044,-0.33333333333333326,19,-2632.66852352812,251734
16045,0.0,5,-2632.66852352812,251739
16046,-2.0,3,-2634.66852352812,251742
16047,0.5,13,-2634.16852352812,251755
16048,-0.7571428571428571,30,-2634.925666385263,251785
16049,5.0,22,-2629.925666385263,251807
16050,5.0,27,-2624.925666385263,251834
16051,0.2,7,-2624.725666385263,251841
16052,-0.5,15,-2625.225666385263,251856
16053,-3.4,11,-2628.6256663852632,251867
16054,-2.0,1,-2630.6256663852632,251868
16055,1.0,6,-2629.6256663852632,251874
16056,-8.7,18,-2638.325666385263,251892
16057,-2.0,4,-2640.325666385263,251896
16058,3.9642857142857144,40,-2636.3613806709773,251936
16059,0.0,16,-2636.3613806709773,251952
16060,-5.0,6,-2641.3613806709773,251958
16061,-4.166666666666666,13,-2645.528047337644,251971
16062,-2.9000000000000004,24,-2648.428047337644,251995
16063,-1.7333333333333334,17,-2650.161380670977,252012
16064,-1.0,5,-2651.161380670977,252017
16065,-1.0,11,-2652.161380670977,252028
16066,-4.0,10,-2656.161380670977,252038
16067,1.0,9,-2655.161380670977,252047
16068,-2.0,9,-2657.161380670977,252056
16069,-1.8333333333333333,11,-2658.9947140043105,252067
16070,1.6666666666666667,18,-2657.328047337644,252085
16071,2.0,12,-2655.328047337644,252097
16072,2.0,5,-2653.328047337644,252102
16073,-2.571428571428571,11,-2655.8994759090724,252113
16074,2.428571428571429,16,-2653.470904480501,252129
16075,0.4285714285714286,14,-2653.0423330519293,252143
16076,3.5,17,-2649.5423330519293,252160
16077,0.0,8,-2649.5423330519293,252168
16078,1.333333333333333,33,-2648.208999718596,252201
16079,1.0,7,-2647.208999718596,252208
16080,2.0,7,-2645.208999718596,252215
16081,6.333333333333334,7,-2638.8756663852623,252222
16082,0.0,11,-2638.8756663852623,252233
16083,-3.3166666666666664,24,-2642.192333051929,252257
16084,-0.5,8,-2642.692333051929,252265
16085,3.0,31,-2639.692333051929,252296
16086,-4.4,29,-2644.092333051929,252325
16087,1.5333333333333334,36,-2642.5589997185957,252361
16088,1.1,21,-2641.458999718596,252382
16089,-1.0,12,-2642.458999718596,252394
16090,-3.15,20,-2645.608999718596,252414
16091,6.5,34,-2639.108999718596,252448
16092,2.0,14,-2637.108999718596,252462
16093,4.5,15,-2632.608999718596,252477
16094,5.5,23,-2627.108999718596,252500
16095,2.5,28,-2624.608999718596,252528
16096,-0.3333333333333335,21,-2624.9423330519294,252549
16097,4.0,20,-2620.9423330519294,252569
16098,-3.0,7,-2623.9423330519294,252576
16099,2.0,10,-2621.9423330519294,252586
16100,-2.5,20,-2624.4423330519294,252606
16101,4.5,24,-2619.9423330519294,252630
16102,1.5,18,-2618.4423330519294,252648
16103,8.0,14,-2610.4423330519294,252662
16104,2.0588235294117645,28,-2608.3835095225177,252690
16105,-5.05,43,-2613.433509522518,252733
16106,5.5,20,-2607.933509522518,252753
16107,-0.5,38,-2608.433509522518,252791
16108,-5.333333333333333,41,-2613.7668428558513,252832
16109,-8.55,28,-2622.3168428558515,252860
16110,0.42948717948718,29,-2621.887355676364,252889
16111,13.5,76,-2608.387355676364,252965
16112,3.0588235294117645,24,-2605.3285321469525,252989
16113,-1.3333333333333335,33,-2606.661865480286,253022
16114,2.0,16,-2604.661865480286,253038
16115,4.166666666666666,12,-2600.4951988136195,253050
16116,2.0,33,-2598.4951988136195,253083
16117,2.6,42,-2595.8951988136196,253125
16118,2.5,35,-2593.3951988136196,253160
16119,-8.5,28,-2601.8951988136196,253188
16120,1.0,12,-2600.8951988136196,253200
16121,-1.0,21,-2601.8951988136196,253221
16122,8.0,17,-2593.8951988136196,253238
16123,9.5,32,-2584.3951988136196,253270
16124,-5.133333333333333,19,-2589.528532146953,253289
16125,6.0,20,-2583.528532146953,253309
16126,3.7,34,-2579.828532146953,253343
16127,8.0,36,-2571.828532146953,253379
16128,-4.083333333333334,37,-2575.9118654802865,253416
16129,-0.5,17,-2576.4118654802865,253433
16130,3.5,16,-2572.9118654802865,253449
16131,-1.0,5,-2573.9118654802865,253454
16132,2.0,11,-2571.9118654802865,253465
16133,-0.6666666666666666,9,-2572.578532146953,253474
16134,2.111111111111111,30,-2570.4674210358417,253504
16135,5.25,24,-2565.2174210358417,253528
16136,0.3333333333333335,11,-2564.884087702508,253539
16137,4.75,9,-2560.134087702508,253548
16138,2.0,3,-2558.134087702508,253551
16139,1.3333333333333333,10,-2556.8007543691747,253561
16140,6.5,5,-2550.3007543691747,253566
16141,6.083333333333333,32,-2544.217421035841,253598
16142,2.6,25,-2541.6174210358413,253623
16143,-0.5,8,-2542.1174210358413,253631
16144,-1.0,28,-2543.1174210358413,253659
16145,-1.3,32,-2544.4174210358415,253691
16146,4.733333333333333,25,-2539.6840877025084,253716
16147,-0.4545454545454546,23,-2540.138633157054,253739
16148,3.333333333333333,23,-2536.8052998237204,253762
16149,-4.4,26,-2541.2052998237205,253788
16150,0.0,16,-2541.2052998237205,253804
16151,-0.5,19,-2541.7052998237205,253823
16152,0.0,5,-2541.7052998237205,253828
16153,3.0,3,-2538.7052998237205,253831
16154,-2.25,23,-2540.9552998237205,253854
16155,-4.0,36,-2544.9552998237205,253890
16156,0.0,19,-2544.9552998237205,253909
16157,0.5,15,-2544.4552998237205,253924
16158,-2.0,24,-2546.4552998237205,253948
16159,-4.888888888888889,31,-2551.344188712609,253979
16160,0.6666666666666667,17,-2550.6775220459426,253996
16161,0.0,4,-2550.6775220459426,254000
16162,0.9333333333333335,12,-2549.7441887126092,254012
16163,8.923076923076923,29,-2540.821111789532,254041
16164,-1.0,24,-2541.821111789532,254065
16165,2.166666666666667,16,-2539.6544451228656,254081
16166,-1.25,15,-2540.9044451228656,254096
16167,-0.5,22,-2541.4044451228656,254118
16168,4.166666666666667,34,-2537.237778456199,254152
16169,-1.326923076923077,18,-2538.564701533122,254170
16170,0.0,16,-2538.564701533122,254186
16171,3.583333333333333,34,-2534.9813681997884,254220
16172,1.5,10,-2533.4813681997884,254230
16173,0.0,11,-2533.4813681997884,254241
16174,1.0,3,-2532.4813681997884,254244
16175,1.0,3,-2531.4813681997884,254247
16176,0.6666666666666667,10,-2530.814701533122,254257
16177,4.1,21,-2526.714701533122,254278
16178,4.111111111111111,21,-2522.6035904220107,254299
16179,3.7285714285714286,25,-2518.8750189934394,254324
16180,-1.0,12,-2519.8750189934394,254336
16181,-0.3999999999999999,10,-2520.2750189934395,254346
16182,-9.0,9,-2529.2750189934395,254355
16183,-0.2999999999999998,23,-2529.5750189934397,254378
16184,2.7,34,-2526.87501899344,254412
16185,3.0,7,-2523.87501899344,254419
16186,0.0,21,-2523.87501899344,254440
16187,8.0,29,-2515.87501899344,254469
16188,4.5,22,-2511.37501899344,254491
16189,3.088888888888889,20,-2508.286130104551,254511
16190,7.75,36,-2500.536130104551,254547
16191,-2.0,16,-2502.536130104551,254563
16192,7.0,24,-2495.536130104551,254587
16193,2.0,7,-2493.536130104551,254594
16194,1.0,18,-2492.536130104551,254612
16195,10.0,20,-2482.536130104551,254632
16196,1.0,14,-2481.536130104551,254646
16197,2.0,30,-2479.536130104551,254676
16198,-0.6666666666666665,9,-2480.2027967712174,254685
16199,2.666666666666667,35,-2477.536130104551,254720
16200,0.0,18,-2477.536130104551,254738
16201,7.5,20,-2470.036130104551,254758
16202,-4.8,21,-2474.836130104551,254779
16203,-0.5,16,-2475.336130104551,254795
16204,-1.3333333333333335,22,-2476.6694634378846,254817
16205,5.0,17,-2471.6694634378846,254834
16206,4.0,20,-2467.6694634378846,254854
16207,0.0,7,-2467.6694634378846,254861
16208,3.0,13,-2464.6694634378846,254874
16209,3.0,11,-2461.6694634378846,254885
16210,-1.5,22,-2463.1694634378846,254907
16211,0.0,10,-2463.1694634378846,254917
16212,-1.0,8,-2464.1694634378846,254925
16213,-3.166666666666666,41,-2467.336130104551,254966
16214,4.0,15,-2463.336130104551,254981
16215,3.0,21,-2460.336130104551,255002
16216,1.2,15,-2459.1361301045513,255017
16217,-0.25,24,-2459.3861301045513,255041
16218,0.0,6,-2459.3861301045513,255047
16219,8.033333333333333,31,-2451.352796771218,255078
16220,-4.0,21,-2455.352796771218,255099
16221,8.142857142857142,19,-2447.2099396283606,255118
16222,9.0,23,-2438.2099396283606,255141
16223,14.61111111111111,60,-2423.5988285172493,255201
16224,7.5,48,-2416.0988285172493,255249
16225,4.0,17,-2412.0988285172493,255266
16226,2.5,18,-2409.5988285172493,255284
16227,-4.666666666666668,54,-2414.265495183916,255338
16228,-5.111111111111111,17,-2419.376606295027,255355
16229,3.4444444444444446,28,-2415.932161850583,255383
16230,0.31111111111111117,33,-2415.6210507394717,255416
16231,0.6666666666666667,10,-2414.954384072805,255426
16232,-4.833333333333333,10,-2419.7877174061387,255436
16233,4.333333333333333,27,-2415.454384072805,255463
16234,1.0,6,-2414.454384072805,255469
16235,6.5,18,-2407.954384072805,255487
16236,-3.533333333333333,41,-2411.4877174061385,255528
16237,1.0,36,-2410.4877174061385,255564
16238,-1.2392344497607655,10,-2411.726951855899,255574
16239,-2.3194444444444446,36,-2414.0463963003435,255610
16240,-5.166666666666667,13,-2419.21306296701,255623
16241,1.3333333333333335,30,-2417.8797296336766,255653
16242,-5.0,9,-2422.8797296336766,255662
16243,-7.0,20,-2429.8797296336766,255682
16244,-2.0,20,-2431.8797296336766,255702
16245,1.125,30,-2430.7547296336766,255732
16246,-8.90952380952381,40,-2439.6642534432003,255772
16247,7.0,25,-2432.6642534432003,255797
16248,1.0,6,-2431.6642534432003,255803
16249,0.3333333333333333,7,-2431.330920109867,255810
16250,-2.0,25,-2433.330920109867,255835
16251,-1.5,14,-2434.830920109867,255849
16252,1.0000000000000002,23,-2433.830920109867,255872
16253,-1.5714285714285712,14,-2435.4023486812953,255886
16254,5.0,20,-2430.4023486812953,255906
16255,-1.75,16,-2432.1523486812953,255922
16256,2.666666666666667,37,-2429.4856820146288,255959
16257,-4.25,9,-2433.7356820146288,255968
16258,-1.6666666666666665,10,-2435.4023486812953,255978
16259,4.0,20,-2431.4023486812953,255998
16260,3.0,23,-2428.4023486812953,256021
16261,3.7,32,-2424.7023486812955,256053
16262,1.5,19,-2423.2023486812955,256072
16263,0.0,2,-2423.2023486812955,256074
16264,-5.5,11,-2428.7023486812955,256085
16265,0.0,3,-2428.7023486812955,256088
16266,-7.0,16,-2435.7023486812955,256104
16267,2.1,13,-2433.6023486812956,256117
16268,-2.666666666666667,17,-2436.269015347962,256134
16269,6.7,12,-2429.5690153479622,256146
16270,-2.0,22,-2431.5690153479622,256168
16271,3.5,11,-2428.0690153479622,256179
16272,1.0,3,-2427.0690153479622,256182
16273,3.933333333333334,19,-2423.135682014629,256201
16274,0.0,8,-2423.135682014629,256209
16275,2.3333333333333335,10,-2420.8023486812954,256219
16276,1.8333333333333335,21,-2418.969015347962,256240
16277,10.2,40,-2408.769015347962,256280
16278,3.75,20,-2405.019015347962,256300
16279,3.0,10,-2402.019015347962,256310
16280,4.516666666666667,37,-2397.502348681295,256347
16281,6.5,28,-2391.002348681295,256375
16282,5.0,38,-2386.002348681295,256413
16283,2.2,33,-2383.8023486812954,256446
16284,-1.0,20,-2384.8023486812954,256466
16285,-1.5,16,-2386.3023486812954,256482
16286,0.7999999999999999,6,-2385.502348681295,256488
16287,0.6666666666666667,12,-2384.8356820146287,256500
16288,-2.0,3,-2386.8356820146287,256503
16289,-3.25,16,-2390.0856820146287,256519
16290,4.5,14,-2385.5856820146287,256533
16291,4.65,36,-2380.9356820146286,256569
16292,-1.4,24,-2382.3356820146287,256593
16293,7.7,15,-2374.635682014629,256608
16294,2.3499999999999996,30,-2372.285682014629,256638
16295,0.25,17,-2372.035682014629,256655
16296,-3.0,17,-2375.035682014629,256672
16297,-1.0,17,-2376.035682014629,256689
16298,4.2,5,-2371.835682014629,256694
16299,-2.0,7,-2373.835682014629,256701
16300,3.0,18,-2370.835682014629,256719
16301,1.2,8,-2369.6356820146293,256727
16302,-1.0,15,-2370.6356820146293,256742
16303,1.45,8,-2369.1856820146295,256750
16304,-0.7999999999999998,9,-2369.9856820146297,256759
16305,3.6285714285714286,22,-2366.3571105860583,256781
16306,1.5,13,-2364.8571105860583,256794
16307,-0.5,7,-2365.3571105860583,256801
16308,-3.6333333333333333,22,-2368.9904439193915,256823
16309,0.0,32,-2368.9904439193915,256855
16310,7.680555555555555,22,-2361.309888363836,256877
16311,2.733333333333333,19,-2358.5765550305027,256896
16312,5.833333333333333,26,-2352.7432216971692,256922
16313,2.0,15,-2350.7432216971692,256937
16314,2.0,9,-2348.7432216971692,256946
16315,2.0,4,-2346.7432216971692,256950
16316,0.0,1,-2346.7432216971692,256951
16317,3.0,8,-2343.7432216971692,256959
16318,-9.0,33,-2352.7432216971692,256992
16319,0.0,5,-2352.7432216971692,256997
16320,0.3333333333333335,18,-2352.4098883638358,257015
16321,-8.733333333333334,14,-2361.143221697169,257029
16322,1.0,12,-2360.143221697169,257041
16323,-2.0,2,-2362.143221697169,257043
16324,-2.0,3,-2364.143221697169,257046
16325,0.0,8,-2364.143221697169,257054
16326,-1.0,12,-2365.143221697169,257066
16327,-2.3333333333333335,25,-2367.4765550305024,257091
16328,-1.0,16,-2368.4765550305024,257107
16329,-2.0,8,-2370.4765550305024,257115
16330,0.0,6,-2370.4765550305024,257121
16331,-1.0,3,-2371.4765550305024,257124
16332,3.3333333333333335,13,-2368.143221697169,257137
16333,0.0,13,-2368.143221697169,257150
16334,2.0,1,-2366.143221697169,257151
16335,2.0,1,-2364.143221697169,257152
16336,-0.25,6,-2364.393221697169,257158
16337,0.0,4,-2364.393221697169,257162
16338,4.0,16,-2360.393221697169,257178
16339,-1.0,4,-2361.393221697169,257182
16340,-1.0,1,-2362.393221697169,257183
16341,-1.0,9,-2363.393221697169,257192
16342,-5.0,18,-2368.393221697169,257210
16343,0.0,4,-2368.393221697169,257214
16344,1.0,7,-2367.393221697169,257221
16345,5.75,27,-2361.643221697169,257248
16346,5.0,17,-2356.643221697169,257265
16347,-7.4523809523809526,16,-2364.0956026495496,257281
16348,-3.0,4,-2367.0956026495496,257285
16349,-1.666666666666667,17,-2368.762269316216,257302
16350,6.5,26,-2362.262269316216,257328
16351,-2.0,12,-2364.262269316216,257340
16352,0.0,1,-2364.262269316216,257341
16353,1.6666666666666667,4,-2362.5956026495496,257345
16354,-1.5,28,-2364.0956026495496,257373
16355,3.0,23,-2361.0956026495496,257396
16356,-1.0,4,-2362.0956026495496,257400
16357,2.0,13,-2360.0956026495496,257413
16358,6.0,7,-2354.0956026495496,257420
16359,0.0,7,-2354.0956026495496,257427
16360,7.0,10,-2347.0956026495496,257437
16361,1.2857142857142858,15,-2345.8098883638354,257452
16362,-9.0,20,-2354.8098883638354,257472
16363,0.3333333333333333,8,-2354.476555030502,257480
16364,-5.25,15,-2359.726555030502,257495
16365,0.0,2,-2359.726555030502,257497
16366,4.6,6,-2355.126555030502,257503
16367,-2.0,3,-2357.126555030502,257506
16368,-1.0,6,-2358.126555030502,257512
16369,1.0,23,-2357.126555030502,257535
16370,0.16666666666666607,22,-2356.9598883638355,257557
16371,3.875,24,-2353.0848883638355,257581
16372,-1.0,11,-2354.0848883638355,257592
16373,0.033333333333333215,8,-2354.051555030502,257600
16374,-4.0,20,-2358.051555030502,257620
16375,-8.0,5,-2366.051555030502,257625
16376,0.0,14,-2366.051555030502,257639
16377,0.8695652173913044,20,-2365.1819898131107,257659
16378,-6.833333333333334,20,-2372.015323146444,257679
16379,1.0,10,-2371.015323146444,257689
16380,-3.0,24,-2374.015323146444,257713
16381,-2.3333333333333335,18,-2376.3486564797777,257731
16382,-1.0,15,-2377.3486564797777,257746
16383,2.5999999999999996,26,-2374.7486564797778,257772
16384,0.5,12,-2374.2486564797778,257784
16385,0.0,2,-2374.2486564797778,257786
16386,2.0,9,-2372.2486564797778,257795
16387,3.0216450216450212,16,-2369.227011458133,257811
16388,-2.25,22,-2371.477011458133,257833
16389,0.0,7,-2371.477011458133,257840
16390,-8.3,42,-2379.777011458133,257882
16391,2.0,17,-2377.777011458133,257899
16392,-4.25,18,-2382.027011458133,257917
16393,2.0,11,-2380.027011458133,257928
16394,0.0,4,-2380.027011458133,257932
16395,4.333333333333334,3,-2375.6936781247996,257935
16396,-2.0,19,-2377.6936781247996,257954
16397,2.0,16,-2375.6936781247996,257970
16398,2.75,8,-2372.9436781247996,257978
16399,1.1666666666666667,21,-2371.777011458133,257999
16400,0.0,4,-2371.777011458133,258003
16401,-2.0,15,-2373.777011458133,258018
16402,-1.1111111111111112,14,-2374.8881225692444,258032
16403,-5.0,18,-2379.8881225692444,258050
16404,0.4,22,-2379.4881225692443,258072
16405,-12.0,20,-2391.4881225692443,258092
16406,-0.2666666666666666,26,-2391.754789235911,258118
16407,-5.0,11,-2396.754789235911,258129
16408,9.6,13,-2387.1547892359113,258142
16409,-4.5,11,-2391.6547892359113,258153
16410,3.5,12,-2388.1547892359113,258165
16411,2.2,4,-2385.9547892359114,258169
16412,-8.5,11,-2394.4547892359114,258180
16413,0.0,8,-2394.4547892359114,258188
16414,0.0,1,-2394.4547892359114,258189
16415,-1.6,6,-2396.0547892359114,258195
16416,-2.166666666666666,6,-2398.221455902578,258201
16417,0.5,7,-2397.721455902578,258208
16418,-1.5,9,-2399.221455902578,258217
16419,-1.5,14,-2400.721455902578,258231
16420,3.5999999999999996,37,-2397.121455902578,258268
16421,-11.4,36,-2408.521455902578,258304
16422,0.75,6,-2407.771455902578,258310
16423,-2.0,12,-2409.771455902578,258322
16424,-1.0,8,-2410.771455902578,258330
16425,-3.1666666666666665,21,-2413.9381225692446,258351
16426,0.6111111111111107,16,-2413.3270114581333,258367
16427,4.7,13,-2408.6270114581334,258380
16428,5.5,22,-2403.1270114581334,258402
16429,-1.5833333333333333,27,-2404.710344791467,258429
16430,0.0,5,-2404.710344791467,258434
16431,-0.16666666666666669,18,-2404.8770114581334,258452
16432,3.6666666666666665,6,-2401.210344791467,258458
16433,-5.783333333333333,10,-2406.9936781248,258468
16434,-4.7,8,-2411.6936781248,258476
16435,-3.0,6,-2414.6936781248,258482
16436,-2.3,17,-2416.9936781248,258499
16437,0.0,7,-2416.9936781248,258506
16438,0.0,3,-2416.9936781248,258509
16439,-3.0,11,-2419.9936781248,258520
16440,-6.5,29,-2426.4936781248,258549
16441,-0.2999999999999998,13,-2426.7936781248004,258562
16442,-3.5,20,-2430.2936781248004,258582
16443,2.2,14,-2428.0936781248006,258596
16444,-8.333333333333332,16,-2436.427011458134,258612
16445,-0.5,8,-2436.927011458134,258620
16446,1.0,22,-2435.927011458134,258642
16447,0.0,5,-2435.927011458134,258647
16448,-3.0,4,-2438.927011458134,258651
16449,-5.0,9,-2443.927011458134,258660
16450,3.0,4,-2440.927011458134,258664
16451,-6.0,18,-2446.927011458134,258682
16452,-3.40909090909091,25,-2450.336102367225,258707
16453,0.0,13,-2450.336102367225,258720
16454,0.0,4,-2450.336102367225,258724
16455,2.3333333333333335,10,-2448.0027690338916,258734
16456,0.0,11,-2448.0027690338916,258745
16457,6.0,40,-2442.0027690338916,258785
16458,2.0,18,-2440.0027690338916,258803
16459,-3.5833333333333335,14,-2443.586102367225,258817
16460,0.0,18,-2443.586102367225,258835
16461,1.0,5,-2442.586102367225,258840
16462,4.0,8,-2438.586102367225,258848
16463,6.2,16,-2432.3861023672252,258864
16464,9.5,20,-2422.8861023672252,258884
16465,-4.0,11,-2426.8861023672252,258895
16466,0.0,2,-2426.8861023672252,258897
16467,-1.0,7,-2427.8861023672252,258904
16468,5.2,11,-2422.6861023672254,258915
16469,0.0,4,-2422.6861023672254,258919
16470,0.0,5,-2422.6861023672254,258924
16471,0.0,9,-2422.6861023672254,258933
16472,2.0,4,-2420.6861023672254,258937
16473,0.0,7,-2420.6861023672254,258944
16474,-2.5,18,-2423.1861023672254,258962
16475,2.6,9,-2420.5861023672255,258971
16476,-1.0,6,-2421.5861023672255,258977
16477,1.0,14,-2420.5861023672255,258991
16478,0.0,9,-2420.5861023672255,259000
16479,-4.0,11,-2424.5861023672255,259011
16480,-0.5,25,-2425.0861023672255,259036
16481,2.3333333333333335,14,-2422.752769033892,259050
16482,1.0,11,-2421.752769033892,259061
16483,3.0,23,-2418.752769033892,259084
16484,-2.0,10,-2420.752769033892,259094
16485,9.666666666666666,29,-2411.0861023672255,259123
16486,-0.25,9,-2411.3361023672255,259132
16487,1.75,13,-2409.5861023672255,259145
16488,1.5,8,-2408.0861023672255,259153
16489,2.666666666666666,38,-2405.419435700559,259191
16490,-1.0,14,-2406.419435700559,259205
16491,-2.95,31,-2409.369435700559,259236
16492,1.125,31,-2408.244435700559,259267
16493,-8.2,19,-2416.4444357005586,259286
16494,0.0,6,-2416.4444357005586,259292
16495,0.0,13,-2416.4444357005586,259305
16496,1.5,7,-2414.9444357005586,259312
16497,0.0,5,-2414.9444357005586,259317
16498,0.0,4,-2414.9444357005586,259321
16499,0.0,6,-2414.9444357005586,259327
16500,-1.0,12,-2415.9444357005586,259339
16501,-0.25,5,-2416.1944357005586,259344
16502,-0.6666666666666667,8,-2416.861102367225,259352
16503,-1.75,15,-2418.611102367225,259367
16504,5.0,19,-2413.611102367225,259386
16505,2.0,9,-2411.611102367225,259395
16506,1.2000000000000002,6,-2410.4111023672253,259401
16507,-4.0,9,-2414.4111023672253,259410
16508,1.5454545454545454,12,-2412.865647821771,259422
16509,2.0,5,-2410.865647821771,259427
16510,-1.0,7,-2411.865647821771,259434
16511,-3.5,7,-2415.365647821771,259441
16512,-1.2999999999999998,12,-2416.665647821771,259453
16513,-3.0,16,-2419.665647821771,259469
16514,0.5,18,-2419.165647821771,259487
16515,2.0,12,-2417.165647821771,259499
16516,-3.0,5,-2420.165647821771,259504
16517,-3.0,11,-2423.165647821771,259515
16518,-0.25,14,-2423.415647821771,259529
16519,2.2,4,-2421.215647821771,259533
16520,1.0,11,-2420.215647821771,259544
16521,4.2,16,-2416.0156478217714,259560
16522,1.0,9,-2415.0156478217714,259569
16523,0.0,3,-2415.0156478217714,259572
16524,0.0,2,-2415.0156478217714,259574
16525,0.0,6,-2415.0156478217714,259580
16526,0.5,12,-2414.5156478217714,259592
16527,-1.5,6,-2416.0156478217714,259598
16528,5.083333333333333,22,-2410.932314488438,259620
16529,0.0,5,-2410.932314488438,259625
16530,-1.5,7,-2412.432314488438,259632
16531,4.142857142857142,9,-2408.2894573455806,259641
16532,-4.5,9,-2412.7894573455806,259650
16533,-3.0,6,-2415.7894573455806,259656
16534,2.0,9,-2413.7894573455806,259665
16535,-2.071428571428571,13,-2415.860885917009,259678
16536,2.0,6,-2413.860885917009,259684
16537,1.7,16,-2412.160885917009,259700
16538,-4.166666666666667,22,-2416.3275525836757,259722
16539,0.0,12,-2416.3275525836757,259734
16540,0.7,9,-2415.627552583676,259743
16541,-2.2,12,-2417.8275525836757,259755
16542,4.333333333333334,11,-2413.494219250342,259766
16543,-2.6666666666666665,18,-2416.1608859170087,259784
16544,0.0,16,-2416.1608859170087,259800
16545,3.833333333333333,25,-2412.3275525836752,259825
16546,2.0,16,-2410.3275525836752,259841
16547,1.6428571428571428,21,-2408.684695440818,259862
16548,2.0,10,-2406.684695440818,259872
16549,1.0,8,-2405.684695440818,259880
16550,5.0,29,-2400.684695440818,259909
16551,0.0,4,-2400.684695440818,259913
16552,3.5,14,-2397.184695440818,259927
16553,1.0,13,-2396.184695440818,259940
16554,-0.04999999999999982,13,-2396.234695440818,259953
16555,1.0,5,-2395.234695440818,259958
16556,6.5,25,-2388.734695440818,259983
16557,1.0,16,-2387.734695440818,259999
16558,3.0,6,-2384.734695440818,260005
16559,2.5,8,-2382.234695440818,260013
16560,-2.8333333333333335,16,-2385.0680287741516,260029
16561,4.0,9,-2381.0680287741516,260038
16562,1.5,16,-2379.5680287741516,260054
16563,4.0,19,-2375.5680287741516,260073
16564,0.6000000000000001,17,-2374.9680287741517,260090
16565,0.0,5,-2374.9680287741517,260095
16566,-0.3333333333333335,16,-2375.301362107485,260111
16567,-6.0,15,-2381.301362107485,260126
16568,2.0,13,-2379.301362107485,260139
16569,2.666666666666667,13,-2376.6346954408186,260152
16570,-1.5,11,-2378.1346954408186,260163
16571,1.2000000000000002,8,-2376.934695440819,260171
16572,1.7000000000000002,24,-2375.234695440819,260195
16573,-3.0,27,-2378.234695440819,260222
16574,1.0,7,-2377.234695440819,260229
16575,-3.3888888888888893,29,-2380.6235843297077,260258
16576,-1.0,16,-2381.6235843297077,260274
16577,1.5,16,-2380.1235843297077,260290
16578,2.0,12,-2378.1235843297077,260302
16579,9.5,39,-2368.6235843297077,260341
16580,13.0,27,-2355.6235843297077,260368
16581,1.0,14,-2354.6235843297077,260382
16582,6.0,11,-2348.6235843297077,260393
16583,0,0,-2348.6235843297077,260393
16584,0,0,-2348.6235843297077,260393
16585,0,0,-2348.6235843297077,260393
16586,3.95,7,-2344.673584329708,260400
16587,0.0,5,-2344.673584329708,260405
16588,-0.3,13,-2344.973584329708,260418
16589,-3.75,15,-2348.723584329708,260433
16590,0.2,9,-2348.5235843297082,260442
16591,4.0,5,-2344.5235843297082,260447
16592,-4.0,9,-2348.5235843297082,260456
16593,0.0,2,-2348.5235843297082,260458
16594,2.0,18,-2346.5235843297082,260476
16595,0.0,7,-2346.5235843297082,260483
16596,-0.4,2,-2346.9235843297083,260485
16597,-5.4,6,-2352.3235843297084,260491
16598,6.0,16,-2346.3235843297084,260507
16599,2.0,7,-2344.3235843297084,260514
16600,2.0,6,-2342.3235843297084,260520
16601,-2.3333333333333335,4,-2344.656917663042,260524
16602,2.0,3,-2342.656917663042,260527
16603,4.0,6,-2338.656917663042,260533
16604,7.166666666666667,19,-2331.4902509963754,260552
16605,4.2,3,-2327.2902509963756,260555
16606,8.0,14,-2319.2902509963756,260569
16607,-2.166666666666667,22,-2321.456917663042,260591
16608,-1.25,15,-2322.706917663042,260606
16609,-1.0,21,-2323.706917663042,260627
16610,-1.4666666666666668,11,-2325.173584329709,260638
16611,1.0,5,-2324.173584329709,260643
16612,-0.5,11,-2324.673584329709,260654
16613,-4.0,16,-2328.673584329709,260670
16614,-1.0,2,-2329.673584329709,260672
16615,-5.571428571428571,20,-2335.245012901137,260692
16616,-2.571428571428571,16,-2337.8164414725657,260708
16617,0.11111111111111116,19,-2337.7053303614543,260727
16618,7.7,7,-2330.0053303614545,260734
16619,-2.0,11,-2332.0053303614545,260745
16620,-1.0,16,-2333.0053303614545,260761
16621,-1.0,8,-2334.0053303614545,260769
16622,0.0,7,-2334.0053303614545,260776
16623,0.2,6,-2333.8053303614547,260782
16624,1.0,5,-2332.8053303614547,260787
16625,2.0,5,-2330.8053303614547,260792
16626,0.0,6,-2330.8053303614547,260798
16627,0.0,3,-2330.8053303614547,260801
16628,-1.1666666666666663,27,-2331.971997028121,260828
16629,-3.9411764705882355,10,-2335.9131734987095,260838
16630,1.0,5,-2334.9131734987095,260843
16631,0.2,2,-2334.7131734987097,260845
16632,1.0,5,-2333.7131734987097,260850
16633,0.0,8,-2333.7131734987097,260858
16634,5.0,2,-2328.7131734987097,260860
16635,-2.0,3,-2330.7131734987097,260863
16636,0.0,9,-2330.7131734987097,260872
16637,-4.0,10,-2334.7131734987097,260882
16638,0.0,13,-2334.7131734987097,260895
16639,4.0,30,-2330.7131734987097,260925
16640,-1.8333333333333335,38,-2332.546506832043,260963
16641,0.0,6,-2332.546506832043,260969
16642,0.4285714285714288,20,-2332.1179354034716,260989
16643,-1.0,14,-2333.1179354034716,261003
16644,0.8571428571428574,18,-2332.260792546329,261021
16645,-1.0,12,-2333.260792546329,261033
16646,-0.37142857142857116,17,-2333.6322211177576,261050
16647,7.095238095238095,27,-2326.5369830225195,261077
16648,-0.8714285714285712,18,-2327.408411593948,261095
16649,0.0,1,-2327.408411593948,261096
16650,-1.5714285714285714,9,-2328.9798401653766,261105
16651,-1.5714285714285714,13,-2330.551268736805,261118
16652,0.0,3,-2330.551268736805,261121
16653,0.0,2,-2330.551268736805,261123
16654,-3.0,10,-2333.551268736805,261133
16655,-4.0,11,-2337.551268736805,261144
16656,-5.595238095238095,17,-2343.146506832043,261161
16657,0.0,12,-2343.146506832043,261173
16658,0.5,9,-2342.646506832043,261182
16659,0.0,2,-2342.646506832043,261184
16660,0.0,1,-2342.646506832043,261185
16661,0.0,10,-2342.646506832043,261195
16662,1.0,8,-2341.646506832043,261203
16663,0.0,11,-2341.646506832043,261214
16664,1.0,6,-2340.646506832043,261220
16665,-0.6666666666666667,15,-2341.3131734987096,261235
16666,1.0,17,-2340.3131734987096,261252
16667,-1.0,22,-2341.3131734987096,261274
16668,-0.5,15,-2341.8131734987096,261289
16669,-2.0,22,-2343.8131734987096,261311
16670,-1.25,18,-2345.0631734987096,261329
16671,-6.0,13,-2351.0631734987096,261342
16672,2.0,11,-2349.0631734987096,261353
16673,0.5,24,-2348.5631734987096,261377
16674,3.0,14,-2345.5631734987096,261391
16675,4.5,16,-2341.0631734987096,261407
16676,2.0,12,-2339.0631734987096,261419
16677,0.0,4,-2339.0631734987096,261423
16678,0.8571428571428572,7,-2338.206030641567,261430
16679,3.0,17,-2335.206030641567,261447
16680,0,0,-2335.206030641567,261447
16681,0,0,-2335.206030641567,261447
16682,0,0,-2335.206030641567,261447
16683,3.75,12,-2331.456030641567,261459
16684,-1.0,13,-2332.456030641567,261472
16685,3.5833333333333335,10,-2328.8726973082335,261482
16686,3.088888888888889,9,-2325.7838084193445,261491
16687,2.35,13,-2323.4338084193446,261504
16688,3.5,15,-2319.9338084193446,261519
16689,-3.666666666666667,28,-2323.600475086011,261547
16690,0.0,10,-2323.600475086011,261557
16691,0.0,1,-2323.600475086011,261558
16692,4.75,11,-2318.850475086011,261569
16693,-8.0,12,-2326.850475086011,261581
16694,1.2,8,-2325.6504750860113,261589
16695,1.0,7,-2324.6504750860113,261596
16696,0.5454545454545454,19,-2324.105020540557,261615
16697,0.6666666666666667,14,-2323.4383538738903,261629
16698,4.75,8,-2318.6883538738903,261637
16699,2.2,5,-2316.4883538738904,261642
16700,-7.0,3,-2323.4883538738904,261645
16701,4.0,20,-2319.4883538738904,261665
16702,11.533333333333333,22,-2307.955020540557,261687
16703,0.0,4,-2307.955020540557,261691
16704,-3.0,8,-2310.955020540557,261699
16705,3.7,6,-2307.2550205405573,261705
16706,3.0,11,-2304.2550205405573,261716
16707,2.0,11,-2302.2550205405573,261727
16708,5.2,5,-2297.0550205405575,261732
16709,6.0,14,-2291.0550205405575,261746
16710,-3.0,23,-2294.0550205405575,261769
16711,1.0,7,-2293.0550205405575,261776
16712,0.5,10,-2292.5550205405575,261786
16713,0.2142857142857142,21,-2292.3407348262717,261807
16714,1.0,10,-2291.3407348262717,261817
16715,-2.0,11,-2293.3407348262717,261828
16716,4.0,15,-2289.3407348262717,261843
16717,-2.25,3,-2291.5907348262717,261846
16718,-0.33333333333333326,16,-2291.924068159605,261862
16719,-8.0,19,-2299.924068159605,261881
16720,5.0,13,-2294.924068159605,261894
16721,0.0,5,-2294.924068159605,261899
16722,6.5,9,-2288.424068159605,261908
16723,7.6,31,-2280.8240681596053,261939
16724,3.8888888888888884,23,-2276.9351792707166,261962
16725,1.5,21,-2275.4351792707166,261983
16726,1.75,13,-2273.6851792707166,261996
16727,-2.5,16,-2276.1851792707166,262012
16728,3.3000000000000003,26,-2272.8851792707164,262038
16729,0.0,16,-2272.8851792707164,262054
16730,1.2000000000000002,14,-2271.6851792707166,262068
16731,2.0,6,-2269.6851792707166,262074
16732,2.0,11,-2267.6851792707166,262085
16733,1.3333333333333337,36,-2266.351845937383,262121
16734,-7.333333333333333,14,-2273.6851792707166,262135
16735,2.0,15,-2271.6851792707166,262150
16736,1.0,2,-2270.6851792707166,262152
16737,1.0,7,-2269.6851792707166,262159
16738,2.5999999999999996,18,-2267.0851792707167,262177
16739,-1.5904761904761906,18,-2268.675655461193,262195
16740,1.0,3,-2267.675655461193,262198
16741,-1.0,10,-2268.675655461193,262208
16742,1.25,12,-2267.425655461193,262220
16743,3.7,30,-2263.725655461193,262250
16744,9.083333333333334,28,-2254.6423221278596,262278
16745,2.0,21,-2252.6423221278596,262299
16746,0.0,10,-2252.6423221278596,262309
16747,-2.0,13,-2254.6423221278596,262322
16748,7.0,11,-2247.6423221278596,262333
16749,-4.383333333333333,19,-2252.025655461193,262352
16750,-1.4,10,-2253.425655461193,262362
16751,-4.0,7,-2257.425655461193,262369
16752,-4.4,7,-2261.825655461193,262376
16753,1.0,2,-2260.825655461193,262378
16754,9.88888888888889,28,-2250.9367665723044,262406
16755,2.0,19,-2248.9367665723044,262425
16756,3.5,3,-2245.4367665723044,262428
16757,0,0,-2245.4367665723044,262428
16758,0,0,-2245.4367665723044,262428
16759,0,0,-2245.4367665723044,262428
16760,3.0,5,-2242.4367665723044,262433
16761,0.0,2,-2242.4367665723044,262435
16762,-0.6333333333333333,27,-2243.0700999056376,262462
16763,-0.5,14,-2243.5700999056376,262476
16764,1.4761904761904763,25,-2242.093909429447,262501
16765,1.75,21,-2240.343909429447,262522
16766,3.5,16,-2236.843909429447,262538
16767,-1.5,17,-2238.343909429447,262555
16768,-1.2,8,-2239.543909429447,262563
16769,1.0,20,-2238.543909429447,262583
16770,2.0,18,-2236.543909429447,262601
16771,3.0,3,-2233.543909429447,262604
16772,-0.5,5,-2234.043909429447,262609
16773,0.5,20,-2233.543909429447,262629
16774,-2.0,4,-2235.543909429447,262633
16775,0.0,7,-2235.543909429447,262640
16776,-1.5,11,-2237.043909429447,262651
16777,-4.5,9,-2241.543909429447,262660
16778,-2.571428571428571,25,-2244.1153380008755,262685
16779,1.75,20,-2242.3653380008755,262705
16780,0.0,7,-2242.3653380008755,262712
16781,1.0,4,-2241.3653380008755,262716
16782,-0.5,6,-2241.8653380008755,262722
16783,3.0,8,-2238.8653380008755,262730
16784,-1.0,6,-2239.8653380008755,262736
16785,-1.0,14,-2240.8653380008755,262750
16786,2.0,8,-2238.8653380008755,262758
16787,2.0,8,-2236.8653380008755,262766
16788,-1.0,12,-2237.8653380008755,262778
16789,-8.4,36,-2246.2653380008755,262814
16790,1.0,11,-2245.2653380008755,262825
16791,0.0,8,-2245.2653380008755,262833
16792,1.0,8,-2244.2653380008755,262841
16793,-1.0,2,-2245.2653380008755,262843
16794,0.0,10,-2245.2653380008755,262853
16795,0.0,2,-2245.2653380008755,262855
16796,-2.0,2,-2247.2653380008755,262857
16797,6.0,25,-2241.2653380008755,262882
16798,0.0,3,-2241.2653380008755,262885
16799,-2.0,8,-2243.2653380008755,262893
16800,-1.0,7,-2244.2653380008755,262900
16801,2.0,8,-2242.2653380008755,262908
16802,-2.0,6,-2244.2653380008755,262914
16803,-1.8,13,-2246.0653380008757,262927
16804,0.0,13,-2246.0653380008757,262940
16805,1.0,6,-2245.0653380008757,262946
16806,4.0,10,-2241.0653380008757,262956
16807,1.0,9,-2240.0653380008757,262965
16808,1.0,4,-2239.0653380008757,262969
16809,-1.875,18,-2240.9403380008757,262987
16810,2.0,11,-2238.9403380008757,262998
16811,0,0,-2238.9403380008757,262998
16812,0,0,-2238.9403380008757,262998
16813,0,0,-2238.9403380008757,262998
16814,1.0,6,-2237.9403380008757,263004
16815,1.0,6,-2236.9403380008757,263010
16816,1.95,28,-2234.990338000876,263038
16817,-0.42857142857142855,6,-2235.4189094294475,263044
16818,1.333333333333333,16,-2234.085576096114,263060
16819,8.0,13,-2226.085576096114,263073
16820,1.5,18,-2224.585576096114,263091
16821,16.333333333333332,41,-2208.2522427627805,263132
16822,-1.333333333333333,19,-2209.585576096114,263151
16823,6.0,19,-2203.585576096114,263170
16824,2.0,3,-2201.585576096114,263173
16825,1.0,8,-2200.585576096114,263181
16826,-1.0,6,-2201.585576096114,263187
16827,1.5,22,-2200.085576096114,263209
16828,-2.0,15,-2202.085576096114,263224
16829,1.0,16,-2201.085576096114,263240
16830,1.6,5,-2199.485576096114,263245
16831,0.0,5,-2199.485576096114,263250
16832,-1.0,6,-2200.485576096114,263256
16833,-1.0,2,-2201.485576096114,263258
16834,0.0,1,-2201.485576096114,263259
16835,0.0,10,-2201.485576096114,263269
16836,-1.0,12,-2202.485576096114,263281
16837,0.0,6,-2202.485576096114,263287
16838,0.5,13,-2201.985576096114,263300
16839,-6.0,15,-2207.985576096114,263315
16840,-1.0,6,-2208.985576096114,263321
16841,-2.5,25,-2211.485576096114,263346
16842,-1.0,5,-2212.485576096114,263351
16843,0.0,4,-2212.485576096114,263355
16844,2.5,18,-2209.985576096114,263373
16845,-3.888888888888889,7,-2213.8744649850028,263380
16846,0.0,5,-2213.8744649850028,263385
16847,1.0,3,-2212.8744649850028,263388
16848,0.0,2,-2212.8744649850028,263390
16849,-4.333333333333333,16,-2217.2077983183362,263406
16850,-5.0,16,-2222.2077983183362,263422
16851,-1.75,28,-2223.9577983183362,263450
16852,-4.0,3,-2227.9577983183362,263453
16853,3.0,10,-2224.9577983183362,263463
16854,4.5,33,-2220.4577983183362,263496
16855,0.1111111111111111,9,-2220.346687207225,263505
16856,3.5,15,-2216.846687207225,263520
16857,-0.5,15,-2217.346687207225,263535
16858,-1.066666666666666,22,-2218.4133538738915,263557
16859,2.0,10,-2216.4133538738915,263567
16860,0.0,4,-2216.4133538738915,263571
16861,4.0,27,-2212.4133538738915,263598
16862,-0.33333333333333326,12,-2212.746687207225,263610
16863,0.0,9,-2212.746687207225,263619
16864,-1.3333333333333333,5,-2214.0800205405585,263624
16865,0.0,3,-2214.0800205405585,263627
16866,-1.0,8,-2215.0800205405585,263635
16867,1.0,12,-2214.0800205405585,263647
16868,5.078787878787878,61,-2209.0012326617707,263708
16869,0.9333333333333332,18,-2208.0678993284373,263726
16870,-6.0,35,-2214.0678993284373,263761
16871,0,0,-2214.0678993284373,263761
16872,0,0,-2214.0678993284373,263761
16873,0,0,-2214.0678993284373,263761
16874,2.0,20,-2212.0678993284373,263781
16875,4.433333333333334,27,-2207.634565995104,263808
16876,1.0,5,-2206.634565995104,263813
16877,3.0,34,-2203.634565995104,263847
16878,-11.666666666666668,28,-2215.3012326617704,263875
16879,-1.6333333333333329,47,-2216.9345659951036,263922
16880,-0.24999999999999978,24,-2217.1845659951036,263946
16881,-9.0,10,-2226.1845659951036,263956
16882,-3.0,4,-2229.1845659951036,263960
16883,-3.0,5,-2232.1845659951036,263965
16884,-1.65,34,-2233.8345659951037,263999
16885,-3.0,4,-2236.8345659951037,264003
16886,-3.0,7,-2239.8345659951037,264010
16887,1.0,14,-2238.8345659951037,264024
16888,-3.0,24,-2241.8345659951037,264048
16889,0,0,-2241.8345659951037,264048
16890,0,0,-2241.8345659951037,264048
16891,-1.8769230769230771,9,-2243.711489072027,264057
16892,5.333333333333333,14,-2238.3781557386933,264071
16893,-6.5,42,-2244.8781557386933,264113
16894,6.333333333333334,32,-2238.54482240536,264145
16895,-3.75,31,-2242.29482240536,264176
16896,-10.8,47,-2253.09482240536,264223
16897,0.0,7,-2253.09482240536,264230
16898,3.6,30,-2249.49482240536,264260
16899,0.0,19,-2249.49482240536,264279
16900,3.5,22,-2245.99482240536,264301
16901,1.6666666666666665,23,-2244.3281557386936,264324
16902,0.0,1,-2244.3281557386936,264325
16903,0.0,1,-2244.3281557386936,264326
16904,-1.0,7,-2245.3281557386936,264333
16905,-1.5,11,-2246.8281557386936,264344
16906,1.0,20,-2245.8281557386936,264364
16907,0.5,19,-2245.3281557386936,264383
16908,-2.0,11,-2247.3281557386936,264394
16909,-7.0,20,-2254.3281557386936,264414
16910,-5.5,21,-2259.8281557386936,264435
16911,3.0,5,-2256.8281557386936,264440
16912,0.0,7,-2256.8281557386936,264447
16913,-2.666666666666667,55,-2259.49482240536,264502
16914,0.2,8,-2259.2948224053603,264510
16915,-3.0,3,-2262.2948224053603,264513
16916,-2.25,12,-2264.5448224053603,264525
16917,-9.454545454545455,33,-2273.9993678599058,264558
16918,2.0,23,-2271.9993678599058,264581
16919,-0.5,10,-2272.4993678599058,264591
16920,-4.440892098500626e-16,27,-2272.4993678599058,264618
16921,-2.0,13,-2274.4993678599058,264631
16922,0.5,6,-2273.9993678599058,264637
16923,-0.25,29,-2274.2493678599058,264666
16924,3.3846153846153846,37,-2270.8647524752905,264703
16925,0.33333333333333337,15,-2270.531419141957,264718
16926,2.5,15,-2268.031419141957,264733
16927,2.3846153846153846,16,-2265.646803757342,264749
16928,1.2000000000000002,3,-2264.446803757342,264752
16929,1.0,15,-2263.446803757342,264767
16930,1.0,6,-2262.446803757342,264773
16931,1.0,19,-2261.446803757342,264792
16932,4.0,29,-2257.446803757342,264821
16933,3.2,13,-2254.246803757342,264834
16934,-4.5,27,-2258.746803757342,264861
16935,0.0,6,-2258.746803757342,264867
16936,2.0,16,-2256.746803757342,264883
16937,3.5999999999999996,19,-2253.1468037573422,264902
16938,-2.890476190476191,27,-2256.037279947818,264929
16939,2.0,12,-2254.037279947818,264941
16940,2.0,16,-2252.037279947818,264957
16941,1.75,31,-2250.287279947818,264988
16942,0.75,20,-2249.537279947818,265008
16943,-0.3999999999999999,19,-2249.9372799478183,265027
16944,3.0,18,-2246.9372799478183,265045
16945,3.5,26,-2243.4372799478183,265071
16946,-2.0,15,-2245.4372799478183,265086
16947,0.0,6,-2245.4372799478183,265092
16948,-2.0,14,-2247.4372799478183,265106
16949,-3.0,16,-2250.4372799478183,265122
16950,0.5,18,-2249.9372799478183,265140
16951,-7.333333333333334,29,-2257.270613281152,265169
16952,-9.5,28,-2266.770613281152,265197
16953,11.0,36,-2255.770613281152,265233
16954,2.0,12,-2253.770613281152,265245
16955,2.5,26,-2251.270613281152,265271
16956,0.0,16,-2251.270613281152,265287
16957,-0.6666666666666665,24,-2251.9372799478183,265311
16958,3.0,24,-2248.9372799478183,265335
16959,-3.0,11,-2251.9372799478183,265346
16960,8.25,30,-2243.6872799478183,265376
16961,4.0,28,-2239.6872799478183,265404
16962,-2.0,31,-2241.6872799478183,265435
16963,1.0,5,-2240.6872799478183,265440
16964,1.0,18,-2239.6872799478183,265458
16965,-6.0,16,-2245.6872799478183,265474
16966,-3.0,18,-2248.6872799478183,265492
16967,-2.0,32,-2250.6872799478183,265524
16968,0.0,1,-2250.6872799478183,265525
16969,0.0,1,-2250.6872799478183,265526
16970,0.0,3,-2250.6872799478183,265529
16971,-8.05,15,-2258.7372799478185,265544
16972,4.500000000000001,39,-2254.2372799478185,265583
16973,-3.8095238095238093,18,-2258.0468037573423,265601
16974,-0.5000000000000002,19,-2258.5468037573423,265620
16975,-7.533333333333333,32,-2266.0801370906756,265652
16976,-3.5,10,-2269.5801370906756,265662
16977,-0.6666666666666665,9,-2270.246803757342,265671
16978,0.0,12,-2270.246803757342,265683
16979,-0.3333333333333339,27,-2270.5801370906756,265710
16980,0.6666666666666665,23,-2269.913470424009,265733
16981,11.415934065934067,32,-2258.497536358075,265765
16982,-3.7333333333333334,18,-2262.2308696914083,265783
16983,-6.666666666666666,31,-2268.897536358075,265814
16984,8.0,54,-2260.897536358075,265868
16985,-5.0,27,-2265.897536358075,265895
16986,3.6,34,-2262.297536358075,265929
16987,0.5,22,-2261.797536358075,265951
16988,-0.2333333333333334,36,-2262.030869691408,265987
16989,16.916666666666668,46,-2245.1142030247415,266033
16990,-6.666666666666667,13,-2251.780869691408,266046
16991,2.2,17,-2249.580869691408,266063
16992,-1.9,13,-2251.4808696914083,266076
16993,2.4166666666666665,20,-2249.064203024742,266096
16994,-5.1893939393939394,37,-2254.253596964136,266133
16995,-5.0,46,-2259.253596964136,266179
16996,-2.85,22,-2262.1035969641357,266201
16997,0.0,10,-2262.1035969641357,266211
16998,-2.4000000000000004,14,-2264.503596964136,266225
16999,-2.0,22,-2266.503596964136,266247
17000,6.142857142857142,5,-2260.3607398212785,266252
17001,3.6,23,-2256.7607398212785,266275
17002,4.25,30,-2252.5107398212785,266305
17003,0.0,27,-2252.5107398212785,266332
17004,-6.0,12,-2258.5107398212785,266344
17005,8.0,48,-2250.5107398212785,266392
17006,4.0,13,-2246.5107398212785,266405
17007,3.0,29,-2243.5107398212785,266434
17008,3.0,23,-2240.5107398212785,266457
17009,4.5,23,-2236.0107398212785,266480
17010,1.25,18,-2234.7607398212785,266498
17011,-3.5,18,-2238.2607398212785,266516
17012,4.2,21,-2234.0607398212787,266537
17013,-7.0,15,-2241.0607398212787,266552
17014,6.1,17,-2234.960739821279,266569
17015,-6.0,21,-2240.960739821279,266590
17016,-1.0,16,-2241.960739821279,266606
17017,-3.8333333333333335,23,-2245.7940731546123,266629
17018,-2.3333333333333335,12,-2248.127406487946,266641
17019,0.466666666666667,20,-2247.660739821279,266661
17020,6.033333333333333,25,-2241.627406487946,266686
17021,2.0,4,-2239.627406487946,266690
17022,-4.533333333333333,46,-2244.160739821279,266736
17023,-14.8,75,-2258.9607398212793,266811
17024,2.0,29,-2256.9607398212793,266840
17025,0.5,16,-2256.4607398212793,266856
17026,-0.26666666666666683,49,-2256.727406487946,266905
17027,-6.75,53,-2263.477406487946,266958
17028,-9.071428571428571,33,-2272.5488350593746,266991
17029,0.5555555555555556,9,-2271.993279503819,267000
17030,0.0,5,-2271.993279503819,267005
17031,0,0,-2271.993279503819,267005
17032,0,0,-2271.993279503819,267005
17033,0,0,-2271.993279503819,267005
17034,-2.25,15,-2274.243279503819,267020
17035,-5.944444444444445,39,-2280.1877239482633,267059
17036,-4.5,10,-2284.6877239482633,267069
17037,-6.333333333333334,13,-2291.0210572815968,267082
17038,6.0,27,-2285.0210572815968,267109
17039,3.0,10,-2282.0210572815968,267119
17040,1.0,9,-2281.0210572815968,267128
17041,-3.0,14,-2284.0210572815968,267142
17042,-1.75,25,-2285.7710572815968,267167
17043,2.0,3,-2283.7710572815968,267170
17044,-1.275974025974026,13,-2285.0470313075707,267183
17045,2.0,15,-2283.0470313075707,267198
17046,0.75,9,-2282.2970313075707,267207
17047,-11.0,41,-2293.2970313075707,267248
17048,0.0,9,-2293.2970313075707,267257
17049,-5.0,24,-2298.2970313075707,267281
17050,-2.0,8,-2300.2970313075707,267289
17051,-14.0,21,-2314.2970313075707,267310
17052,0.0,5,-2314.2970313075707,267315
17053,-3.0,6,-2317.2970313075707,267321
17054,-0.25,8,-2317.5470313075707,267329
17055,-2.9833333333333334,35,-2320.530364640904,267364
17056,3.0,3,-2317.530364640904,267367
17057,1.0,9,-2316.530364640904,267376
17058,-2.333333333333333,8,-2318.8636979742373,267384
17059,0.0,6,-2318.8636979742373,267390
17060,0.0,11,-2318.8636979742373,267401
17061,1.2,15,-2317.6636979742375,267416
17062,-3.25,9,-2320.9136979742375,267425
17063,0.0,3,-2320.9136979742375,267428
17064,1.0,10,-2319.9136979742375,267438
17065,-3.0,5,-2322.9136979742375,267443
17066,1.0,5,-2321.9136979742375,267448
17067,0.0,3,-2321.9136979742375,267451
17068,-3.0,28,-2324.9136979742375,267479
17069,2.0,8,-2322.9136979742375,267487
17070,4.0,4,-2318.9136979742375,267491
17071,2.0,5,-2316.9136979742375,267496
17072,-1.0,4,-2317.9136979742375,267500
17073,-3.5,22,-2321.4136979742375,267522
17074,-0.6666666666666665,21,-2322.080364640904,267543
17075,-3.0,25,-2325.080364640904,267568
17076,-1.0,5,-2326.080364640904,267573
17077,0.1428571428571428,25,-2325.9375074980467,267598
17078,-3.083333333333333,12,-2329.02084083138,267610
17079,0.75,14,-2328.27084083138,267624
17080,2.0,3,-2326.27084083138,267627
17081,-1.6785714285714286,7,-2327.9494122599517,267634
17082,-0.8,11,-2328.749412259952,267645
17083,-2.0,10,-2330.749412259952,267655
17084,-4.583333333333333,13,-2335.3327455932854,267668
17085,-1.0,11,-2336.3327455932854,267679
17086,-3.5,8,-2339.8327455932854,267687
17087,-0.5,9,-2340.3327455932854,267696
17088,3.5,7,-2336.8327455932854,267703
17089,2.6666666666666665,13,-2334.166078926619,267716
17090,-0.666666666666667,18,-2334.8327455932854,267734
17091,-1.333333333333334,21,-2336.166078926619,267755
17092,1.0,10,-2335.166078926619,267765
17093,4.0,7,-2331.166078926619,267772
17094,-2.4857142857142858,32,-2333.6517932123334,267804
17095,-2.0,14,-2335.6517932123334,267818
17096,-2.0,6,-2337.6517932123334,267824
17097,0.0,7,-2337.6517932123334,267831
17098,1.0,9,-2336.6517932123334,267840
17099,3.0,6,-2333.6517932123334,267846
17100,-2.0,11,-2335.6517932123334,267857
17101,-11.333333333333334,19,-2346.985126545667,267876
17102,0.0,4,-2346.985126545667,267880
17103,2.0,12,-2344.985126545667,267892
17104,-9.383333333333333,18,-2354.368459879,267910
17105,-3.3333333333333335,12,-2357.7017932123335,267922
17106,-4.0,18,-2361.7017932123335,267940
17107,-1.0,3,-2362.7017932123335,267943
17108,2.0,3,-2360.7017932123335,267946
17109,1.3333333333333335,7,-2359.368459879,267953
17110,-7.0,12,-2366.368459879,267965
17111,3.0,10,-2363.368459879,267975
17112,-0.5,5,-2363.868459879,267980
17113,4.533333333333333,8,-2359.3351265456668,267988
17114,-3.666666666666667,37,-2363.0017932123333,268025
17115,1.0,1,-2362.0017932123333,268026
17116,3.0,21,-2359.0017932123333,268047
17117,-1.5,7,-2360.5017932123333,268054
17118,-6.320512820512821,34,-2366.822306032846,268088
17119,-1.3333333333333333,2,-2368.1556393661795,268090
17120,1.1528985507246376,23,-2367.0027408154547,268113
17121,-1.0,6,-2368.0027408154547,268119
17122,-8.333333333333334,13,-2376.336074148788,268132
17123,-1.0,16,-2377.336074148788,268148
17124,-3.833333333333333,41,-2381.1694074821216,268189
17125,1.3088235294117647,26,-2379.86058395271,268215
17126,-7.2,14,-2387.0605839527097,268229
17127,-5.4,16,-2392.46058395271,268245
17128,-1.8,9,-2394.26058395271,268254
17129,2.0,6,-2392.26058395271,268260
17130,-1.25,22,-2393.51058395271,268282
17131,-0.5,11,-2394.01058395271,268293
17132,2.5,18,-2391.51058395271,268311
17133,2.3333333333333335,8,-2389.1772506193765,268319
17134,2.5,4,-2386.6772506193765,268323
17135,4.0,13,-2382.6772506193765,268336
17136,-6.0,11,-2388.6772506193765,268347
17137,3.0,14,-2385.6772506193765,268361
17138,0.2,7,-2385.4772506193767,268368
17139,-2.333333333333333,22,-2387.81058395271,268390
17140,-4.166666666666667,15,-2391.9772506193767,268405
17141,1.6666666666666665,10,-2390.31058395271,268415
17142,2.0,5,-2388.31058395271,268420
17143,5.0,11,-2383.31058395271,268431
17144,-1.5,6,-2384.81058395271,268437
17145,8.25,17,-2376.56058395271,268454
17146,-0.33333333333333326,25,-2376.8939172860437,268479
17147,-1.3333333333333333,12,-2378.227250619377,268491
17148,2.25,18,-2375.977250619377,268509
17149,-4.0,11,-2379.977250619377,268520
17150,-2.8,23,-2382.7772506193774,268543
17151,-11.984126984126984,74,-2394.761377603504,268617
17152,-0.75,9,-2395.511377603504,268626
17153,-2.0,12,-2397.511377603504,268638
17154,-7.0,18,-2404.511377603504,268656
17155,0.0,20,-2404.511377603504,268676
17156,-2.083333333333333,34,-2406.5947109368376,268710
17157,-3.0,4,-2409.5947109368376,268714
17158,-8.0,11,-2417.5947109368376,268725
17159,-1.833333333333334,29,-2419.428044270171,268754
17160,0.0,6,-2419.428044270171,268760
17161,-1.0,7,-2420.428044270171,268767
17162,0.0,5,-2420.428044270171,268772
17163,-3.0,12,-2423.428044270171,268784
17164,-5.857142857142858,36,-2429.2851871273137,268820
17165,1.0,16,-2428.2851871273137,268836
17166,3.2,33,-2425.085187127314,268869
17167,0.3333333333333335,40,-2424.7518537939804,268909
17168,-3.0,26,-2427.7518537939804,268935
17169,0.0,10,-2427.7518537939804,268945
17170,7.0,22,-2420.7518537939804,268967
17171,-2.0,9,-2422.7518537939804,268976
17172,4.0,12,-2418.7518537939804,268988
17173,-11.5,26,-2430.2518537939804,269014
17174,-6.55,48,-2436.8018537939806,269062
17175,-4.636363636363637,24,-2441.438217430344,269086
17176,-1.0,7,-2442.438217430344,269093
17177,-0.33333333333333304,48,-2442.7715507636776,269141
17178,2.867647058823529,47,-2439.903903704854,269188
17179,-3.0,8,-2442.903903704854,269196
17180,1.9523809523809526,10,-2440.9515227524735,269206
17181,5.0,18,-2435.9515227524735,269224
17182,-0.8,27,-2436.7515227524736,269251
17183,-3.0,17,-2439.7515227524736,269268
17184,2.0,9,-2437.7515227524736,269277
17185,0.0,5,-2437.7515227524736,269282
17186,-3.0,9,-2440.7515227524736,269291
17187,-3.0,6,-2443.7515227524736,269297
17188,-4.111111111111111,9,-2447.862633863585,269306
17189,1.0,4,-2446.862633863585,269310
17190,0.0,1,-2446.862633863585,269311
17191,2.0,9,-2444.862633863585,269320
17192,0.2,4,-2444.662633863585,269324
17193,1.0,9,-2443.662633863585,269333
17194,-1.0,2,-2444.662633863585,269335
17195,1.5,4,-2443.162633863585,269339
17196,1.0,4,-2442.162633863585,269343
17197,0.6666666666666666,3,-2441.4959671969186,269346
17198,-3.0,5,-2444.4959671969186,269351
17199,-3.0,7,-2447.4959671969186,269358
17200,-3.2857142857142856,21,-2450.781681482633,269379
17201,0.0,2,-2450.781681482633,269381
17202,-2.0,3,-2452.781681482633,269384
17203,-2.0,20,-2454.781681482633,269404
17204,-0.33333333333333304,25,-2455.1150148159663,269429
17205,2.0,21,-2453.1150148159663,269450
17206,-2.0,4,-2455.1150148159663,269454
17207,-1.5,2,-2456.6150148159663,269456
17208,-2.9411764705882355,10,-2459.5561912865546,269466
17209,0.5,21,-2459.0561912865546,269487
17210,4.5,15,-2454.5561912865546,269502
17211,2.0,6,-2452.5561912865546,269508
17212,1.5833333333333333,35,-2450.972857953221,269543
17213,3.0,9,-2447.972857953221,269552
17214,-1.0,14,-2448.972857953221,269566
17215,2.2588235294117647,23,-2446.714034423809,269589
17216,1.5,3,-2445.214034423809,269592
17217,6.833333333333334,21,-2438.3807010904757,269613
17218,0.0,10,-2438.3807010904757,269623
17219,-2.0,8,-2440.3807010904757,269631
17220,4.0,15,-2436.3807010904757,269646
17221,-6.116666666666666,33,-2442.4973677571425,269679
17222,0.3333333333333333,14,-2442.164034423809,269693
17223,-13.166666666666666,31,-2455.3307010904755,269724
17224,2.642857142857143,13,-2452.687843947618,269737
17225,15.676190476190477,41,-2437.0116534714275,269778
17226,3.0,8,-2434.0116534714275,269786
17227,0.0,1,-2434.0116534714275,269787
17228,1.0,4,-2433.0116534714275,269791
17229,3.0,11,-2430.0116534714275,269802
17230,-0.3333333333333335,24,-2430.344986804761,269826
17231,1.5,17,-2428.844986804761,269843
17232,-4.571428571428571,11,-2433.4164153761894,269854
17233,-1.0,20,-2434.4164153761894,269874
17234,-5.0,10,-2439.4164153761894,269884
17235,-6.0,15,-2445.4164153761894,269899
17236,-0.3611111111111107,31,-2445.7775264873007,269930
17237,-5.166666666666667,30,-2450.9441931539673,269960
17238,3.5,24,-2447.4441931539673,269984
17239,-4.0,27,-2451.4441931539673,270011
17240,-4.0,22,-2455.4441931539673,270033
17241,-7.666666666666666,47,-2463.110859820634,270080
17242,-4.0,14,-2467.110859820634,270094
17243,1.8666666666666671,28,-2465.244193153967,270122
17244,-4.666666666666667,34,-2469.9108598206335,270156
17245,-4.2,41,-2474.1108598206333,270197
17246,0.666666666666667,35,-2473.444193153967,270232
17247,-5.0,9,-2478.444193153967,270241
17248,2.25,10,-2476.194193153967,270251
17249,1.0,9,-2475.194193153967,270260
17250,5.0,23,-2470.194193153967,270283
17251,-0.20000000000000018,10,-2470.3941931539666,270293
17252,-1.0,4,-2471.3941931539666,270297
17253,-2.788888888888889,40,-2474.1830820428554,270337
17254,3.0,22,-2471.1830820428554,270359
17255,-0.7999999999999998,16,-2471.9830820428556,270375
17256,-2.833333333333333,19,-2474.816415376189,270394
17257,-3.0,7,-2477.816415376189,270401
17258,-18.5,51,-2496.316415376189,270452
17259,-0.7000000000000002,29,-2497.016415376189,270481
17260,0.6666666666666667,19,-2496.3497487095224,270500
17261,-9.0,43,-2505.3497487095224,270543
17262,-2.5,27,-2507.8497487095224,270570
17263,5.333333333333333,31,-2502.516415376189,270601
17264,-5.0,9,-2507.516415376189,270610
17265,1.5,13,-2506.016415376189,270623
17266,-4.0,28,-2510.016415376189,270651
17267,0.0,13,-2510.016415376189,270664
17268,3.6666666666666665,29,-2506.3497487095224,270693
17269,-1.0,17,-2507.3497487095224,270710
17270,-3.333333333333333,40,-2510.683082042856,270750
17271,-7.583333333333333,45,-2518.2664153761893,270795
17272,-8.337878787878788,40,-2526.604294164068,270835
17273,-12.666666666666668,28,-2539.2709608307346,270863
17274,1.666666666666667,16,-2537.604294164068,270879
17275,-3.0,12,-2540.604294164068,270891
17276,8.38888888888889,43,-2532.2154052751794,270934
17277,-3.25,6,-2535.4654052751794,270940
17278,-7.5,38,-2542.9654052751794,270978
17279,0.0,6,-2542.9654052751794,270984
17280,-2.0,4,-2544.9654052751794,270988
17281,2.0,21,-2542.9654052751794,271009
17282,7.111111111111111,32,-2535.854294164068,271041
17283,3.0,11,-2532.854294164068,271052
17284,1.9500000000000002,36,-2530.9042941640682,271088
17285,1.0,25,-2529.9042941640682,271113
17286,0.7000000000000002,15,-2529.2042941640684,271128
17287,1.0,28,-2528.2042941640684,271156
17288,2.333333333333332,36,-2525.870960830735,271192
17289,0.16666666666666607,21,-2525.7042941640684,271213
17290,11.5,33,-2514.2042941640684,271246
17291,-1.0,27,-2515.2042941640684,271273
17292,-4.733333333333333,19,-2519.9376274974015,271292
17293,3.5,39,-2516.4376274974015,271331
17294,-1.5,15,-2517.9376274974015,271346
17295,-2.8666666666666663,31,-2520.8042941640683,271377
17296,-4.0,29,-2524.8042941640683,271406
17297,2.212121212121212,19,-2522.5921729519473,271425
17298,2.611111111111111,8,-2519.981061840836,271433
17299,10.333333333333332,30,-2509.6477285075025,271463
17300,-0.0714285714285714,20,-2509.719157078931,271483
17301,3.0,7,-2506.719157078931,271490
17302,-3.05,7,-2509.769157078931,271497
17303,1.0,25,-2508.769157078931,271522
17304,-4.275,16,-2513.044157078931,271538
17305,2.75,25,-2510.294157078931,271563
17306,-3.0,12,-2513.294157078931,271575
17307,-8.5,25,-2521.794157078931,271600
17308,8.0,26,-2513.794157078931,271626
17309,6.111111111111111,20,-2507.68304596782,271646
17310,0.5333333333333332,22,-2507.1497126344866,271668
17311,1.1388888888888893,43,-2506.010823745598,271711
17312,-3.0,9,-2509.010823745598,271720
17313,1.75,9,-2507.260823745598,271729
17314,0.6666666666666667,31,-2506.5941570789314,271760
17315,2.0,25,-2504.5941570789314,271785
17316,-0.16666666666666652,36,-2504.760823745598,271821
17317,3.0,11,-2501.760823745598,271832
17318,0.5,7,-2501.260823745598,271839
17319,0.75,19,-2500.510823745598,271858
17320,0.5,22,-2500.010823745598,271880
17321,0.5333333333333337,25,-2499.4774904122646,271905
17322,-1.0,17,-2500.4774904122646,271922
17323,-4.0,40,-2504.4774904122646,271962
17324,-12.666666666666666,34,-2517.144157078931,271996
17325,-4.704761904761904,41,-2521.8489189836932,272037
17326,-4.5,27,-2526.3489189836932,272064
17327,-7.6571428571428575,43,-2534.006061840836,272107
17328,0.3333333333333335,36,-2533.6727285075026,272143
17329,-1.8888888888888888,18,-2535.5616173963913,272161
17330,1.833333333333333,19,-2533.728284063058,272180
17331,4.611111111111111,45,-2529.1171729519465,272225
17332,0.7833333333333334,23,-2528.333839618613,272248
17333,1.2,8,-2527.1338396186134,272256
17334,-9.933333333333334,29,-2537.0671729519468,272285
17335,-5.466666666666667,29,-2542.5338396186135,272314
17336,-2.0,17,-2544.5338396186135,272331
17337,-6.0,11,-2550.5338396186135,272342
17338,-6.5,33,-2557.0338396186135,272375
17339,4.25,42,-2552.7838396186135,272417
17340,3.0,6,-2549.7838396186135,272423
17341,-3.5,14,-2553.2838396186135,272437
17342,0.0,16,-2553.2838396186135,272453
17343,-7.833333333333334,40,-2561.117172951947,272493
17344,-3.0,29,-2564.117172951947,272522
17345,2.5,14,-2561.617172951947,272536
17346,1.3333333333333333,9,-2560.2838396186135,272545
17347,-2.0,8,-2562.2838396186135,272553
17348,-3.0,22,-2565.2838396186135,272575
17349,-1.6666666666666667,18,-2566.95050628528,272593
17350,8.5,36,-2558.45050628528,272629
17351,1.4,26,-2557.05050628528,272655
17352,3.7142857142857144,28,-2553.336220570994,272683
17353,4.833333333333333,33,-2548.5028872376606,272716
17354,1.6,28,-2546.9028872376607,272744
17355,-2.5666666666666673,35,-2549.4695539043273,272779
17356,3.733333333333333,23,-2545.736220570994,272802
17357,2.4615384615384617,20,-2543.2746821094556,272822
17358,3.4,24,-2539.8746821094555,272846
17359,8.975,23,-2530.8996821094556,272869
17360,1.0166666666666657,19,-2529.8830154427887,272888
17361,-2.8333333333333335,31,-2532.7163487761222,272919
17362,-5.0,12,-2537.7163487761222,272931
17363,-1.492063492063492,16,-2539.208412268186,272947
17364,5.15079365079365,24,-2534.057618617392,272971
17365,-14.0,23,-2548.057618617392,272994
17366,-6.666666666666667,26,-2554.7242852840586,273020
17367,0.545454545454545,34,-2554.178830738604,273054
17368,-2.0,9,-2556.178830738604,273063
17369,6.6952380952380945,26,-2549.483592643366,273089
17370,1.0,18,-2548.483592643366,273107
17371,3.4,24,-2545.083592643366,273131
17372,5.0,25,-2540.083592643366,273156
17373,0.0,10,-2540.083592643366,273166
17374,-5.0,29,-2545.083592643366,273195
17375,6.1,24,-2538.983592643366,273219
17376,3.0,12,-2535.983592643366,273231
17377,-2.0,27,-2537.983592643366,273258
17378,5.833333333333334,19,-2532.1502593100327,273277
17379,-2.6666666666666665,33,-2534.816925976699,273310
17380,0.0,4,-2534.816925976699,273314
17381,-2.0,5,-2536.816925976699,273319
17382,-2.3,38,-2539.1169259766993,273357
17383,1.0555555555555554,28,-2538.0613704211437,273385
17384,-1.25,16,-2539.3113704211437,273401
17385,-3.0,12,-2542.3113704211437,273413
17386,-3.0,20,-2545.3113704211437,273433
17387,0.3333333333333333,39,-2544.97803708781,273472
17388,-0.375,28,-2545.35303708781,273500
17389,-3.8333333333333335,14,-2549.1863704211437,273514
17390,-7.388888888888889,13,-2556.5752593100324,273527
17391,2.6,28,-2553.9752593100325,273555
17392,-6.0,15,-2559.9752593100325,273570
17393,8.0,19,-2551.9752593100325,273589
17394,4.0,10,-2547.9752593100325,273599
17395,-3.0,19,-2550.9752593100325,273618
17396,-1.7222222222222219,24,-2552.6974815322546,273642
17397,-4.5,13,-2557.1974815322546,273655
17398,3.7,25,-2553.497481532255,273680
17399,-3.8333333333333335,25,-2557.3308148655883,273705
17400,3.5,43,-2553.8308148655883,273748
17401,-2.0,6,-2555.8308148655883,273754
17402,-5.0,18,-2560.8308148655883,273772
17403,-8.0,24,-2568.8308148655883,273796
17404,-7.066666666666667,18,-2575.897481532255,273814
17405,-0.4,21,-2576.297481532255,273835
17406,0.0,5,-2576.297481532255,273840
17407,-3.011688311688312,26,-2579.3091698439434,273866
17408,-12.454545454545455,34,-2591.763715298489,273900
17409,-8.133333333333333,31,-2599.897048631822,273931
17410,-2.0,10,-2601.897048631822,273941
17411,-3.25,23,-2605.147048631822,273964
17412,-11.15,38,-2616.2970486318222,274002
17413,2.0,11,-2614.2970486318222,274013
17414,8.357142857142858,17,-2605.9399057746796,274030
17415,-6.3,13,-2612.2399057746798,274043
17416,-1.5833333333333333,20,-2613.8232391080132,274063
17417,-1.5,16,-2615.3232391080132,274079
17418,3.0,9,-2612.3232391080132,274088
17419,6.0,10,-2606.3232391080132,274098
17420,4.0,15,-2602.3232391080132,274113
17421,2.3333333333333335,14,-2599.9899057746798,274127
17422,-3.333333333333333,18,-2603.3232391080132,274145
17423,0.7000000000000002,12,-2602.6232391080134,274157
17424,-2.0,3,-2604.6232391080134,274160
17425,-2.357142857142857,26,-2606.980381965156,274186
17426,-2.0,16,-2608.980381965156,274202
17427,0.0,9,-2608.980381965156,274211
17428,-1.5,25,-2610.480381965156,274236
17429,-2.0,3,-2612.480381965156,274239
17430,4.2,15,-2608.2803819651563,274254
17431,1.0,17,-2607.2803819651563,274271
17432,-2.0,11,-2609.2803819651563,274282
17433,4.0,26,-2605.2803819651563,274308
17434,5.0,22,-2600.2803819651563,274330
17435,1.0,11,-2599.2803819651563,274341
17436,0.9565217391304348,29,-2598.3238602260258,274370
17437,4.0,12,-2594.3238602260258,274382
17438,2.2222222222222223,18,-2592.1016380038036,274400
17439,-2.9471861471861476,26,-2595.0488241509897,274426
17440,-0.7333333333333325,42,-2595.782157484323,274468
17441,2.5,36,-2593.282157484323,274504
17442,-6.733333333333334,33,-2600.015490817656,274537
17443,-4.4,33,-2604.415490817656,274570
17444,2.2,33,-2602.2154908176562,274603
17445,-3.4,24,-2605.6154908176563,274627
17446,3.833333333333333,18,-2601.782157484323,274645
17447,0.2,20,-2601.582157484323,274665
17448,3.0,23,-2598.582157484323,274688
17449,1.0,6,-2597.582157484323,274694
17450,-0.4285714285714286,9,-2598.0107289128946,274703
17451,3.0,26,-2595.0107289128946,274729
17452,-13.5,39,-2608.5107289128946,274768
17453,-1.2500000000000002,30,-2609.7607289128946,274798
17454,-10.333333333333334,36,-2620.094062246228,274834
17455,-12.333333333333334,39,-2632.4273955795616,274873
17456,-14.0,37,-2646.4273955795616,274910
17457,-0.6818181818181817,19,-2647.1092137613796,274929
17458,-2.3,30,-2649.4092137613798,274959
17459,0.3333333333333333,13,-2649.0758804280463,274972
17460,-2.5238095238095233,34,-2651.599689951856,275006
17461,2.7777777777777777,42,-2648.821912174078,275048
17462,-3.1333333333333333,28,-2651.9552455074113,275076
17463,3.5,10,-2648.4552455074113,275086
17464,4.0,4,-2644.4552455074113,275090
17465,-5.25,26,-2649.7052455074113,275116
17466,4.083333333333333,30,-2645.621912174078,275146
17467,-5.0,30,-2650.621912174078,275176
17468,-2.0,39,-2652.621912174078,275215
17469,-4.333333333333333,22,-2656.9552455074113,275237
17470,1.666666666666666,25,-2655.288578840745,275262
17471,-5.0,14,-2660.288578840745,275276
17472,0.9444444444444444,20,-2659.3441343963004,275296
17473,3.0,9,-2656.3441343963004,275305
17474,-0.25,30,-2656.5941343963004,275335
17475,-3.0,26,-2659.5941343963004,275361
17476,-0.33333333333333326,29,-2659.927467729634,275390
17477,1.0,15,-2658.927467729634,275405
17478,3.0,17,-2655.927467729634,275422
17479,2.0,14,-2653.927467729634,275436
17480,-1.1666666666666665,8,-2655.0941343963004,275444
17481,2.0,9,-2653.0941343963004,275453
17482,7.0,28,-2646.0941343963004,275481
17483,3.0833333333333335,19,-2643.010801062967,275500
17484,0.5833333333333335,12,-2642.4274677296335,275512
17485,1.7666666666666666,46,-2640.6608010629666,275558
17486,2.0,10,-2638.6608010629666,275568
17487,-2.583333333333333,14,-2641.2441343963,275582
17488,4.0,36,-2637.2441343963,275618
17489,2.75,30,-2634.4941343963,275648
17490,1.8333333333333335,12,-2632.6608010629666,275660
17491,1.5,13,-2631.1608010629666,275673
17492,-2.0,7,-2633.1608010629666,275680
17493,-5.0,8,-2638.1608010629666,275688
17494,2.5,4,-2635.6608010629666,275692
17495,2.5,16,-2633.1608010629666,275708
17496,-1.0,10,-2634.1608010629666,275718
17497,1.0,4,-2633.1608010629666,275722
17498,0.0,5,-2633.1608010629666,275727
17499,0.0,4,-2633.1608010629666,275731
17500,3.0,15,-2630.1608010629666,275746
17501,-1.0,11,-2631.1608010629666,275757
17502,2.5,4,-2628.6608010629666,275761
17503,4.0,6,-2624.6608010629666,275767
17504,-1.5,5,-2626.1608010629666,275772
17505,-6.033333333333333,23,-2632.1941343963,275795
17506,-3.833333333333333,25,-2636.0274677296334,275820
17507,-5.75,28,-2641.7774677296334,275848
17508,1.25,19,-2640.5274677296334,275867
17509,4.0,16,-2636.5274677296334,275883
17510,-0.3333333333333333,10,-2636.860801062967,275893
17511,1.0,7,-2635.860801062967,275900
17512,-0.3333333333333333,14,-2636.1941343963003,275914
17513,2.5333333333333337,6,-2633.660801062967,275920
17514,3.3000000000000003,29,-2630.360801062967,275949
17515,-7.0,25,-2637.360801062967,275974
17516,2.5,14,-2634.860801062967,275988
17517,1.5,8,-2633.360801062967,275996
17518,1.0,6,-2632.360801062967,276002
17519,-9.0,12,-2641.360801062967,276014
17520,0.6666666666666667,21,-2640.6941343963003,276035
17521,13.0,21,-2627.6941343963003,276056
17522,4.083333333333333,12,-2623.610801062967,276068
17523,-4.45,17,-2628.0608010629667,276085
17524,-2.583333333333333,16,-2630.6441343963,276101
17525,-0.5,14,-2631.1441343963,276115
17526,-5.5,15,-2636.6441343963,276130
17527,-0.25,13,-2636.8941343963,276143
17528,2.0,1,-2634.8941343963,276144
17529,3.0,19,-2631.8941343963,276163
17530,-6.0,22,-2637.8941343963,276185
17531,1.3333333333333335,24,-2636.5608010629667,276209
17532,-4.0,23,-2640.5608010629667,276232
17533,3.076190476190476,29,-2637.4846105867764,276261
17534,-3.0,9,-2640.4846105867764,276270
17535,-6.0,20,-2646.4846105867764,276290
17536,-4.666666666666667,13,-2651.151277253443,276303
17537,5.666666666666667,28,-2645.4846105867764,276331
17538,3.928571428571429,28,-2641.556039158205,276359
17539,2.0,6,-2639.556039158205,276365
17540,-1.4666666666666666,15,-2641.0227058248715,276380
17541,-6.0,12,-2647.0227058248715,276392
17542,3.5,12,-2643.5227058248715,276404
17543,-6.166666666666667,33,-2649.689372491538,276437
17544,11.642857142857142,22,-2638.0465153486807,276459
17545,1.8833333333333335,18,-2636.1631820153475,276477
17546,0.0,2,-2636.1631820153475,276479
17547,-1.25,13,-2637.4131820153475,276492
17548,0.0,5,-2637.4131820153475,276497
17549,-4.333333333333333,7,-2641.746515348681,276504
17550,-1.0,13,-2642.746515348681,276517
17551,0.666666666666667,13,-2642.0798486820145,276530
17552,1.0,14,-2641.0798486820145,276544
17553,-0.8,27,-2641.8798486820147,276571
17554,-11.875,42,-2653.7548486820147,276613
17555,-2.65,33,-2656.4048486820147,276646
17556,-2.0,5,-2658.4048486820147,276651
17557,-2.5,19,-2660.9048486820147,276670
17558,-1.0,8,-2661.9048486820147,276678
17559,2.0,11,-2659.9048486820147,276689
17560,3.0,28,-2656.9048486820147,276717
17561,-0.5,18,-2657.4048486820147,276735
17562,5.5,9,-2651.9048486820147,276744
17563,2.0,22,-2649.9048486820147,276766
17564,2.2,15,-2647.704848682015,276781
17565,-7.15,24,-2654.854848682015,276805
17566,0.9777777777777779,35,-2653.8770709042374,276840
17567,-10.05,22,-2663.9270709042376,276862
17568,-2.0,7,-2665.9270709042376,276869
17569,6.0588235294117645,15,-2659.868247374826,276884
17570,-1.25,17,-2661.118247374826,276901
17571,9.649999999999999,21,-2651.4682473748258,276922
17572,-4.0,8,-2655.4682473748258,276930
17573,-4.571428571428571,17,-2660.039675946254,276947
17574,-5.333333333333333,14,-2665.3730092795877,276961
17575,-2.571428571428571,12,-2667.944437851016,276973
17576,-7.0,12,-2674.944437851016,276985
17577,0.0,2,-2674.944437851016,276987
17578,0.0,1,-2674.944437851016,276988
17579,0.0,1,-2674.944437851016,276989
17580,-6.0,29,-2680.944437851016,277018
17581,-2.7,26,-2683.644437851016,277044
17582,0.0,6,-2683.644437851016,277050
17583,1.0,11,-2682.644437851016,277061
17584,1.0,10,-2681.644437851016,277071
17585,1.0,9,-2680.644437851016,277080
17586,2.2,16,-2678.444437851016,277096
17587,0.0,1,-2678.444437851016,277097
17588,0.0,1,-2678.444437851016,277098
17589,0.0,1,-2678.444437851016,277099
17590,2.2666666666666666,24,-2676.1777711843492,277123
17591,-1.0,19,-2677.1777711843492,277142
17592,-1.5,19,-2678.6777711843492,277161
17593,-7.666666666666667,37,-2686.3444378510158,277198
17594,-1.666666666666667,28,-2688.0111045176823,277226
17595,-2.0,23,-2690.0111045176823,277249
17596,5.261904761904763,39,-2684.7491997557777,277288
17597,-2.0,19,-2686.7491997557777,277307
17598,6.166666666666666,17,-2680.582533089111,277324
17599,6.0,25,-2674.582533089111,277349
17600,1.5,16,-2673.082533089111,277365
17601,-5.55,46,-2678.6325330891113,277411
17602,0.0,9,-2678.6325330891113,277420
17603,-3.4,18,-2682.0325330891114,277438
17604,-2.0,5,-2684.0325330891114,277443
17605,-2.0,10,-2686.0325330891114,277453
17606,-4.166666666666667,30,-2690.199199755778,277483
17607,-2.238095238095238,34,-2692.4372949938734,277517
17608,-1.8333333333333333,45,-2694.270628327207,277562
17609,-3.333333333333333,23,-2697.6039616605403,277585
17610,0.5454545454545454,17,-2697.058507115086,277602
17611,2.0,34,-2695.058507115086,277636
17612,-0.5,11,-2695.558507115086,277647
17613,0.2,13,-2695.358507115086,277660
17614,-2.25,30,-2697.608507115086,277690
17615,3.5,16,-2694.108507115086,277706
17616,-11.75,26,-2705.858507115086,277732
17617,2.078571428571429,44,-2703.7799356865144,277776
17618,-5.033333333333333,42,-2708.8132690198477,277818
17619,3.0,7,-2705.8132690198477,277825
17620,-0.75,16,-2706.5632690198477,277841
17621,0.6,12,-2705.9632690198478,277853
17622,-3.197619047619048,18,-2709.1608880674667,277871
17623,-3.590909090909091,41,-2712.7517971583757,277912
17624,-4.0,12,-2716.7517971583757,277924
17625,7.055555555555555,31,-2709.69624160282,277955
17626,-0.3999999999999999,33,-2710.09624160282,277988
17627,-3.0,27,-2713.09624160282,278015
17628,-5.0,9,-2718.09624160282,278024
17629,1.0,14,-2717.09624160282,278038
17630,4.0588235294117645,39,-2713.0374180734084,278077
17631,4.0,12,-2709.0374180734084,278089
17632,0.5,24,-2708.5374180734084,278113
17633,6.0,36,-2702.5374180734084,278149
17634,13.333333333333332,47,-2689.204084740075,278196
17635,9.0,46,-2680.204084740075,278242
17636,6.083333333333334,24,-2674.1207514067414,278266
17637,3.5999999999999996,42,-2670.5207514067415,278308
17638,1.0,10,-2669.5207514067415,278318
17639,4.333333333333333,21,-2665.187418073408,278339
17640,6.0,21,-2659.187418073408,278360
17641,0.6666666666666667,34,-2658.5207514067415,278394
17642,2.0,44,-2656.5207514067415,278438
17643,0.6000000000000001,31,-2655.9207514067416,278469
17644,-3.0,30,-2658.9207514067416,278499
17645,-2.0238095238095237,31,-2660.9445609305512,278530
17646,-0.5,32,-2661.4445609305512,278562
17647,-27.857142857142858,49,-2689.301703787694,278611
17648,4.0,25,-2685.301703787694,278636
17649,-5.0,23,-2690.301703787694,278659
17650,-2.1666666666666665,16,-2692.4683704543604,278675
17651,1.0,13,-2691.4683704543604,278688
17652,-11.2,64,-2702.6683704543602,278752
17653,-2.7777777777777777,31,-2705.446148232138,278783
17654,-2.0,19,-2707.446148232138,278802
17655,-0.3999999999999999,26,-2707.846148232138,278828
17656,6.5,18,-2701.346148232138,278846
17657,0.75,10,-2700.596148232138,278856
17658,2.0,15,-2698.596148232138,278871
17659,-3.0,6,-2701.596148232138,278877
17660,-2.833333333333333,8,-2704.4294815654716,278885
17661,-2.8,17,-2707.229481565472,278902
17662,-0.5,8,-2707.729481565472,278910
17663,-4.583333333333333,10,-2712.3128148988053,278920
17664,-0.5,7,-2712.8128148988053,278927
17665,0.0,9,-2712.8128148988053,278936
17666,6.0,30,-2706.8128148988053,278966
17667,0.3222222222222224,24,-2706.490592676583,278990
17668,-6.333333333333334,12,-2712.8239260099167,279002
17669,-2.0,4,-2714.8239260099167,279006
17670,2.0,6,-2712.8239260099167,279012
17671,4.5,17,-2708.3239260099167,279029
17672,4.0,19,-2704.3239260099167,279048
17673,1.6666666666666667,25,-2702.65725934325,279073
17674,2.0,2,-2700.65725934325,279075
17675,1.0,8,-2699.65725934325,279083
17676,0.0,2,-2699.65725934325,279085
17677,5.0,20,-2694.65725934325,279105
17678,0,0,-2694.65725934325,279105
17679,0,0,-2694.65725934325,279105
17680,2.5,20,-2692.15725934325,279125
17681,6.666666666666666,26,-2685.4905926765837,279151
17682,1.0,3,-2684.4905926765837,279154
17683,0.5625,16,-2683.9280926765837,279170
17684,0.0,1,-2683.9280926765837,279171
17685,3.0,7,-2680.9280926765837,279178
17686,-0.5,21,-2681.4280926765837,279199
17687,0.0,5,-2681.4280926765837,279204
17688,2.0,7,-2679.4280926765837,279211
17689,0,0,-2679.4280926765837,279211
17690,0,0,-2679.4280926765837,279211
17691,0,0,-2679.4280926765837,279211
17692,-2.666666666666667,27,-2682.09475934325,279238
17693,-5.166666666666666,25,-2687.2614260099167,279263
17694,4.7333333333333325,12,-2682.5280926765836,279275
17695,6.666666666666666,13,-2675.861426009917,279288
17696,-5.5,9,-2681.361426009917,279297
17697,-4.5,5,-2685.861426009917,279302
17698,-1.333333333333334,19,-2687.1947593432506,279321
17699,-4.0,18,-2691.1947593432506,279339
17700,1.0,4,-2690.1947593432506,279343
17701,0.0,6,-2690.1947593432506,279349
17702,1.333333333333333,23,-2688.861426009917,279372
17703,-5.333333333333334,21,-2694.1947593432506,279393
17704,-15.0,27,-2709.1947593432506,279420
17705,0.0,17,-2709.1947593432506,279437
17706,4.0,22,-2705.1947593432506,279459
17707,-2.666666666666667,23,-2707.861426009917,279482
17708,-4.0,8,-2711.861426009917,279490
17709,-7.833333333333334,34,-2719.6947593432506,279524
17710,1.0,3,-2718.6947593432506,279527
17711,2.0,3,-2716.6947593432506,279530
17712,0.0,3,-2716.6947593432506,279533
17713,-3.0000000000000004,12,-2719.6947593432506,279545
17714,3.0,2,-2716.6947593432506,279547
17715,-5.666666666666667,3,-2722.361426009917,279550
17716,-20.166666666666668,32,-2742.5280926765836,279582
17717,0.0,8,-2742.5280926765836,279590
17718,0.6666666666666665,4,-2741.861426009917,279594
17719,-1.0,3,-2742.861426009917,279597
17720,-1.5,11,-2744.361426009917,279608
17721,0.75,13,-2743.611426009917,279621
17722,-5.666666666666667,16,-2749.2780926765836,279637
17723,-7.4,16,-2756.6780926765837,279653
17724,-3.0,12,-2759.6780926765837,279665
17725,-23.166666666666664,66,-2782.84475934325,279731
17726,-4.0,8,-2786.84475934325,279739
17727,-5.4,15,-2792.2447593432503,279754
17728,-1.0,7,-2793.2447593432503,279761
17729,2.0,4,-2791.2447593432503,279765
17730,-4.0,7,-2795.2447593432503,279772
17731,-2.9069264069264067,34,-2798.1516857501765,279806
17732,-16.333333333333336,35,-2814.48501908351,279841
17733,0.0,6,-2814.48501908351,279847
17734,-4.666666666666667,14,-2819.1516857501765,279861
17735,0.3333333333333333,5,-2818.818352416843,279866
17736,-1.75,19,-2820.568352416843,279885
17737,5.0,24,-2815.568352416843,279909
17738,2.5,8,-2813.068352416843,279917
17739,6.0,6,-2807.068352416843,279923
17740,-1.0,21,-2808.068352416843,279944
17741,0.0,9,-2808.068352416843,279953
17742,0.0,5,-2808.068352416843,279958
17743,-2.75,21,-2810.818352416843,279979
17744,-1.0,6,-2811.818352416843,279985
17745,-9.666666666666668,16,-2821.4850190835095,280001
17746,-3.0,11,-2824.4850190835095,280012
17747,-5.111111111111111,8,-2829.596130194621,280020
17748,-8.0,29,-2837.596130194621,280049
17749,2.25,20,-2835.346130194621,280069
17750,2.5,15,-2832.846130194621,280084
17751,-2.2857142857142856,9,-2835.131844480335,280093
17752,-3.4375,22,-2838.569344480335,280115
17753,1.25,30,-2837.319344480335,280145
17754,1.0,4,-2836.319344480335,280149
17755,4.0,16,-2832.319344480335,280165
17756,1.833333333333334,20,-2830.4860111470016,280185
17757,4.0,30,-2826.4860111470016,280215
17758,-0.3333333333333333,4,-2826.819344480335,280219
17759,-0.5,38,-2827.319344480335,280257
17760,-13.833333333333334,53,-2841.1526778136686,280310
17761,-2.083333333333333,31,-2843.236011147002,280341
17762,1.0,13,-2842.236011147002,280354
17763,2.0,8,-2840.236011147002,280362
17764,2.0,3,-2838.236011147002,280365
17765,-1.0,5,-2839.236011147002,280370
17766,-6.666666666666667,12,-2845.9026778136686,280382
17767,-3.125,25,-2849.0276778136686,280407
17768,0,0,-2849.0276778136686,280407
17769,0,0,-2849.0276778136686,280407
17770,0,0,-2849.0276778136686,280407
17771,-1.0,22,-2850.0276778136686,280429
17772,0.0,5,-2850.0276778136686,280434
17773,-4.0,3,-2854.0276778136686,280437
17774,-8.666666666666668,13,-2862.694344480335,280450
17775,-1.0,18,-2863.694344480335,280468
17776,1.0,21,-2862.694344480335,280489
17777,2.0,8,-2860.694344480335,280497
17778,0.0,3,-2860.694344480335,280500
17779,-5.8,6,-2866.4943444803353,280506
17780,1.0,11,-2865.4943444803353,280517
17781,2.0,4,-2863.4943444803353,280521
17782,-4.666666666666667,7,-2868.161011147002,280528
17783,-4.25,12,-2872.411011147002,280540
17784,-1.0,6,-2873.411011147002,280546
17785,-3.0,12,-2876.411011147002,280558
17786,0.0,16,-2876.411011147002,280574
17787,-6.666666666666668,34,-2883.0776778136683,280608
17788,-5.666666666666667,19,-2888.744344480335,280627
17789,5.833333333333334,22,-2882.9110111470013,280649
17790,2.6666666666666665,3,-2880.244344480335,280652
17791,-6.666666666666667,2,-2886.9110111470013,280654
17792,-3.0,17,-2889.9110111470013,280671
17793,2.0,3,-2887.9110111470013,280674
17794,-3.0,21,-2890.9110111470013,280695
17795,-7.666666666666667,11,-2898.577677813668,280706
17796,1.0,13,-2897.577677813668,280719
17797,-2.25,16,-2899.827677813668,280735
17798,0,0,-2899.827677813668,280735
17799,0,0,-2899.827677813668,280735
17800,0,0,-2899.827677813668,280735
17801,2.0,28,-2897.827677813668,280763
17802,-1.4,20,-2899.227677813668,280783
17803,1.0,15,-2898.227677813668,280798
17804,0.5,11,-2897.727677813668,280809
17805,-4.666666666666667,20,-2902.3943444803344,280829
17806,-1.5,5,-2903.8943444803344,280834
17807,-5.0,13,-2908.8943444803344,280847
17808,-14.566666666666666,31,-2923.461011147001,280878
17809,2.0,7,-2921.461011147001,280885
17810,0.0,2,-2921.461011147001,280887
17811,4.5,14,-2916.961011147001,280901
17812,-1.9,10,-2918.861011147001,280911
17813,2.0,8,-2916.861011147001,280919
17814,6.0,6,-2910.861011147001,280925
17815,-1.0,7,-2911.861011147001,280932
17816,0.0,8,-2911.861011147001,280940
17817,8.0,26,-2903.861011147001,280966
17818,-2.0,18,-2905.861011147001,280984
17819,3.0,11,-2902.861011147001,280995
17820,6.5,24,-2896.361011147001,281019
17821,3.8636363636363633,18,-2892.4973747833646,281037
17822,2.0,14,-2890.4973747833646,281051
17823,6.0,40,-2884.4973747833646,281091
17824,-1.7999999999999998,33,-2886.297374783365,281124
17825,2.0,15,-2884.297374783365,281139
17826,9.0,24,-2875.297374783365,281163
17827,16.0,26,-2859.297374783365,281189
17828,3.142857142857143,10,-2856.1545176405075,281199
17829,-3.0,16,-2859.1545176405075,281215
17830,1.0,15,-2858.1545176405075,281230
17831,0.0,2,-2858.1545176405075,281232
17832,0.0,3,-2858.1545176405075,281235
17833,-2.0,11,-2860.1545176405075,281246
17834,0.0,10,-2860.1545176405075,281256
17835,-1.666666666666667,7,-2861.821184307174,281263
17836,-9.416666666666668,23,-2871.2378509738405,281286
17837,2.0,17,-2869.2378509738405,281303
17838,0.5757575757575757,20,-2868.662093398083,281323
17839,2.75,37,-2865.912093398083,281360
17840,-1.3333333333333333,23,-2867.2454267314165,281383
17841,-7.444444444444445,30,-2874.689871175861,281413
17842,1.0,17,-2873.689871175861,281430
17843,-1.4666666666666668,34,-2875.1565378425275,281464
17844,-5.666666666666667,18,-2880.823204509194,281482
17845,-11.0,50,-2891.823204509194,281532
17846,0.0,34,-2891.823204509194,281566
17847,-1.6666666666666667,9,-2893.4898711758606,281575
17848,-1.0909090909090908,27,-2894.5807802667696,281602
17849,-5.666666666666667,24,-2900.247446933436,281626
17850,3.2,22,-2897.0474469334363,281648
17851,-0.7745098039215688,37,-2897.821956737358,281685
17852,1.3333333333333335,11,-2896.4886234040246,281696
17853,-3.9999999999999996,21,-2900.4886234040246,281717
17854,-8.0,16,-2908.4886234040246,281733
17855,-1.0,21,-2909.4886234040246,281754
17856,-0.3999999999999999,18,-2909.8886234040247,281772
17857,-0.8999999999999999,20,-2910.7886234040247,281792
17858,2.3333333333333335,21,-2908.4552900706913,281813
17859,4.916666666666666,30,-2903.5386234040247,281843
17860,4.0,11,-2899.5386234040247,281854
17861,-15.0,22,-2914.5386234040247,281876
17862,10.88888888888889,14,-2903.649734515136,281890
17863,-2.0,4,-2905.649734515136,281894
17864,1.2,26,-2904.4497345151362,281920
17865,5.0,37,-2899.4497345151362,281957
17866,2.2,34,-2897.2497345151364,281991
17867,5.333333333333334,44,-2891.916401181803,282035
17868,3.333333333333333,32,-2888.5830678484695,282067
17869,10.0,25,-2878.5830678484695,282092
17870,3.25,10,-2875.3330678484695,282102
17871,-5.666666666666667,25,-2880.999734515136,282127
17872,-2.5,14,-2883.499734515136,282141
17873,-0.5,35,-2883.999734515136,282176
17874,-1.0,4,-2884.999734515136,282180
17875,-3.4,5,-2888.399734515136,282185
17876,0.20000000000000018,32,-2888.1997345151362,282217
17877,-4.0,15,-2892.1997345151362,282232
17878,-4.0,5,-2896.1997345151362,282237
17879,2.6,23,-2893.5997345151363,282260
17880,1.7000000000000002,21,-2891.8997345151365,282281
17881,-2.0745098039215684,19,-2893.974244319058,282300
17882,0.0,12,-2893.974244319058,282312
17883,0.0,4,-2893.974244319058,282316
17884,0.3333333333333333,5,-2893.6409109857245,282321
17885,-10.466666666666667,47,-2904.1075776523912,282368
17886,3.0,18,-2901.1075776523912,282386
17887,-4.25,12,-2905.3575776523912,282398
17888,5.2,9,-2900.1575776523914,282407
17889,1.5,12,-2898.6575776523914,282419
17890,-0.5,23,-2899.1575776523914,282442
17891,0.0,7,-2899.1575776523914,282449
17892,-2.071428571428571,32,-2901.22900622382,282481
17893,-0.5714285714285714,10,-2901.8004347952483,282491
17894,3.0,9,-2898.8004347952483,282500
17895,0.0,7,-2898.8004347952483,282507
17896,-0.1111111111111111,15,-2898.9115459063596,282522
17897,1.0,4,-2897.9115459063596,282526
17898,-4.0,7,-2901.9115459063596,282533
17899,-0.4,10,-2902.3115459063597,282543
17900,-3.0,6,-2905.3115459063597,282549
17901,-4.816666666666666,29,-2910.1282125730263,282578
17902,1.6,5,-2908.5282125730264,282583
17903,3.0,8,-2905.5282125730264,282591
17904,3.0,9,-2902.5282125730264,282600
17905,1.0,7,-2901.5282125730264,282607
17906,2.0,11,-2899.5282125730264,282618
17907,-0.3999999999999999,7,-2899.9282125730265,282625
17908,1.0,14,-2898.9282125730265,282639
17909,0.0,3,-2898.9282125730265,282642
17910,0.0,6,-2898.9282125730265,282648
17911,2.0,3,-2896.9282125730265,282651
17912,-5.0,16,-2901.9282125730265,282667
17913,-5.083333333333333,14,-2907.01154590636,282681
17914,-5.5,24,-2912.51154590636,282705
17915,-1.1666666666666667,19,-2913.6782125730265,282724
17916,-4.0,17,-2917.6782125730265,282741
17917,-0.3999999999999999,12,-2918.0782125730266,282753
17918,4.5,7,-2913.5782125730266,282760
17919,0.0,8,-2913.5782125730266,282768
17920,0.0,3,-2913.5782125730266,282771
17921,-3.5,36,-2917.0782125730266,282807
17922,4.5,10,-2912.5782125730266,282817
17923,-4.25,12,-2916.8282125730266,282829
17924,-1.0,13,-2917.8282125730266,282842
17925,0.0,2,-2917.8282125730266,282844
17926,2.0,32,-2915.8282125730266,282876
17927,-1.0,10,-2916.8282125730266,282886
17928,1.0,18,-2915.8282125730266,282904
17929,1.7000000000000002,11,-2914.1282125730268,282915
17930,-5.0,8,-2919.1282125730268,282923
17931,0.8888888888888888,18,-2918.239323684138,282941
17932,1.6,6,-2916.639323684138,282947
17933,-1.0,29,-2917.639323684138,282976
17934,-2.0,15,-2919.639323684138,282991
17935,4.5,35,-2915.139323684138,283026
17936,1.0,8,-2914.139323684138,283034
17937,4.0,4,-2910.139323684138,283038
17938,-0.6153846153846154,7,-2910.754708299523,283045
17939,0.0,6,-2910.754708299523,283051
17940,-1.4761904761904763,12,-2912.2308987757133,283063
17941,-7.8735930735930735,51,-2920.104491849306,283114
17942,4.0,15,-2916.104491849306,283129
17943,0.0,12,-2916.104491849306,283141
17944,0.0,2,-2916.104491849306,283143
17945,2.0,5,-2914.104491849306,283148
17946,-0.8,18,-2914.9044918493064,283166
17947,2.6,13,-2912.3044918493065,283179
17948,2.0,12,-2910.3044918493065,283191
17949,-1.8571428571428572,12,-2912.161634706449,283203
17950,3.0,47,-2909.161634706449,283250
17951,10.0,36,-2899.161634706449,283286
17952,6.2,26,-2892.9616347064493,283312
17953,-2.0,17,-2894.9616347064493,283329
17954,-2.4,23,-2897.3616347064494,283352
17955,-2.0,5,-2899.3616347064494,283357
17956,-4.20952380952381,5,-2903.5711585159734,283362
17957,1.0,11,-2902.5711585159734,283373
17958,4.0,8,-2898.5711585159734,283381
17959,-1.0,14,-2899.5711585159734,283395
17960,0.0,2,-2899.5711585159734,283397
17961,0.0,1,-2899.5711585159734,283398
17962,-9.333333333333332,10,-2908.904491849307,283408
17963,-3.0,20,-2911.904491849307,283428
17964,-1.833333333333334,69,-2913.7378251826403,283497
17965,-6.583333333333333,15,-2920.321158515974,283512
17966,2.0,10,-2918.321158515974,283522
17967,5.483333333333333,56,-2912.8378251826407,283578
17968,-2.25,2,-2915.0878251826407,283580
17969,-9.0,11,-2924.0878251826407,283591
17970,1.8888888888888888,23,-2922.198936293752,283614
17971,0.6704545454545454,23,-2921.5284817482975,283637
17972,2.2222222222222228,17,-2919.3062595260753,283654
17973,-8.5,33,-2927.8062595260753,283687
17974,0.3333333333333333,12,-2927.472926192742,283699
17975,3.0,17,-2924.472926192742,283716
17976,-2.5,18,-2926.972926192742,283734
17977,-2.0,8,-2928.972926192742,283742
17978,-6.0,11,-2934.972926192742,283753
17979,2.0,7,-2932.972926192742,283760
17980,-1.0,13,-2933.972926192742,283773
17981,-5.0,15,-2938.972926192742,283788
17982,-3.0,5,-2941.972926192742,283793
17983,4.333333333333333,39,-2937.6395928594084,283832
17984,-0.5,21,-2938.1395928594084,283853
17985,-0.5,4,-2938.6395928594084,283857
17986,-5.857142857142858,17,-2944.496735716551,283874
17987,2.0,10,-2942.496735716551,283884
17988,-8.19047619047619,24,-2950.687211907027,283908
17989,-2.0,10,-2952.687211907027,283918
17990,1.0,11,-2951.687211907027,283929
17991,-2.25,11,-2953.937211907027,283940
17992,5.0,13,-2948.937211907027,283953
17993,2.5,23,-2946.437211907027,283976
17994,-2.166666666666666,45,-2948.6038785736937,284021
17995,0.0,3,-2948.6038785736937,284024
17996,3.0,6,-2945.6038785736937,284030
17997,0.0,9,-2945.6038785736937,284039
17998,5.0,7,-2940.6038785736937,284046
17999,-1.8214285714285714,21,-2942.425307145122,284067
18000,-5.0,25,-2947.425307145122,284092
18001,2.0,1,-2945.425307145122,284093
18002,-4.0,6,-2949.425307145122,284099
18003,0.0,2,-2949.425307145122,284101
18004,2.0,9,-2947.425307145122,284110
18005,2.0,4,-2945.425307145122,284114
18006,-3.0,4,-2948.425307145122,284118
18007,1.0,5,-2947.425307145122,284123
18008,-1.0,4,-2948.425307145122,284127
18009,-6.333333333333333,27,-2954.7586404784556,284154
18010,0.0,4,-2954.7586404784556,284158
18011,2.0,3,-2952.7586404784556,284161
18012,2.0,3,-2950.7586404784556,284164
18013,-6.0,14,-2956.7586404784556,284178
18014,-3.0,5,-2959.7586404784556,284183
18015,8.833333333333334,30,-2950.925307145122,284213
18016,-3.0,7,-2953.925307145122,284220
18017,2.5,20,-2951.425307145122,284240
18018,2.0,7,-2949.425307145122,284247
18019,4.333333333333334,13,-2945.0919738117886,284260
18020,-1.1944444444444446,41,-2946.286418256233,284301
18021,-5.0,12,-2951.286418256233,284313
18022,-0.5,3,-2951.786418256233,284316
18023,1.0,7,-2950.786418256233,284323
18024,-2.0,17,-2952.786418256233,284340
18025,0.75,28,-2952.036418256233,284368
18026,-3.25,15,-2955.286418256233,284383
18027,4.0,32,-2951.286418256233,284415
18028,3.8619047619047624,30,-2947.424513494328,284445
18029,6.5,16,-2940.924513494328,284461
18030,-1.0,16,-2941.924513494328,284477
18031,-1.5,22,-2943.424513494328,284499
18032,-2.0,5,-2945.424513494328,284504
18033,-2.0,4,-2947.424513494328,284508
18034,-2.25,15,-2949.674513494328,284523
18035,-3.0,15,-2952.674513494328,284538
18036,-0.5,9,-2953.174513494328,284547
18037,0.0,9,-2953.174513494328,284556
18038,-0.5,4,-2953.674513494328,284560
18039,1.0,8,-2952.674513494328,284568
18040,-0.5,6,-2953.174513494328,284574
18041,2.5,24,-2950.674513494328,284598
18042,-7.75,24,-2958.424513494328,284622
18043,-3.666666666666667,23,-2962.0911801609946,284645
18044,0.5,28,-2961.5911801609946,284673
18045,8.6,25,-2952.9911801609946,284698
18046,0.22222222222222232,19,-2952.7689579387725,284717
18047,0.0,2,-2952.7689579387725,284719
18048,5.0,9,-2947.7689579387725,284728
18049,2.8333333333333335,29,-2944.935624605439,284757
18050,3.5,15,-2941.435624605439,284772
18051,2.4,27,-2939.035624605439,284799
18052,2.2666666666666657,29,-2936.768957938772,284828
18053,2.142857142857143,10,-2934.6261007959147,284838
18054,0.0,1,-2934.6261007959147,284839
18055,1.9666666666666666,13,-2932.659434129248,284852
18056,3.2,6,-2929.459434129248,284858
18057,-6.044444444444444,16,-2935.5038785736924,284874
18058,1.0,9,-2934.5038785736924,284883
18059,-3.45,13,-2937.9538785736922,284896
18060,-3.1666666666666665,8,-2941.1205452403588,284904
18061,1.2000000000000002,12,-2939.920545240359,284916
18062,-4.0,16,-2943.920545240359,284932
18063,-7.35,25,-2951.270545240359,284957
18064,-4.857142857142858,26,-2956.1276880975015,284983
18065,3.0,22,-2953.1276880975015,285005
18066,4.0,12,-2949.1276880975015,285017
18067,4.0,19,-2945.1276880975015,285036
18068,-1.0,9,-2946.1276880975015,285045
18069,-2.0,10,-2948.1276880975015,285055
18070,3.0,9,-2945.1276880975015,285064
18071,2.6,4,-2942.5276880975016,285068
18072,2.0,8,-2940.5276880975016,285076
18073,0.0,8,-2940.5276880975016,285084
18074,-1.5,14,-2942.0276880975016,285098
18075,3.6666666666666665,7,-2938.361021430835,285105
18076,-12.365384615384615,17,-2950.72640604622,285122
18077,4.5,18,-2946.22640604622,285140
18078,-1.0,4,-2947.22640604622,285144
18079,-1.0,4,-2948.22640604622,285148
18080,-0.04999999999999982,8,-2948.27640604622,285156
18081,0.0,3,-2948.27640604622,285159
18082,-0.5,37,-2948.77640604622,285196
18083,-0.43939393939393967,39,-2949.215799985614,285235
18084,3.2,15,-2946.015799985614,285250
18085,-1.0,10,-2947.015799985614,285260
18086,-5.533333333333333,42,-2952.5491333189475,285302
18087,6.0,34,-2946.5491333189475,285336
18088,-6.5,22,-2953.0491333189475,285358
18089,-0.5,39,-2953.5491333189475,285397
18090,0.0,15,-2953.5491333189475,285412
18091,7.25,26,-2946.2991333189475,285438
18092,-0.1071428571428572,20,-2946.40627617609,285458
18093,-9.469696969696969,44,-2955.875973145787,285502
18094,1.0,15,-2954.875973145787,285517
18095,1.3333333333333335,22,-2953.5426398124537,285539
18096,-4.083333333333334,34,-2957.625973145787,285573
18097,0.33333333333333304,26,-2957.2926398124537,285599
18098,2.9000000000000004,23,-2954.3926398124536,285622
18099,1.0,14,-2953.3926398124536,285636
18100,9.666666666666668,22,-2943.725973145787,285658
18101,1.8000000000000003,33,-2941.925973145787,285691
18102,-1.3333333333333333,6,-2943.2593064791204,285697
18103,-3.0,8,-2946.2593064791204,285705
18104,1.8333333333333333,16,-2944.425973145787,285721
18105,-4.666666666666666,28,-2949.0926398124534,285749
18106,0.41666666666666674,25,-2948.675973145787,285774
18107,1.0,19,-2947.675973145787,285793
18108,-2.5,20,-2950.175973145787,285813
18109,-10.933333333333332,20,-2961.1093064791203,285833
18110,-5.0,17,-2966.1093064791203,285850
18111,-3.25,36,-2969.3593064791203,285886
18112,-3.0,30,-2972.3593064791203,285916
18113,-4.0,20,-2976.3593064791203,285936
18114,0.0,10,-2976.3593064791203,285946
18115,-0.6666666666666667,8,-2977.025973145787,285954
18116,-1.8,20,-2978.825973145787,285974
18117,-2.5,25,-2981.325973145787,285999
18118,-9.916666666666666,26,-2991.2426398124535,286025
18119,-2.0,16,-2993.2426398124535,286041
18120,-7.4,26,-3000.6426398124536,286067
18121,-1.3333333333333333,12,-3001.975973145787,286079
18122,2.5,23,-2999.475973145787,286102
18123,-1.6666666666666667,20,-3001.1426398124536,286122
18124,7.0,22,-2994.1426398124536,286144
18125,-2.6666666666666665,30,-2996.80930647912,286174
18126,0.0,5,-2996.80930647912,286179
18127,-0.6666666666666667,5,-2997.4759731457866,286184
18128,-0.833333333333333,32,-2998.30930647912,286216
18129,-0.33333333333333326,10,-2998.6426398124536,286226
18130,0.0,15,-2998.6426398124536,286241
18131,-5.333333333333334,21,-3003.975973145787,286262
18132,3.5,17,-3000.475973145787,286279
18133,3.0,5,-2997.475973145787,286284
18134,-3.0,14,-3000.475973145787,286298
18135,-1.0,5,-3001.475973145787,286303
18136,-14.731652661064427,48,-3016.2076258068514,286351
18137,-2.0,5,-3018.2076258068514,286356
18138,3.7,26,-3014.5076258068516,286382
18139,-6.0,7,-3020.5076258068516,286389
18140,-3.0,17,-3023.5076258068516,286406
18141,3.2,20,-3020.307625806852,286426
18142,-2.0,5,-3022.307625806852,286431
18143,0.5,7,-3021.807625806852,286438
18144,8.5,24,-3013.307625806852,286462
18145,-3.5,16,-3016.807625806852,286478
18146,0.0,3,-3016.807625806852,286481
18147,-11.0,34,-3027.807625806852,286515
18148,5.0,2,-3022.807625806852,286517
18149,0.0,5,-3022.807625806852,286522
18150,0.42222222222222294,20,-3022.3854035846293,286542
18151,7.0,7,-3015.3854035846293,286549
18152,-3.25,13,-3018.6354035846293,286562
18153,-2.0,11,-3020.6354035846293,286573
18154,0.3333333333333333,5,-3020.302070251296,286578
18155,0.0,11,-3020.302070251296,286589
18156,4.0,9,-3016.302070251296,286598
18157,7.75,17,-3008.552070251296,286615
18158,3.0,10,-3005.552070251296,286625
18159,3.0,13,-3002.552070251296,286638
18160,6.888888888888889,21,-2995.663181362407,286659
18161,0.7000000000000002,15,-2994.9631813624073,286674
18162,0.0,10,-2994.9631813624073,286684
18163,0.0,2,-2994.9631813624073,286686
18164,-1.1304347826086956,4,-2996.093616145016,286690
18165,-1.25,12,-2997.343616145016,286702
18166,0.0,6,-2997.343616145016,286708
18167,-5.0,34,-3002.343616145016,286742
18168,0.0,4,-3002.343616145016,286746
18169,4.5,6,-2997.843616145016,286752
18170,1.0,12,-2996.843616145016,286764
18171,-10.6,19,-3007.4436161450158,286783
18172,-2.0999999999999996,33,-3009.5436161450157,286816
18173,0.0,9,-3009.5436161450157,286825
18174,0.0,8,-3009.5436161450157,286833
18175,5.0,14,-3004.5436161450157,286847
18176,-1.2999999999999998,47,-3005.843616145016,286894
18177,-3.0,12,-3008.843616145016,286906
18178,-1.5,28,-3010.343616145016,286934
18179,1.0,9,-3009.343616145016,286943
18180,0.5833333333333333,10,-3008.7602828116824,286953
18181,-0.33333333333333326,11,-3009.093616145016,286964
18182,6.0,29,-3003.093616145016,286993
18183,-1.5714285714285714,11,-3004.6650447164443,287004
18184,-2.0,9,-3006.6650447164443,287013
18185,2.0,13,-3004.6650447164443,287026
18186,2.6666666666666665,5,-3001.998378049778,287031
18187,1.0,8,-3000.998378049778,287039
18188,-0.33333333333333337,12,-3001.3317113831113,287051
18189,-1.0,11,-3002.3317113831113,287062
18190,-6.0,11,-3008.3317113831113,287073
18191,4.666666666666667,15,-3003.6650447164448,287088
18192,9.666666666666668,8,-2993.9983780497782,287096
18193,1.0,4,-2992.9983780497782,287100
18194,10.366666666666667,39,-2982.6317113831115,287139
18195,2.2,6,-2980.4317113831116,287145
18196,-7.357142857142858,16,-2987.7888542402543,287161
18197,-10.619047619047619,56,-2998.407901859302,287217
18198,2.5,7,-2995.907901859302,287224
18199,-8.75,45,-3004.657901859302,287269
18200,0.0,6,-3004.657901859302,287275
18201,1.6428571428571428,21,-3003.0150447164447,287296
18202,7.0,22,-2996.0150447164447,287318
18203,-1.6666666666666667,11,-2997.681711383111,287329
18204,-1.4,13,-2999.0817113831113,287342
18205,0.0,11,-2999.0817113831113,287353
18206,1.0,5,-2998.0817113831113,287358
18207,0.0,3,-2998.0817113831113,287361
18208,-3.0,3,-3001.0817113831113,287364
18209,3.0,15,-2998.0817113831113,287379
18210,1.75,11,-2996.3317113831113,287390
18211,2.0,5,-2994.3317113831113,287395
18212,4.0,12,-2990.3317113831113,287407
18213,0.0,17,-2990.3317113831113,287424
18214,4.0,8,-2986.3317113831113,287432
18215,0.0,2,-2986.3317113831113,287434
18216,-2.0,2,-2988.3317113831113,287436
18217,0.0,7,-2988.3317113831113,287443
18218,-3.0,6,-2991.3317113831113,287449
18219,-2.25,18,-2993.5817113831113,287467
18220,-1.0,26,-2994.5817113831113,287493
18221,-0.6666666666666661,12,-2995.248378049778,287505
18222,2.0,15,-2993.248378049778,287520
18223,3.1666666666666665,29,-2990.0817113831113,287549
18224,6.0,31,-2984.0817113831113,287580
18225,0.0,8,-2984.0817113831113,287588
18226,4.533333333333333,9,-2979.548378049778,287597
18227,-0.06666666666666643,14,-2979.6150447164446,287611
18228,-0.46666666666666656,30,-2980.0817113831113,287641
18229,2.0,10,-2978.0817113831113,287651
18230,-3.5,20,-2981.5817113831113,287671
18231,3.5,19,-2978.0817113831113,287690
18232,-6.9411764705882355,13,-2985.0228878536996,287703
18233,-5.75,22,-2990.7728878536996,287725
18234,3.0,15,-2987.7728878536996,287740
18235,5.0,30,-2982.7728878536996,287770
18236,5.892857142857142,21,-2976.880030710842,287791
18237,-3.0,27,-2979.880030710842,287818
18238,-5.0,33,-2984.880030710842,287851
18239,0.08888888888888946,27,-2984.7911418219533,287878
18240,3.0,5,-2981.7911418219533,287883
18241,-16.133333333333333,31,-2997.9244751552865,287914
18242,-0.3333333333333333,9,-2998.25780848862,287923
18243,2.75,29,-2995.50780848862,287952
18244,1.0,10,-2994.50780848862,287962
18245,-1.0,4,-2995.50780848862,287966
18246,-1.6666666666666667,11,-2997.1744751552865,287977
18247,5.642857142857142,9,-2991.531618012429,287986
18248,-5.857142857142858,11,-2997.388760869572,287997
18249,0.0,2,-2997.388760869572,287999
18250,1.2,16,-2996.188760869572,288015
18251,0.0,4,-2996.188760869572,288019
18252,2.0,2,-2994.188760869572,288021
18253,0.2,8,-2993.988760869572,288029
18254,0.0,1,-2993.988760869572,288030
18255,-1.8,10,-2995.7887608695723,288040
18256,0.0,3,-2995.7887608695723,288043
18257,1.0,9,-2994.7887608695723,288052
18258,0.33333333333333326,11,-2994.455427536239,288063
18259,-2.0,11,-2996.455427536239,288074
18260,0.0,5,-2996.455427536239,288079
18261,5.2,6,-2991.255427536239,288085
18262,-1.0,4,-2992.255427536239,288089
18263,-3.0,6,-2995.255427536239,288095
18264,-1.0,2,-2996.255427536239,288097
18265,2.0,6,-2994.255427536239,288103
18266,-0.0714285714285714,16,-2994.3268561076675,288119
18267,2.5,13,-2991.8268561076675,288132
18268,0.0,6,-2991.8268561076675,288138
18269,0.0,2,-2991.8268561076675,288140
18270,0.0,10,-2991.8268561076675,288150
18271,-0.5714285714285714,11,-2992.398284679096,288161
18272,1.0,8,-2991.398284679096,288169
18273,-1.1666666666666667,18,-2992.5649513457624,288187
18274,0.25,17,-2992.3149513457624,288204
18275,-1.0,17,-2993.3149513457624,288221
18276,3.2,10,-2990.1149513457626,288231
18277,4.644444444444444,39,-2985.470506901318,288270
18278,0.0,6,-2985.470506901318,288276
18279,2.5,5,-2982.970506901318,288281
18280,1.0,13,-2981.970506901318,288294
18281,-2.5,26,-2984.470506901318,288320
18282,1.0,23,-2983.470506901318,288343
18283,-4.25,12,-2987.720506901318,288355
18284,0.8666666666666669,19,-2986.853840234651,288374
18285,2.0,3,-2984.853840234651,288377
18286,3.4000000000000004,31,-2981.453840234651,288408
18287,-0.33333333333333326,3,-2981.7871735679846,288411
18288,0.3333333333333333,6,-2981.453840234651,288417
18289,1.1666666666666665,4,-2980.2871735679846,288421
18290,1.0,4,-2979.2871735679846,288425
18291,1.0,16,-2978.2871735679846,288441
18292,0.3333333333333333,3,-2977.953840234651,288444
18293,-3.0,4,-2980.953840234651,288448
18294,-1.8333333333333335,29,-2982.7871735679846,288477
18295,-1.8,8,-2984.587173567985,288485
18296,-2.0,23,-2986.587173567985,288508
18297,-4.0,17,-2990.587173567985,288525
18298,2.0,7,-2988.587173567985,288532
18299,5.2,17,-2983.387173567985,288549
18300,6.8,17,-2976.587173567985,288566
18301,1.1428571428571428,7,-2975.4443164251275,288573
18302,2.2,7,-2973.2443164251276,288580
18303,2.0,8,-2971.2443164251276,288588
18304,1.0,21,-2970.2443164251276,288609
18305,-3.0,9,-2973.2443164251276,288618
18306,2.95,8,-2970.294316425128,288626
18307,-1.0999999999999999,22,-2971.3943164251277,288648
18308,-3.0,22,-2974.3943164251277,288670
18309,3.5999999999999996,32,-2970.794316425128,288702
18310,0.0,9,-2970.794316425128,288711
18311,4.25,14,-2966.544316425128,288725
18312,-1.0,11,-2967.544316425128,288736
18313,-4.0,5,-2971.544316425128,288741
18314,4.5,20,-2967.044316425128,288761
18315,1.5,9,-2965.544316425128,288770
18316,3.5,13,-2962.044316425128,288783
18317,-0.5,5,-2962.544316425128,288788
18318,12.333333333333332,29,-2950.2109830917943,288817
18319,0.0,6,-2950.2109830917943,288823
18320,1.5588235294117647,30,-2948.6521595623826,288853
18321,-0.5,5,-2949.1521595623826,288858
18322,-4.0,22,-2953.1521595623826,288880
18323,1.5,22,-2951.6521595623826,288902
18324,0.0,5,-2951.6521595623826,288907
18325,-1.5714285714285714,1,-2953.223588133811,288908
18326,0.0,1,-2953.223588133811,288909
18327,2.2,8,-2951.0235881338112,288917
18328,-1.0,6,-2952.0235881338112,288923
18329,2.5,8,-2949.5235881338112,288931
18330,4.5,16,-2945.0235881338112,288947
18331,1.5,10,-2943.5235881338112,288957
18332,-0.7999999999999998,23,-2944.3235881338114,288980
18333,-1.0,13,-2945.3235881338114,288993
18334,2.5,30,-2942.8235881338114,289023
18335,-2.2,5,-2945.0235881338112,289028
18336,0.5,7,-2944.5235881338112,289035
18337,-3.0,23,-2947.5235881338112,289058
18338,0.0,1,-2947.5235881338112,289059
18339,-0.5,11,-2948.0235881338112,289070
18340,-0.5,3,-2948.5235881338112,289073
18341,-3.0,4,-2951.5235881338112,289077
18342,0.5,22,-2951.0235881338112,289099
18343,4.0,49,-2947.0235881338112,289148
18344,-1.75,14,-2948.7735881338112,289162
18345,-0.5,1,-2949.2735881338112,289163
18346,2.0,2,-2947.2735881338112,289165
18347,0.0,1,-2947.2735881338112,289166
18348,1.5,17,-2945.7735881338112,289183
18349,5.583333333333333,19,-2940.1902548004778,289202
18350,-1.0,2,-2941.1902548004778,289204
18351,-3.5000000000000004,20,-2944.6902548004778,289224
18352,-1.0,11,-2945.6902548004778,289235
18353,-1.0,1,-2946.6902548004778,289236
18354,-1.0,1,-2947.6902548004778,289237
18355,0.0,5,-2947.6902548004778,289242
18356,-0.5,5,-2948.1902548004778,289247
18357,-1.3333333333333333,5,-2949.5235881338112,289252
18358,1.0,6,-2948.5235881338112,289258
18359,0.0,43,-2948.5235881338112,289301
18360,4.533333333333333,22,-2943.990254800478,289323
18361,3.0,10,-2940.990254800478,289333
18362,5.0,9,-2935.990254800478,289342
18363,4.904761904761905,24,-2931.085492895716,289366
18364,-3.0,17,-2934.085492895716,289383
18365,0.0,9,-2934.085492895716,289392
18366,2.142857142857143,7,-2931.9426357528587,289399
18367,-0.33333333333333326,10,-2932.275969086192,289409
18368,-9.354545454545455,26,-2941.6305145407377,289435
18369,-11.0,17,-2952.6305145407377,289452
18370,0.0,4,-2952.6305145407377,289456
18371,0.0,3,-2952.6305145407377,289459
18372,0.0,9,-2952.6305145407377,289468
18373,7.0,11,-2945.6305145407377,289479
18374,2.333333333333333,8,-2943.2971812074043,289487
18375,1.75,7,-2941.5471812074043,289494
18376,2.5,14,-2939.0471812074043,289508
18377,7.239316239316239,20,-2931.807864968088,289528
18378,1.833333333333333,37,-2929.9745316347544,289565
18379,1.1,17,-2928.8745316347545,289582
18380,16.83888888888889,52,-2912.0356427458655,289634
18381,3.1,35,-2908.9356427458656,289669
18382,5.333333333333333,12,-2903.602309412532,289681
18383,-6.5,15,-2910.102309412532,289696
18384,-3.25,11,-2913.352309412532,289707
18385,3.2,18,-2910.1523094125323,289725
18386,0.0,2,-2910.1523094125323,289727
18387,0.0,2,-2910.1523094125323,289729
18388,-1.25,17,-2911.4023094125323,289746
18389,3.0,8,-2908.4023094125323,289754
18390,4.0,19,-2904.4023094125323,289773
18391,3.0,10,-2901.4023094125323,289783
18392,0.1428571428571428,7,-2901.259452269675,289790
18393,0.0,6,-2901.259452269675,289796
18394,-2.5,10,-2903.759452269675,289806
18395,0.5,4,-2903.259452269675,289810
18396,1.3333333333333335,8,-2901.9261189363415,289818
18397,-1.916666666666667,27,-2903.842785603008,289845
18398,4.555555555555555,9,-2899.2872300474523,289854
18399,-1.0,17,-2900.2872300474523,289871
18400,1.0,7,-2899.2872300474523,289878
18401,0.0,3,-2899.2872300474523,289881
18402,2.0,7,-2897.2872300474523,289888
18403,-14.571428571428571,21,-2911.858658618881,289909
18404,4.0,13,-2907.858658618881,289922
18405,-0.5,42,-2908.358658618881,289964
18406,8.0,26,-2900.358658618881,289990
18407,-0.41666666666666696,56,-2900.7753252855473,290046
18408,0.49999999999999956,53,-2900.2753252855473,290099
18409,-2.0,11,-2902.2753252855473,290110
18410,2.2,6,-2900.0753252855475,290116
18411,0.0,10,-2900.0753252855475,290126
18412,-1.5,13,-2901.5753252855475,290139
18413,2.8666666666666667,13,-2898.7086586188807,290152
18414,-1.0,27,-2899.7086586188807,290179
18415,2.0,4,-2897.7086586188807,290183
18416,-2.0,4,-2899.7086586188807,290187
18417,2.2,6,-2897.508658618881,290193
18418,-0.7999999999999998,31,-2898.308658618881,290224
18419,3.7,13,-2894.6086586188812,290237
18420,0.0,8,-2894.6086586188812,290245
18421,-3.7411764705882353,24,-2898.3498350894693,290269
18422,-1.0,2,-2899.3498350894693,290271
18423,0.36666666666666714,24,-2898.9831684228025,290295
18424,-2.5833333333333335,9,-2901.566501756136,290304
18425,-0.46666666666666695,25,-2902.0331684228026,290329
18426,2.0,16,-2900.0331684228026,290345
18427,1.3333333333333333,16,-2898.699835089469,290361
18428,4.033333333333333,38,-2894.666501756136,290399
18429,0.0,3,-2894.666501756136,290402
18430,0.1428571428571428,8,-2894.5236446132785,290410
18431,-1.0,7,-2895.5236446132785,290417
18432,0.0,13,-2895.5236446132785,290430
18433,2.2,4,-2893.3236446132787,290434
18434,0.9500000000000002,24,-2892.373644613279,290458
18435,2.0,14,-2890.373644613279,290472
18436,-3.0,12,-2893.373644613279,290484
18437,-3.5,3,-2896.873644613279,290487
18438,5.5,14,-2891.373644613279,290501
18439,4.666666666666666,10,-2886.7069779466124,290511
18440,2.0,17,-2884.7069779466124,290528
18441,-5.0,3,-2889.7069779466124,290531
18442,3.0,8,-2886.7069779466124,290539
18443,8.0,20,-2878.7069779466124,290559
18444,2.166666666666667,39,-2876.540311279946,290598
18445,-0.5,8,-2877.040311279946,290606
18446,-0.5,19,-2877.540311279946,290625
18447,0.0,14,-2877.540311279946,290639
18448,1.0,14,-2876.540311279946,290653
18449,0.5,13,-2876.040311279946,290666
18450,-1.0,8,-2877.040311279946,290674
18451,-1.6666666666666667,21,-2878.7069779466124,290695
18452,5.142857142857142,20,-2873.564120803755,290715
18453,5.0,16,-2868.564120803755,290731
18454,-7.083333333333334,36,-2875.6474541370885,290767
18455,7.0,12,-2868.6474541370885,290779
18456,10.25,42,-2858.3974541370885,290821
18457,-0.16666666666666674,15,-2858.564120803755,290836
18458,0.0,5,-2858.564120803755,290841
18459,2.0,4,-2856.564120803755,290845
18460,4.825490196078432,46,-2851.7386306076764,290891
18461,-1.0,29,-2852.7386306076764,290920
18462,4.666666666666667,20,-2848.07196394101,290940
18463,-7.333333333333333,18,-2855.4052972743434,290958
18464,-3.0,14,-2858.4052972743434,290972
18465,-3.5,18,-2861.9052972743434,290990
18466,-1.0,12,-2862.9052972743434,291002
18467,4.7,15,-2858.2052972743436,291017
18468,3.0,14,-2855.2052972743436,291031
18469,3.8333333333333335,19,-2851.37196394101,291050
18470,-6.466666666666667,47,-2857.838630607677,291097
18471,11.833333333333332,17,-2846.0052972743433,291114
18472,-0.5,7,-2846.5052972743433,291121
18473,1.75,21,-2844.7552972743433,291142
18474,0.0,18,-2844.7552972743433,291160
18475,2.5,42,-2842.2552972743433,291202
18476,-3.5,18,-2845.7552972743433,291220
18477,5.0,15,-2840.7552972743433,291235
18478,6.0,11,-2834.7552972743433,291246
18479,-8.5,27,-2843.2552972743433,291273
18480,-2.0,18,-2845.2552972743433,291291
18481,0.0,2,-2845.2552972743433,291293
18482,-2.821428571428571,9,-2848.0767258457718,291302
18483,0.0,5,-2848.0767258457718,291307
18484,3.5,32,-2844.5767258457718,291339
18485,-2.0,9,-2846.5767258457718,291348
18486,-6.95,15,-2853.5267258457716,291363
18487,1.6500000000000004,19,-2851.8767258457715,291382
18488,0.25,11,-2851.6267258457715,291393
18489,-9.95,35,-2861.5767258457713,291428
18490,0.0,2,-2861.5767258457713,291430
18491,0.0,6,-2861.5767258457713,291436
18492,-2.0,17,-2863.5767258457713,291453
18493,0.0,9,-2863.5767258457713,291462
18494,-0.25,9,-2863.8267258457713,291471
18495,-1.0,6,-2864.8267258457713,291477
18496,6.533333333333333,39,-2858.293392512438,291516
18497,10.11111111111111,48,-2848.1822814013267,291564
18498,3.0,10,-2845.1822814013267,291574
18499,-2.0,2,-2847.1822814013267,291576
18500,4.2,5,-2842.982281401327,291581
18501,-0.5,5,-2843.482281401327,291586
18502,4.2,12,-2839.282281401327,291598
18503,3.0,7,-2836.282281401327,291605
18504,0.0,3,-2836.282281401327,291608
18505,3.0,20,-2833.282281401327,291628
18506,-6.5,29,-2839.782281401327,291657
18507,-12.142857142857142,39,-2851.9251385441844,291696
18508,2.142857142857143,16,-2849.782281401327,291712
18509,6.0,18,-2843.782281401327,291730
18510,-1.5,19,-2845.282281401327,291749
18511,-1.9666666666666668,20,-2847.2489480679938,291769
18512,-1.4666666666666668,6,-2848.7156147346604,291775
18513,-2.0,2,-2850.7156147346604,291777
18514,-1.5499999999999998,20,-2852.2656147346606,291797
18515,0.0,9,-2852.2656147346606,291806
18516,-3.5357142857142856,41,-2855.801329020375,291847
18517,2.333333333333333,14,-2853.4679956870414,291861
18518,1.0,7,-2852.4679956870414,291868
18519,6.111111111111111,38,-2846.35688457593,291906
18520,4.0,6,-2842.35688457593,291912
18521,-0.5,8,-2842.85688457593,291920
18522,0.20000000000000018,6,-2842.6568845759302,291926
18523,5.333333333333334,2,-2837.3235512425967,291928
18524,0.25,10,-2837.0735512425967,291938
18525,-1.0,9,-2838.0735512425967,291947
18526,-1.0,5,-2839.0735512425967,291952
18527,0.0,9,-2839.0735512425967,291961
18528,0.0,13,-2839.0735512425967,291974
18529,0.5,8,-2838.5735512425967,291982
18530,-0.5,19,-2839.0735512425967,292001
18531,-3.333333333333333,31,-2842.4068845759302,292032
18532,1.0,29,-2841.4068845759302,292061
18533,4.5,12,-2836.9068845759302,292073
18534,2.0,7,-2834.9068845759302,292080
18535,14.5,70,-2820.4068845759302,292150
18536,-2.3,21,-2822.7068845759304,292171
18537,-0.04999999999999982,28,-2822.7568845759306,292199
18538,11.0,17,-2811.7568845759306,292216
18539,-0.5,26,-2812.2568845759306,292242
18540,0.3666666666666669,17,-2811.890217909264,292259
18541,-5.8,40,-2817.690217909264,292299
18542,2.0,24,-2815.690217909264,292323
18543,-5.666666666666666,39,-2821.3568845759305,292362
18544,0.19999999999999996,36,-2821.1568845759307,292398
18545,-3.9000000000000004,31,-2825.056884575931,292429
18546,1.8928571428571428,27,-2823.1640274330734,292456
18547,-2.816666666666667,21,-2825.98069409974,292477
18548,2.2,4,-2823.7806940997402,292481
18549,3.0,15,-2820.7806940997402,292496
18550,1.25,35,-2819.5306940997402,292531
18551,4.5,25,-2815.0306940997402,292556
18552,-1.0,19,-2816.0306940997402,292575
18553,-7.050000000000001,33,-2823.0806940997404,292608
18554,6.5,25,-2816.5806940997404,292633
18555,1.4,12,-2815.1806940997403,292645
18556,-1.0,13,-2816.1806940997403,292658
18557,-8.666666666666666,38,-2824.847360766407,292696
18558,-3.5,23,-2828.347360766407,292719
18559,-5.0,13,-2833.347360766407,292732
18560,-0.6000000000000001,14,-2833.9473607664067,292746
18561,4.0,18,-2829.9473607664067,292764
18562,0.0,13,-2829.9473607664067,292777
18563,2.0,8,-2827.9473607664067,292785
18564,-8.333333333333332,36,-2836.2806940997402,292821
18565,-2.1333333333333333,19,-2838.4140274330734,292840
18566,-2.5,14,-2840.9140274330734,292854
18567,-2.111111111111111,22,-2843.0251385441848,292876
18568,-1.3333333333333335,18,-2844.3584718775182,292894
18569,-2.0,13,-2846.3584718775182,292907
18570,-0.5,9,-2846.8584718775182,292916
18571,6.0,27,-2840.8584718775182,292943
18572,-0.5,10,-2841.3584718775182,292953
18573,-1.4545454545454546,23,-2842.8130173320637,292976
18574,2.4166666666666665,35,-2840.396350665397,293011
18575,1.2,5,-2839.1963506653974,293016
18576,-0.6333333333333333,25,-2839.8296839987306,293041
18577,-2.0,5,-2841.8296839987306,293046
18578,-5.25,8,-2847.0796839987306,293054
18579,-2.0,6,-2849.0796839987306,293060
18580,0.0,18,-2849.0796839987306,293078
18581,0.0,11,-2849.0796839987306,293089
18582,0.0,7,-2849.0796839987306,293096
18583,-5.833333333333334,57,-2854.913017332064,293153
18584,-1.3333333333333335,27,-2856.2463506653976,293180
18585,5.699999999999999,17,-2850.5463506653978,293197
18586,-4.75,21,-2855.2963506653978,293218
18587,1.2000000000000002,24,-2854.096350665398,293242
18588,0.5,16,-2853.596350665398,293258
18589,-3.1,20,-2856.696350665398,293278
18590,2.083333333333333,17,-2854.6130173320644,293295
18591,-1.5,28,-2856.1130173320644,293323
18592,5.166666666666666,16,-2850.946350665398,293339
18593,7.8,43,-2843.1463506653977,293382
18594,8.0,32,-2835.1463506653977,293414
18595,10.5,32,-2824.6463506653977,293446
18596,-1.0,10,-2825.6463506653977,293456
18597,-4.666666666666667,19,-2830.313017332064,293475
18598,1.2,32,-2829.1130173320644,293507
18599,3.928571428571429,19,-2825.184445903493,293526
18600,0.0,10,-2825.184445903493,293536
18601,-3.0,13,-2828.184445903493,293549
18602,5.2,33,-2822.984445903493,293582
18603,4.833333333333334,18,-2818.1511125701595,293600
18604,0.5333333333333337,41,-2817.617779236826,293641
18605,2.0,8,-2815.617779236826,293649
18606,-13.0,32,-2828.617779236826,293681
18607,-6.954545454545455,38,-2835.5723246913717,293719
18608,8.0,34,-2827.5723246913717,293753
18609,-2.321428571428571,18,-2829.8937532628,293771
18610,-0.6666666666666667,50,-2830.5604199294667,293821
18611,-2.6666666666666665,23,-2833.227086596133,293844
18612,2.0,30,-2831.227086596133,293874
18613,-4.5,31,-2835.727086596133,293905
18614,5.444444444444445,17,-2830.282642151689,293922
18615,6.0,28,-2824.282642151689,293950
18616,-4.0,10,-2828.282642151689,293960
18617,-4.0,11,-2832.282642151689,293971
18618,-1.0,22,-2833.282642151689,293993
18619,3.3333333333333335,12,-2829.9493088183553,294005
18620,-6.25,28,-2836.1993088183553,294033
18621,-1.333333333333333,33,-2837.532642151689,294066
18622,4.5,82,-2833.032642151689,294148
18623,-5.5,37,-2838.532642151689,294185
18624,-7.5,18,-2846.032642151689,294203
18625,1.75,9,-2844.282642151689,294212
18626,0.0,3,-2844.282642151689,294215
18627,0.0,7,-2844.282642151689,294222
18628,-1.0,26,-2845.282642151689,294248
18629,-3.0,26,-2848.282642151689,294274
18630,-0.5,19,-2848.782642151689,294293
18631,-4.0,21,-2852.782642151689,294314
18632,-3.25,12,-2856.032642151689,294326
18633,0.7000000000000002,25,-2855.332642151689,294351
18634,-2.0,3,-2857.332642151689,294354
18635,-2.047619047619048,48,-2859.3802611993083,294402
18636,0.0,13,-2859.3802611993083,294415
18637,-8.0,30,-2867.3802611993083,294445
18638,6.0,37,-2861.3802611993083,294482
18639,-2.1428571428571423,51,-2863.5231183421656,294533
18640,0.0,27,-2863.5231183421656,294560
18641,-0.3333333333333335,34,-2863.856451675499,294594
18642,1.0,13,-2862.856451675499,294607
18643,-4.142857142857143,24,-2866.9993088183564,294631
18644,1.75,27,-2865.2493088183564,294658
18645,-5.0,8,-2870.2493088183564,294666
18646,-2.0,3,-2872.2493088183564,294669
18647,0.33333333333333326,5,-2871.915975485023,294674
18648,0.0,16,-2871.915975485023,294690
18649,-1.0,5,-2872.915975485023,294695
18650,-1.1666666666666667,32,-2874.0826421516895,294727
18651,-5.25,28,-2879.3326421516895,294755
18652,8.666666666666666,30,-2870.665975485023,294785
18653,-1.5,18,-2872.165975485023,294803
18654,-7.0,15,-2879.165975485023,294818
18655,-1.0,19,-2880.165975485023,294837
18656,-1.6666666666666665,18,-2881.8326421516895,294855
18657,1.0,12,-2880.8326421516895,294867
18658,3.0,24,-2877.8326421516895,294891
18659,2.0,17,-2875.8326421516895,294908
18660,-1.1666666666666665,21,-2876.999308818356,294929
18661,-9.833333333333334,32,-2886.8326421516895,294961
18662,-3.787878787878787,20,-2890.6205209395685,294981
18663,3.3333333333333335,22,-2887.287187606235,295003
18664,2.8333333333333335,8,-2884.4538542729015,295011
18665,0.0,27,-2884.4538542729015,295038
18666,-1.4000000000000004,23,-2885.8538542729016,295061
18667,5.0,9,-2880.8538542729016,295070
18668,4.666666666666667,21,-2876.187187606235,295091
18669,-0.6666666666666661,24,-2876.8538542729016,295115
18670,-4.0,20,-2880.8538542729016,295135
18671,-2.3333333333333335,8,-2883.187187606235,295143
18672,2.0,9,-2881.187187606235,295152
18673,-4.0,5,-2885.187187606235,295157
18674,-3.0,7,-2888.187187606235,295164
18675,0.0,17,-2888.187187606235,295181
18676,5.0,2,-2883.187187606235,295183
18677,0.0,3,-2883.187187606235,295186
18678,1.666666666666667,21,-2881.5205209395685,295207
18679,7.666666666666667,41,-2873.853854272902,295248
18680,0.0,13,-2873.853854272902,295261
18681,-0.3333333333333335,17,-2874.1871876062355,295278
18682,-11.121212121212121,30,-2885.3083997274475,295308
18683,-2.25,34,-2887.5583997274475,295342
18684,0.33333333333333304,27,-2887.225066394114,295369
18685,3.375,14,-2883.850066394114,295383
18686,-1.2571428571428571,39,-2885.107209251257,295422
18687,1.0,23,-2884.107209251257,295445
18688,0.0,1,-2884.107209251257,295446
18689,0.0,5,-2884.107209251257,295451
18690,3.0,5,-2881.107209251257,295456
18691,6.5,14,-2874.607209251257,295470
18692,0.0,8,-2874.607209251257,295478
18693,-1.0,15,-2875.607209251257,295493
18694,-3.0,27,-2878.607209251257,295520
18695,-1.0,16,-2879.607209251257,295536
18696,3.7,44,-2875.907209251257,295580
18697,2.0,12,-2873.907209251257,295592
18698,2.5,23,-2871.407209251257,295615
18699,-4.0,37,-2875.407209251257,295652
18700,0.0,1,-2875.407209251257,295653
18701,-0.6666666666666666,11,-2876.0738759179235,295664
18702,-0.06666666666666643,20,-2876.14054258459,295684
18703,-2.333333333333333,30,-2878.4738759179236,295714
18704,-1.0,5,-2879.4738759179236,295719
18705,-7.5,35,-2886.9738759179236,295754
18706,3.5,32,-2883.4738759179236,295786
18707,2.0,31,-2881.4738759179236,295817
18708,-2.5,33,-2883.9738759179236,295850
18709,1.0,7,-2882.9738759179236,295857
18710,0,0,-2882.9738759179236,295857
18711,0,0,-2882.9738759179236,295857
18712,0.0,2,-2882.9738759179236,295859
18713,0,0,-2882.9738759179236,295859
18714,0,0,-2882.9738759179236,295859
18715,-3.0,6,-2885.9738759179236,295865
18716,1.0,28,-2884.9738759179236,295893
18717,6.6,23,-2878.3738759179237,295916
18718,3.0,25,-2875.3738759179237,295941
18719,3.0,13,-2872.3738759179237,295954
18720,3.666666666666667,22,-2868.707209251257,295976
18721,-9.0,16,-2877.707209251257,295992
18722,-5.5,16,-2883.207209251257,296008
18723,2.666666666666667,23,-2880.5405425845906,296031
18724,-6.0,23,-2886.5405425845906,296054
18725,2.25,39,-2884.2905425845906,296093
18726,-1.0,6,-2885.2905425845906,296099
18727,-3.333333333333333,26,-2888.623875917924,296125
18728,2.2,20,-2886.4238759179243,296145
18729,-1.5,7,-2887.9238759179243,296152
18730,-4.133333333333333,19,-2892.0572092512575,296171
18731,3.0,30,-2889.0572092512575,296201
18732,-7.833333333333333,22,-2896.890542584591,296223
18733,-2.0,8,-2898.890542584591,296231
18734,3.0,13,-2895.890542584591,296244
18735,-0.10000000000000009,23,-2895.990542584591,296267
18736,2.0,11,-2893.990542584591,296278
18737,-1.0,7,-2894.990542584591,296285
18738,-1.0,14,-2895.990542584591,296299
18739,7.0,22,-2888.990542584591,296321
18740,1.166666666666667,28,-2887.8238759179244,296349
18741,2.0,19,-2885.8238759179244,296368
18742,2.0,3,-2883.8238759179244,296371
18743,1.0,11,-2882.8238759179244,296382
18744,3.5,13,-2879.3238759179244,296395
18745,5.5,14,-2873.8238759179244,296409
18746,-0.3333333333333335,15,-2874.157209251258,296424
18747,1.0,6,-2873.157209251258,296430
18748,3.0,17,-2870.157209251258,296447
18749,-2.25,9,-2872.407209251258,296456
18750,0.0,25,-2872.407209251258,296481
18751,0.14285714285714285,26,-2872.2643521084005,296507
18752,4.5,26,-2867.7643521084005,296533
18753,1.0,26,-2866.7643521084005,296559
18754,-1.4,30,-2868.1643521084006,296589
18755,1.0,15,-2867.1643521084006,296604
18756,-2.857142857142857,14,-2870.0214949655433,296618
18757,-0.4411764705882353,7,-2870.4626714361316,296625
18758,0.0,18,-2870.4626714361316,296643
18759,-2.2333333333333334,9,-2872.6960047694647,296652
18760,-4.866666666666667,24,-2877.5626714361315,296676
18761,-1.4,9,-2878.9626714361316,296685
18762,-5.333333333333333,20,-2884.296004769465,296705
18763,-14.5,28,-2898.796004769465,296733
18764,-0.5,10,-2899.296004769465,296743
18765,2.0,10,-2897.296004769465,296753
18766,-2.0,12,-2899.296004769465,296765
18767,2.5,15,-2896.796004769465,296780
18768,4.166666666666666,16,-2892.6293381027986,296796
18769,-2.8333333333333335,13,-2895.462671436132,296809
18770,-2.666666666666667,10,-2898.1293381027986,296819
18771,-4.333333333333333,12,-2902.462671436132,296831
18772,-3.0,23,-2905.462671436132,296854
18773,1.0,25,-2904.462671436132,296879
18774,0.9500000000000002,11,-2903.512671436132,296890
18775,0.0,25,-2903.512671436132,296915
18776,5.0,11,-2898.512671436132,296926
18777,3.0,19,-2895.512671436132,296945
18778,2.0,9,-2893.512671436132,296954
18779,-0.25,7,-2893.762671436132,296961
18780,-4.0,30,-2897.762671436132,296991
18781,-3.6333333333333333,20,-2901.3960047694654,297011
18782,5.0,17,-2896.3960047694654,297028
18783,0.0,5,-2896.3960047694654,297033
18784,-1.0,15,-2897.3960047694654,297048
18785,0.0,18,-2897.3960047694654,297066
18786,0,0,-2897.3960047694654,297066
18787,0,0,-2897.3960047694654,297066
18788,0,0,-2897.3960047694654,297066
18789,-0.75,20,-2898.1460047694654,297086
18790,-4.0,16,-2902.1460047694654,297102
18791,2.583333333333333,40,-2899.562671436132,297142
18792,0,0,-2899.562671436132,297142
18793,0,0,-2899.562671436132,297142
18794,2.0,14,-2897.562671436132,297156
18795,2.0,17,-2895.562671436132,297173
18796,2.7454545454545456,25,-2892.8172168906776,297198
18797,3.0,14,-2889.8172168906776,297212
18798,-2.666666666666667,13,-2892.483883557344,297225
18799,-10.333333333333332,21,-2902.8172168906776,297246
18800,0.0,8,-2902.8172168906776,297254
18801,-5.166666666666666,15,-2907.983883557344,297269
18802,1.3333333333333333,4,-2906.6505502240107,297273
18803,2.5,6,-2904.1505502240107,297279
18804,1.6,21,-2902.5505502240107,297300
18805,3.2,28,-2899.350550224011,297328
18806,4.666666666666666,5,-2894.6838835573444,297333
18807,2.8,30,-2891.8838835573442,297363
18808,1.5555555555555556,17,-2890.3283280017886,297380
18809,5.0,37,-2885.3283280017886,297417
18810,1.0,5,-2884.3283280017886,297422
18811,0.5555555555555558,42,-2883.772772446233,297464
18812,-1.0,6,-2884.772772446233,297470
18813,-4.0,9,-2888.772772446233,297479
18814,0.3333333333333333,6,-2888.4394391128994,297485
18815,-1.5714285714285714,7,-2890.010867684328,297492
18816,4.2,9,-2885.810867684328,297501
18817,0.0,3,-2885.810867684328,297504
18818,0.0,3,-2885.810867684328,297507
18819,-0.6666666666666665,20,-2886.4775343509946,297527
18820,-2.3333333333333335,22,-2888.810867684328,297549
18821,-0.5,9,-2889.310867684328,297558
18822,0.0,3,-2889.310867684328,297561
18823,1.0,12,-2888.310867684328,297573
18824,-3.75,21,-2892.060867684328,297594
18825,0,0,-2892.060867684328,297594
18826,0,0,-2892.060867684328,297594
18827,0,0,-2892.060867684328,297594
18828,0.0,6,-2892.060867684328,297600
18829,-0.11111111111111116,13,-2892.1719787954394,297613
18830,1.0,4,-2891.1719787954394,297617
18831,3.5,19,-2887.6719787954394,297636
18832,0.0,5,-2887.6719787954394,297641
18833,0,0,-2887.6719787954394,297641
18834,0,0,-2887.6719787954394,297641
18835,4.2,11,-2883.4719787954396,297652
18836,0,0,-2883.4719787954396,297652
18837,0,0,-2883.4719787954396,297652
18838,0,0,-2883.4719787954396,297652
18839,2.6666666666666665,12,-2880.805312128773,297664
18840,4.65,21,-2876.155312128773,297685
18841,0,0,-2876.155312128773,297685
18842,0,0,-2876.155312128773,297685
18843,0,0,-2876.155312128773,297685
18844,-0.2333333333333334,23,-2876.388645462106,297708
18845,-3.0,11,-2879.388645462106,297719
18846,0.16666666666666663,11,-2879.2219787954396,297730
18847,0.41666666666666663,11,-2878.805312128773,297741
18848,10.666666666666666,22,-2868.1386454621065,297763
18849,-0.33333333333333337,10,-2868.47197879544,297773
18850,-3.6666666666666665,14,-2872.1386454621065,297787
18851,-0.7999999999999998,5,-2872.9386454621067,297792
18852,1.0,4,-2871.9386454621067,297796
18853,0.0,3,-2871.9386454621067,297799
18854,-2.0,4,-2873.9386454621067,297803
18855,2.75,14,-2871.1886454621067,297817
18856,13.5,12,-2857.6886454621067,297829
18857,3.0,13,-2854.6886454621067,297842
18858,-4.25,24,-2858.9386454621067,297866
18859,1.0,12,-2857.9386454621067,297878
18860,-5.666666666666666,8,-2863.605312128773,297886
18861,-1.0,8,-2864.605312128773,297894
18862,0.33333333333333326,15,-2864.2719787954397,297909
18863,-1.0,5,-2865.2719787954397,297914
18864,-8.316666666666666,33,-2873.5886454621063,297947
18865,1.0,3,-2872.5886454621063,297950
18866,-4.0,4,-2876.5886454621063,297954
18867,1.0,4,-2875.5886454621063,297958
18868,-2.0,10,-2877.5886454621063,297968
18869,-3.0,8,-2880.5886454621063,297976
18870,-5.6,21,-2886.1886454621063,297997
18871,2.0,30,-2884.1886454621063,298027
18872,-2.0,7,-2886.1886454621063,298034
18873,0.0,12,-2886.1886454621063,298046
18874,3.0,7,-2883.1886454621063,298053
18875,-1.3333333333333333,17,-2884.5219787954397,298070
18876,1.3333333333333333,12,-2883.1886454621063,298082
18877,0.0,6,-2883.1886454621063,298088
18878,7.0,12,-2876.1886454621063,298100
18879,3.333333333333334,31,-2872.8553121287728,298131
18880,-9.775974025974026,34,-2882.6312861547467,298165
18881,1.6666666666666667,16,-2880.96461948808,298181
18882,4.0,31,-2876.96461948808,298212
18883,-4.0,30,-2880.96461948808,298242
18884,-2.5,23,-2883.46461948808,298265
18885,-7.115384615384615,18,-2890.580004103465,298283
18886,-3.5,13,-2894.080004103465,298296
18887,0.0,10,-2894.080004103465,298306
18888,-1.0,4,-2895.080004103465,298310
18889,3.333333333333334,13,-2891.7466707701315,298323
18890,2.9166666666666665,41,-2888.830004103465,298364
18891,1.1666666666666665,13,-2887.6633374367984,298377
18892,0,0,-2887.6633374367984,298377
18893,0,0,-2887.6633374367984,298377
18894,0,0,-2887.6633374367984,298377
18895,2.0,8,-2885.6633374367984,298385
18896,5.0,11,-2880.6633374367984,298396
18897,-1.0,15,-2881.6633374367984,298411
18898,5.866666666666667,29,-2875.7966707701316,298440
18899,2.0,7,-2873.7966707701316,298447
18900,0.0,1,-2873.7966707701316,298448
18901,0.0,3,-2873.7966707701316,298451
18902,4.5,11,-2869.2966707701316,298462
18903,-3.333333333333333,19,-2872.630004103465,298481
18904,-3.0,20,-2875.630004103465,298501
18905,-9.771428571428572,24,-2885.401432674894,298525
18906,2.75,6,-2882.651432674894,298531
18907,2.75,6,-2879.901432674894,298537
18908,4.0,7,-2875.901432674894,298544
18909,1.0,1,-2874.901432674894,298545
18910,0.0,26,-2874.901432674894,298571
18911,0.0,1,-2874.901432674894,298572
18912,-2.0,6,-2876.901432674894,298578
18913,0.0,1,-2876.901432674894,298579
18914,-2.05,19,-2878.951432674894,298598
18915,1.0,8,-2877.951432674894,298606
18916,-1.0,9,-2878.951432674894,298615
18917,-0.19999999999999996,15,-2879.151432674894,298630
18918,1.0,12,-2878.151432674894,298642
18919,2.166666666666667,11,-2875.9847660082273,298653
18920,4.0,23,-2871.9847660082273,298676
18921,-1.0,16,-2872.9847660082273,298692
18922,-1.0,25,-2873.9847660082273,298717
18923,-1.0,6,-2874.9847660082273,298723
18924,0.0,16,-2874.9847660082273,298739
18925,5.5,21,-2869.4847660082273,298760
18926,1.0,11,-2868.4847660082273,298771
18927,1.0,9,-2867.4847660082273,298780
18928,5.0,17,-2862.4847660082273,298797
18929,6.5,15,-2855.9847660082273,298812
18930,2.0,8,-2853.9847660082273,298820
18931,-3.2,21,-2857.184766008227,298841
18932,3.3333333333333335,9,-2853.8514326748937,298850
18933,-4.4,18,-2858.2514326748937,298868
18934,6.2,9,-2852.051432674894,298877
18935,4.333333333333334,13,-2847.7180993415604,298890
18936,5.5,17,-2842.2180993415604,298907
18937,-2.0,25,-2844.2180993415604,298932
18938,-2.0,26,-2846.2180993415604,298958
18939,-1.0,8,-2847.2180993415604,298966
18940,-2.0,8,-2849.2180993415604,298974
18941,0.0,4,-2849.2180993415604,298978
18942,1.6666666666666665,10,-2847.551432674894,298988
18943,0.20000000000000018,8,-2847.351432674894,298996
18944,3.0,8,-2844.351432674894,299004
18945,4.761904761904763,19,-2839.5895279129895,299023
18946,3.1,23,-2836.4895279129896,299046
18947,-2.25,5,-2838.7395279129896,299051
18948,1.1666666666666665,7,-2837.572861246323,299058
18949,0.75,6,-2836.822861246323,299064
18950,-0.3571428571428572,27,-2837.1800041034658,299091
18951,-1.25,29,-2838.4300041034658,299120
18952,1.2000000000000002,10,-2837.230004103466,299130
18953,1.0,9,-2836.230004103466,299139
18954,0.0,2,-2836.230004103466,299141
18955,0.0,9,-2836.230004103466,299150
18956,1.0,7,-2835.230004103466,299157
18957,0.0,1,-2835.230004103466,299158
18958,-2.5,9,-2837.730004103466,299167
18959,8.0,20,-2829.730004103466,299187
18960,-3.0,3,-2832.730004103466,299190
18961,0.20000000000000018,23,-2832.530004103466,299213
18962,0.75,7,-2831.780004103466,299220
18963,2.75,12,-2829.030004103466,299232
18964,4.0,14,-2825.030004103466,299246
18965,7.5,15,-2817.530004103466,299261
18966,3.428571428571429,9,-2814.1014326748946,299270
18967,0.0,6,-2814.1014326748946,299276
18968,6.045454545454545,13,-2808.05597812944,299289
18969,0.0,23,-2808.05597812944,299312
18970,4.666666666666667,31,-2803.3893114627735,299343
18971,-4.0,26,-2807.3893114627735,299369
18972,0.33333333333333326,12,-2807.05597812944,299381
18973,5.5,21,-2801.55597812944,299402
18974,-2.25,18,-2803.80597812944,299420
18975,4.083333333333333,23,-2799.7226447961066,299443
18976,0.0,4,-2799.7226447961066,299447
18977,-2.0,8,-2801.7226447961066,299455
18978,-8.666666666666666,35,-2810.389311462773,299490
18979,4.0,11,-2806.389311462773,299501
18980,-0.5,3,-2806.889311462773,299504
18981,0.5,18,-2806.389311462773,299522
18982,4.7,11,-2801.6893114627733,299533
18983,-0.4285714285714286,22,-2802.117882891345,299555
18984,2.2,5,-2799.917882891345,299560
18985,-1.0,5,-2800.917882891345,299565
18986,0.0,7,-2800.917882891345,299572
18987,-3.0,20,-2803.917882891345,299592
18988,-0.25,11,-2804.167882891345,299603
18989,5.388888888888889,16,-2798.7789940024563,299619
18990,-0.25,7,-2799.0289940024563,299626
18991,-2.5,18,-2801.5289940024563,299644
18992,-1.5,22,-2803.0289940024563,299666
18993,0.9500000000000002,16,-2802.0789940024565,299682
18994,0.5,16,-2801.5789940024565,299698
18995,0.0,9,-2801.5789940024565,299707
18996,-2.111111111111111,12,-2803.690105113568,299719
18997,5.0,17,-2798.690105113568,299736
18998,-2.4,27,-2801.090105113568,299763
18999,-5.583333333333333,34,-2806.6734384469014,299797
19000,0.3333333333333333,4,-2806.340105113568,299801
19001,0.0,8,-2806.340105113568,299809
19002,-2.0,2,-2808.340105113568,299811
19003,-3.4545454545454546,9,-2811.7946505681134,299820
19004,0.3333333333333333,5,-2811.46131723478,299825
19005,-7.0,18,-2818.46131723478,299843
19006,2.0,4,-2816.46131723478,299847
19007,4.0,10,-2812.46131723478,299857
19008,-0.13333333333333286,28,-2812.594650568113,299885
19009,1.6666666666666667,25,-2810.9279839014466,299910
19010,-2.333333333333333,28,-2813.26131723478,299938
19011,-1.0,4,-2814.26131723478,299942
19012,-2.0,6,-2816.26131723478,299948
19013,5.5,20,-2810.76131723478,299968
19014,3.3333333333333335,13,-2807.4279839014466,299981
19015,1.3454545454545446,41,-2806.082529355992,300022
19016,4.2,18,-2801.882529355992,300040
19017,-4.333333333333334,17,-2806.2158626893256,300057
19018,0.3333333333333333,7,-2805.882529355992,300064
19019,2.0,9,-2803.882529355992,300073
19020,-1.0,17,-2804.882529355992,300090
19021,-2.3333333333333335,17,-2807.2158626893256,300107
19022,0.0,2,-2807.2158626893256,300109
19023,0.0,1,-2807.2158626893256,300110
19024,2.0,2,-2805.2158626893256,300112
19025,0.0,5,-2805.2158626893256,300117
19026,-8.0,25,-2813.2158626893256,300142
19027,-3.5,13,-2816.7158626893256,300155
19028,-1.0,10,-2817.7158626893256,300165
19029,-3.5,36,-2821.2158626893256,300201
19030,0.0,10,-2821.2158626893256,300211
19031,-1.0,13,-2822.2158626893256,300224
19032,3.0,12,-2819.2158626893256,300236
19033,0,0,-2819.2158626893256,300236
19034,0,0,-2819.2158626893256,300236
19035,0,0,-2819.2158626893256,300236
19036,0.3333333333333333,9,-2818.882529355992,300245
19037,3.2,8,-2815.6825293559923,300253
19038,-2.0,7,-2817.6825293559923,300260
19039,0.0,4,-2817.6825293559923,300264
19040,0.0,9,-2817.6825293559923,300273
19041,1.4666666666666668,19,-2816.2158626893256,300292
19042,-2.0,13,-2818.2158626893256,300305
19043,2.5,8,-2815.7158626893256,300313
19044,-5.564285714285714,39,-2821.2801484036113,300352
19045,0.3333333333333333,5,-2820.946815070278,300357
19046,0.0,8,-2820.946815070278,300365
19047,-2.0,10,-2822.946815070278,300375
19048,2.0,11,-2820.946815070278,300386
19049,-0.5,18,-2821.446815070278,300404
19050,2.0,1,-2819.446815070278,300405
19051,-0.33333333333333337,10,-2819.7801484036113,300415
19052,-2.071428571428571,38,-2821.8515769750397,300453
19053,-0.5,10,-2822.3515769750397,300463
19054,2.0,10,-2820.3515769750397,300473
19055,3.7,12,-2816.65157697504,300485
19056,3.166666666666667,16,-2813.4849103083734,300501
19057,1.0,2,-2812.4849103083734,300503
19058,-2.0,15,-2814.4849103083734,300518
19059,-2.0,8,-2816.4849103083734,300526
19060,-0.9166666666666667,24,-2817.40157697504,300550
19061,-4.0,12,-2821.40157697504,300562
19062,0.8666666666666669,6,-2820.534910308373,300568
19063,-9.0,29,-2829.534910308373,300597
19064,-8.8,19,-2838.3349103083733,300616
19065,-3.0,14,-2841.3349103083733,300630
19066,0.43333333333333346,21,-2840.90157697504,300651
19067,-5.0,10,-2845.90157697504,300661
19068,3.5,6,-2842.40157697504,300667
19069,3.6666666666666665,16,-2838.7349103083734,300683
19070,2.0,9,-2836.7349103083734,300692
19071,1.0,9,-2835.7349103083734,300701
19072,3.0,10,-2832.7349103083734,300711
19073,1.0,8,-2831.7349103083734,300719
19074,-2.0,14,-2833.7349103083734,300733
19075,-0.3999999999999999,10,-2834.1349103083735,300743
19076,5.0,5,-2829.1349103083735,300748
19077,4.7,7,-2824.4349103083737,300755
19078,0.0,5,-2824.4349103083737,300760
19079,1.0,3,-2823.4349103083737,300763
19080,1.0,6,-2822.4349103083737,300769
19081,3.666666666666667,18,-2818.768243641707,300787
19082,1.0,17,-2817.768243641707,300804
19083,-2.166666666666666,14,-2819.9349103083737,300818
19084,2.2,11,-2817.734910308374,300829
19085,5.0,9,-2812.734910308374,300838
19086,0.0,10,-2812.734910308374,300848
19087,2.5,14,-2810.234910308374,300862
19088,0.0,5,-2810.234910308374,300867
19089,0.0,8,-2810.234910308374,300875
19090,5.0,24,-2805.234910308374,300899
19091,-2.8,12,-2808.034910308374,300911
19092,-1.9761904761904763,9,-2810.0111007845644,300920
19093,2.5,12,-2807.5111007845644,300932
19094,6.5,5,-2801.0111007845644,300937
19095,6.5,34,-2794.5111007845644,300971
19096,-0.6666666666666667,11,-2795.177767451231,300982
19097,-2.0,12,-2797.177767451231,300994
19098,-0.5833333333333333,14,-2797.7611007845644,301008
19099,3.0,13,-2794.7611007845644,301021
19100,-1.5714285714285714,10,-2796.332529355993,301031
19101,2.3333333333333335,26,-2793.9991960226594,301057
19102,8.666666666666666,16,-2785.332529355993,301073
19103,-5.866666666666666,51,-2791.1991960226596,301124
19104,-2.9999999999999996,20,-2794.1991960226596,301144
19105,-3.3333333333333335,15,-2797.532529355993,301159
19106,-1.5,16,-2799.032529355993,301175
19107,-1.25,5,-2800.282529355993,301180
19108,3.0,2,-2797.282529355993,301182
19109,-1.7999999999999998,18,-2799.0825293559933,301200
19110,-5.666666666666666,10,-2804.74919602266,301210
19111,-1.5,9,-2806.24919602266,301219
19112,-1.166666666666666,12,-2807.4158626893263,301231
19113,-2.0,4,-2809.4158626893263,301235
19114,2.0833333333333335,7,-2807.332529355993,301242
19115,2.0,21,-2805.332529355993,301263
19116,-1.3804347826086956,12,-2806.7129641386014,301275
19117,-2.0,4,-2808.7129641386014,301279
19118,2.2,18,-2806.5129641386015,301297
19119,3.428571428571429,16,-2803.08439271003,301313
19120,3.0,4,-2800.08439271003,301317
19121,0.0,6,-2800.08439271003,301323
19122,-2.0,9,-2802.08439271003,301332
19123,-2.0,21,-2804.08439271003,301353
19124,-2.0,4,-2806.08439271003,301357
19125,-2.0,2,-2808.08439271003,301359
19126,0.0,6,-2808.08439271003,301365
19127,-0.6666666666666667,11,-2808.7510593766965,301376
19128,4.545454545454545,14,-2804.205604831242,301390
19129,0.2,2,-2804.005604831242,301392
19130,2.0,3,-2802.005604831242,301395
19131,-1.0,4,-2803.005604831242,301399
19132,0.0,14,-2803.005604831242,301413
19133,-2.0,10,-2805.005604831242,301423
19134,0.0,9,-2805.005604831242,301432
19135,0.0,4,-2805.005604831242,301436
19136,0.0,8,-2805.005604831242,301444
19137,-3.666666666666667,11,-2808.6722714979087,301455
19138,0.0,10,-2808.6722714979087,301465
19139,4.0,9,-2804.6722714979087,301474
19140,-2.0,5,-2806.6722714979087,301479
19141,-2.0,6,-2808.6722714979087,301485
19142,-0.5,14,-2809.1722714979087,301499
19143,0.0,1,-2809.1722714979087,301500
19144,3.6666666666666665,13,-2805.505604831242,301513
19145,4.0,12,-2801.505604831242,301525
19146,0.0,5,-2801.505604831242,301530
19147,1.0,2,-2800.505604831242,301532
19148,8.2,5,-2792.3056048312424,301537
19149,0.20000000000000018,14,-2792.1056048312425,301551
19150,0.0,5,-2792.1056048312425,301556
19151,-2.0,5,-2794.1056048312425,301561
19152,16.2,24,-2777.9056048312427,301585
19153,2.0,3,-2775.9056048312427,301588
19154,3.0,2,-2772.9056048312427,301590
19155,0.0,4,-2772.9056048312427,301594
19156,-4.333333333333334,8,-2777.238938164576,301602
19157,-1.0,6,-2778.238938164576,301608
19158,1.0,5,-2777.238938164576,301613
19159,2.0,9,-2775.238938164576,301622
19160,6.2,14,-2769.0389381645764,301636
19161,0.0,5,-2769.0389381645764,301641
19162,2.2,6,-2766.8389381645766,301647
19163,-2.0,7,-2768.8389381645766,301654
19164,-3.0,9,-2771.8389381645766,301663
19165,3.0,7,-2768.8389381645766,301670
19166,-0.6666666666666666,8,-2769.505604831243,301678
19167,1.2,9,-2768.3056048312433,301687
19168,2.0,4,-2766.3056048312433,301691
19169,-3.0,14,-2769.3056048312433,301705
19170,-1.5,8,-2770.8056048312433,301713
19171,0.0,24,-2770.8056048312433,301737
19172,3.2,7,-2767.6056048312435,301744
19173,4.166666666666667,16,-2763.438938164577,301760
19174,-2.666666666666667,27,-2766.1056048312435,301787
19175,-2.666666666666667,14,-2768.77227149791,301801
19176,5.0,25,-2763.77227149791,301826
19177,0.9500000000000002,19,-2762.82227149791,301845
19178,-0.40000000000000036,20,-2763.2222714979102,301865
19179,5.0,25,-2758.2222714979102,301890
19180,-1.6666666666666667,7,-2759.8889381645768,301897
19181,-5.622222222222222,37,-2765.511160386799,301934
19182,0.75,12,-2764.761160386799,301946
19183,0.0,12,-2764.761160386799,301958
19184,-2.0,5,-2766.761160386799,301963
19185,-2.0,8,-2768.761160386799,301971
19186,-2.0,6,-2770.761160386799,301977
19187,-10.9,47,-2781.661160386799,302024
19188,2.0,5,-2779.661160386799,302029
19189,-3.4666666666666663,16,-2783.127827053466,302045
19190,0.20000000000000018,12,-2782.927827053466,302057
19191,0,0,-2782.927827053466,302057
19192,0,0,-2782.927827053466,302057
19193,1.0,1,-2781.927827053466,302058
19194,0.0,3,-2781.927827053466,302061
19195,4.0,3,-2777.927827053466,302064
19196,-1.333333333333333,26,-2779.2611603867995,302090
19197,3.3333333333333335,11,-2775.927827053466,302101
19198,-1.0,3,-2776.927827053466,302104
19199,-1.5666666666666667,27,-2778.4944937201326,302131
19200,-1.6666666666666667,3,-2780.161160386799,302134
19201,-1.0,6,-2781.161160386799,302140
19202,2.8333333333333335,8,-2778.3278270534656,302148
19203,1.0,10,-2777.3278270534656,302158
19204,2.0,7,-2775.3278270534656,302165
19205,-2.0,12,-2777.3278270534656,302177
19206,-2.0,5,-2779.3278270534656,302182
19207,3.0,10,-2776.3278270534656,302192
19208,-2.6666666666666665,15,-2778.994493720132,302207
19209,1.0,6,-2777.994493720132,302213
19210,-1.5,10,-2779.494493720132,302223
19211,-2.0,5,-2781.494493720132,302228
19212,-9.833333333333334,24,-2791.3278270534656,302252
19213,1.5,5,-2789.8278270534656,302257
19214,-1.6666666666666667,11,-2791.494493720132,302268
19215,-4.383333333333333,30,-2795.8778270534654,302298
19216,0.0,9,-2795.8778270534654,302307
19217,2.4333333333333336,23,-2793.444493720132,302330
19218,-1.3333333333333333,8,-2794.7778270534654,302338
19219,3.0,10,-2791.7778270534654,302348
19220,0.0,6,-2791.7778270534654,302354
19221,-2.888888888888889,10,-2794.666715942354,302364
19222,-3.0,34,-2797.666715942354,302398
19223,0.0,9,-2797.666715942354,302407
19224,-6.428571428571429,23,-2804.0952873709257,302430
19225,3.0,12,-2801.0952873709257,302442
19226,-2.0,8,-2803.0952873709257,302450
19227,3.0,3,-2800.0952873709257,302453
19228,-1.0,1,-2801.0952873709257,302454
19229,1.625,9,-2799.4702873709257,302463
19230,1.0,6,-2798.4702873709257,302469
19231,0.3333333333333334,22,-2798.136954037592,302491
19232,10.0,32,-2788.136954037592,302523
19233,-1.0,21,-2789.136954037592,302544
19234,4.25,6,-2784.886954037592,302550
19235,-1.0,24,-2785.886954037592,302574
19236,-1.0,24,-2786.886954037592,302598
19237,1.1111111111111112,20,-2785.775842926481,302618
19238,2.333333333333333,15,-2783.4425095931474,302633
19239,6.333333333333334,22,-2777.109176259814,302655
19240,0.0,7,-2777.109176259814,302662
19241,-1.3333333333333333,6,-2778.4425095931474,302668
19242,-2.0,6,-2780.4425095931474,302674
19243,-2.2,6,-2782.642509593147,302680
19244,6.0,11,-2776.642509593147,302691
19245,-1.0,1,-2777.642509593147,302692
19246,-5.809523809523809,18,-2783.452033402671,302710
19247,0.2,5,-2783.2520334026713,302715
19248,0.0,5,-2783.2520334026713,302720
19249,-1.75,23,-2785.0020334026713,302743
19250,-1.5,24,-2786.5020334026713,302767
19251,3.333333333333333,17,-2783.168700069338,302784
19252,0.0,4,-2783.168700069338,302788
19253,-4.0,10,-2787.168700069338,302798
19254,-1.0,1,-2788.168700069338,302799
19255,1.6666666666666667,7,-2786.5020334026713,302806
19256,7.933333333333334,23,-2778.568700069338,302829
19257,2.0,5,-2776.568700069338,302834
19258,2.0,7,-2774.568700069338,302841
19259,-0.5,7,-2775.068700069338,302848
19260,-2.0,11,-2777.068700069338,302859
19261,1.1,15,-2775.968700069338,302874
19262,-1.5,11,-2777.468700069338,302885
19263,-3.0,9,-2780.468700069338,302894
19264,2.6,8,-2777.868700069338,302902
19265,5.333333333333334,13,-2772.5353667360046,302915
19266,3.0,10,-2769.5353667360046,302925
19267,-6.933333333333334,15,-2776.468700069338,302940
19268,0.0,8,-2776.468700069338,302948
19269,5.333333333333333,12,-2771.1353667360045,302960
19270,1.0,17,-2770.1353667360045,302977
19271,3.0,7,-2767.1353667360045,302984
19272,-2.0,8,-2769.1353667360045,302992
19273,2.5454545454545454,8,-2766.58991219055,303000
19274,2.2,24,-2764.38991219055,303024
19275,0.1111111111111111,8,-2764.278801079439,303032
19276,0.0,4,-2764.278801079439,303036
19277,-5.666666666666667,11,-2769.9454677461054,303047
19278,0.0,2,-2769.9454677461054,303049
19279,-6.0,14,-2775.9454677461054,303063
19280,1.1666666666666667,10,-2774.778801079439,303073
19281,-1.0,6,-2775.778801079439,303079
19282,-2.3333333333333335,8,-2778.1121344127723,303087
19283,2.0,3,-2776.1121344127723,303090
19284,3.0,5,-2773.1121344127723,303095
19285,2.0,4,-2771.1121344127723,303099
19286,-2.333333333333333,19,-2773.445467746106,303118
19287,2.5,24,-2770.945467746106,303142
19288,-2.333333333333333,26,-2773.2788010794393,303168
19289,5.666666666666666,19,-2767.612134412773,303187
19290,-1.6666666666666667,17,-2769.2788010794393,303204
19291,2.761904761904762,7,-2766.5168963175347,303211
19292,0.0,5,-2766.5168963175347,303216
19293,7.033333333333333,16,-2759.4835629842014,303232
19294,-1.0,5,-2760.4835629842014,303237
19295,0.5,5,-2759.9835629842014,303242
19296,-1.3333333333333333,4,-2761.316896317535,303246
19297,-1.8333333333333333,13,-2763.1502296508684,303259
19298,-6.833333333333334,15,-2769.983562984202,303274
19299,-0.33333333333333304,32,-2770.3168963175353,303306
19300,-3.0,1,-2773.3168963175353,303307
19301,-3.25,14,-2776.5668963175353,303321
19302,1.75,20,-2774.8168963175353,303341
19303,10.0,19,-2764.8168963175353,303360
19304,-1.0,7,-2765.8168963175353,303367
19305,0.0,10,-2765.8168963175353,303377
19306,-0.1333333333333333,22,-2765.9502296508686,303399
19307,-1.0,11,-2766.9502296508686,303410
19308,5.0,11,-2761.9502296508686,303421
19309,-2.0,2,-2763.9502296508686,303423
19310,3.0,18,-2760.9502296508686,303441
19311,-7.5,31,-2768.4502296508686,303472
19312,0.0,4,-2768.4502296508686,303476
19313,0.0,2,-2768.4502296508686,303478
19314,1.5,10,-2766.9502296508686,303488
19315,0.0,2,-2766.9502296508686,303490
19316,4.166666666666667,9,-2762.783562984202,303499
19317,0.7,26,-2762.083562984202,303525
19318,3.5,11,-2758.583562984202,303536
19319,-0.4,13,-2758.9835629842023,303549
19320,-1.0,9,-2759.9835629842023,303558
19321,-1.5,3,-2761.4835629842023,303561
19322,-1.238095238095238,11,-2762.7216582222977,303572
19323,-1.0,18,-2763.7216582222977,303590
19324,1.0,7,-2762.7216582222977,303597
19325,-3.0,6,-2765.7216582222977,303603
19326,-4.0,8,-2769.7216582222977,303611
19327,-16.023809523809526,24,-2785.7454677461074,303635
19328,-8.2,13,-2793.945467746107,303648
19329,-2.875,21,-2796.820467746107,303669
19330,-0.5,25,-2797.320467746107,303694
19331,0.0,1,-2797.320467746107,303695
19332,0,0,-2797.320467746107,303695
19333,0,0,-2797.320467746107,303695
19334,0.0,4,-2797.320467746107,303699
19335,0,0,-2797.320467746107,303699
19336,0,0,-2797.320467746107,303699
19337,0,0,-2797.320467746107,303699
19338,-1.0,11,-2798.320467746107,303710
19339,0.0,5,-2798.320467746107,303715
19340,0.0,5,-2798.320467746107,303720
19341,0.0,8,-2798.320467746107,303728
19342,-1.0,15,-2799.320467746107,303743
19343,0.0,4,-2799.320467746107,303747
19344,0.0,3,-2799.320467746107,303750
19345,0.0,6,-2799.320467746107,303756
19346,4.25,10,-2795.070467746107,303766
19347,-2.0,3,-2797.070467746107,303769
19348,0.0,8,-2797.070467746107,303777
19349,3.0,6,-2794.070467746107,303783
19350,-4.0,16,-2798.070467746107,303799
19351,-2.0,6,-2800.070467746107,303805
19352,-13.0,26,-2813.070467746107,303831
19353,2.25,10,-2810.820467746107,303841
19354,0.0,9,-2810.820467746107,303850
19355,5.333333333333333,19,-2805.4871344127737,303869
19356,-2.0,3,-2807.4871344127737,303872
19357,-6.292857142857143,65,-2813.7799915556307,303937
19358,-4.75,41,-2818.5299915556307,303978
19359,0.0,4,-2818.5299915556307,303982
19360,0.666666666666667,27,-2817.863324888964,304009
19361,7.766666666666666,27,-2810.0966582222973,304036
19362,2.5,19,-2807.5966582222973,304055
19363,-2.0,6,-2809.5966582222973,304061
19364,0.0,8,-2809.5966582222973,304069
19365,-3.4,6,-2812.9966582222974,304075
19366,-2.0,12,-2814.9966582222974,304087
19367,2.2,16,-2812.7966582222975,304103
19368,-6.6,23,-2819.3966582222974,304126
19369,2.5,30,-2816.8966582222974,304156
19370,0.0,1,-2816.8966582222974,304157
19371,0,0,-2816.8966582222974,304157
19372,0,0,-2816.8966582222974,304157
19373,-2.5,9,-2819.3966582222974,304166
19374,-5.0,5,-2824.3966582222974,304171
19375,0.0,9,-2824.3966582222974,304180
19376,2.0,16,-2822.3966582222974,304196
19377,-1.0,9,-2823.3966582222974,304205
19378,-0.5,4,-2823.8966582222974,304209
19379,-3.0,6,-2826.8966582222974,304215
19380,1.5,18,-2825.3966582222974,304233
19381,4.75,16,-2820.6466582222974,304249
19382,3.0,14,-2817.6466582222974,304263
19383,-2.3,26,-2819.9466582222976,304289
19384,2.5,4,-2817.4466582222976,304293
19385,7.166666666666666,26,-2810.279991555631,304319
19386,0.9166666666666667,22,-2809.3633248889646,304341
19387,-1.6666666666666665,23,-2811.029991555631,304364
19388,-3.333333333333333,35,-2814.3633248889646,304399
19389,-0.23809523809523814,12,-2814.60142012706,304411
19390,0.7619047619047619,32,-2813.8395153651554,304443
19391,-1.6666666666666665,12,-2815.506182031822,304455
19392,-6.633333333333333,20,-2822.139515365155,304475
19393,0.0,1,-2822.139515365155,304476
19394,4.25,8,-2817.889515365155,304484
19395,-2.0,19,-2819.889515365155,304503
19396,0.0,11,-2819.889515365155,304514
19397,2.0,16,-2817.889515365155,304530
19398,-1.777777777777778,25,-2819.667293142933,304555
19399,-1.0,24,-2820.667293142933,304579
19400,-2.0,18,-2822.667293142933,304597
19401,3.0,12,-2819.667293142933,304609
19402,-0.5,7,-2820.167293142933,304616
19403,-3.6666666666666665,34,-2823.8339598095995,304650
19404,-0.25,9,-2824.0839598095995,304659
19405,1.5,15,-2822.5839598095995,304674
19406,-3.8,9,-2826.3839598095997,304683
19407,3.333333333333333,29,-2823.050626476266,304712
19408,7.75,8,-2815.300626476266,304720
19409,0.0,5,-2815.300626476266,304725
19410,0.75,10,-2814.550626476266,304735
19411,0.3333333333333333,11,-2814.2172931429327,304746
19412,-4.666666666666667,16,-2818.883959809599,304762
19413,1.0,6,-2817.883959809599,304768
19414,0,0,-2817.883959809599,304768
19415,0,0,-2817.883959809599,304768
19416,0,0,-2817.883959809599,304768
19417,-1.0,5,-2818.883959809599,304773
19418,-2.0,8,-2820.883959809599,304781
19419,2.291666666666666,13,-2818.5922931429327,304794
19420,1.3333333333333335,26,-2817.258959809599,304820
19421,-4.5,29,-2821.758959809599,304849
19422,1.8088235294117645,31,-2819.9501362801875,304880
19423,-1.7523809523809524,35,-2821.7025172325684,304915
19424,0.0,8,-2821.7025172325684,304923
19425,5.8,43,-2815.9025172325682,304966
19426,-5.5,34,-2821.4025172325682,305000
19427,-5.166666666666667,31,-2826.5691838992348,305031
19428,-1.6380952380952378,27,-2828.20727913733,305058
19429,4.125,34,-2824.08227913733,305092
19430,0.0,24,-2824.08227913733,305116
19431,-4.611111111111111,38,-2828.693390248441,305154
19432,4.222222222222222,25,-2824.471168026219,305179
19433,1.5,17,-2822.971168026219,305196
19434,6.866666666666666,29,-2816.104501359552,305225
19435,2.0,6,-2814.104501359552,305231
19436,-6.9,27,-2821.0045013595523,305258
19437,3.1666666666666665,20,-2817.8378346928857,305278
19438,-1.0,12,-2818.8378346928857,305290
19439,8.5,21,-2810.3378346928857,305311
19440,-3.5,39,-2813.8378346928857,305350
19441,10.0,31,-2803.8378346928857,305381
19442,-2.857142857142857,34,-2806.6949775500284,305415
19443,9.0,29,-2797.6949775500284,305444
19444,0.0,10,-2797.6949775500284,305454
19445,-0.7999999999999998,22,-2798.4949775500286,305476
19446,-2.0,21,-2800.4949775500286,305497
19447,11.0,28,-2789.4949775500286,305525
19448,0.0,10,-2789.4949775500286,305535
19449,0.6428571428571428,33,-2788.8521204071712,305568
19450,-9.5,49,-2798.3521204071712,305617
19451,-1.0,12,-2799.3521204071712,305629
19452,1.5555555555555554,25,-2797.7965648516156,305654
19453,-3.0,19,-2800.7965648516156,305673
19454,4.0,32,-2796.7965648516156,305705
19455,-6.25,28,-2803.0465648516156,305733
19456,2.0555555555555554,17,-2800.99100929606,305750
19457,5.2,9,-2795.79100929606,305759
19458,5.033333333333333,26,-2790.757675962727,305785
19459,-1.0,16,-2791.757675962727,305801
19460,3.0,30,-2788.757675962727,305831
19461,2.083333333333333,50,-2786.6743426293933,305881
19462,-0.5,31,-2787.1743426293933,305912
19463,-2.071428571428571,35,-2789.2457712008218,305947
19464,-5.5,14,-2794.7457712008218,305961
19465,-6.0,24,-2800.7457712008218,305985
19466,0.5,14,-2800.2457712008218,305999
19467,-2.6666666666666665,13,-2802.9124378674883,306012
19468,-1.0,18,-2803.9124378674883,306030
19469,6.0,10,-2797.9124378674883,306040
19470,9.916666666666668,23,-2787.9957712008218,306063
19471,1.0,8,-2786.9957712008218,306071
19472,4.0,18,-2782.9957712008218,306089
19473,-1.3809523809523807,43,-2784.376723581774,306132
19474,13.333333333333332,24,-2771.0433902484406,306156
19475,9.55,37,-2761.4933902484404,306193
19476,1.0,29,-2760.4933902484404,306222
19477,12.05952380952381,28,-2748.4338664389165,306250
19478,10.558823529411764,46,-2737.875042909505,306296
19479,-7.0,30,-2744.875042909505,306326
19480,17.0,34,-2727.875042909505,306360
19481,-5.0,19,-2732.875042909505,306379
19482,12.666666666666668,39,-2720.2083762428383,306418
19483,2.2,36,-2718.0083762428385,306454
19484,0.0,5,-2718.0083762428385,306459
19485,-2.833333333333333,34,-2720.841709576172,306493
19486,8.375,19,-2712.466709576172,306512
19487,1.266666666666667,22,-2711.200042909505,306534
19488,-1.0,16,-2712.200042909505,306550
19489,-8.333333333333334,25,-2720.5333762428386,306575
19490,-2.0,7,-2722.5333762428386,306582
19491,12.0,22,-2710.5333762428386,306604
19492,5.0,16,-2705.5333762428386,306620
19493,1.0,23,-2704.5333762428386,306643
19494,1.5,29,-2703.0333762428386,306672
19495,1.1666666666666665,18,-2701.866709576172,306690
19496,0.8888888888888888,22,-2700.9778206872834,306712
19497,-8.166666666666666,31,-2709.14448735395,306743
19498,3.0,19,-2706.14448735395,306762
19499,-1.4,16,-2707.54448735395,306778
19500,1.3333333333333333,15,-2706.2111540206165,306793
19501,5.0,26,-2701.2111540206165,306819
19502,5.0,46,-2696.2111540206165,306865
19503,-2.9833333333333334,25,-2699.1944873539496,306890
19504,2.5,19,-2696.6944873539496,306909
19505,-1.3823529411764706,35,-2698.076840295126,306944
19506,8.5,44,-2689.576840295126,306988
19507,2.6666666666666665,28,-2686.9101736284597,307016
19508,4.0,33,-2682.9101736284597,307049
19509,-0.5,17,-2683.4101736284597,307066
19510,2.0,24,-2681.4101736284597,307090
19511,-6.4,32,-2687.81017362846,307122
19512,2.666666666666666,28,-2685.1435069617933,307150
19513,-0.6666666666666661,28,-2685.81017362846,307178
19514,-4.0,21,-2689.81017362846,307199
19515,-1.2380952380952381,19,-2691.048268866555,307218
19516,-2.0,20,-2693.048268866555,307238
19517,-2.5,19,-2695.548268866555,307257
19518,-2.5,17,-2698.048268866555,307274
19519,0.5,18,-2697.548268866555,307292
19520,1.4047619047619047,36,-2696.1435069617933,307328
19521,2.166666666666667,24,-2693.9768402951267,307352
19522,0.20000000000000018,23,-2693.776840295127,307375
19523,3.499999999999999,24,-2690.276840295127,307399
19524,1.0,1,-2689.276840295127,307400
19525,-4.0,5,-2693.276840295127,307405
19526,-1.2999999999999998,65,-2694.576840295127,307470
19527,0.3333333333333333,5,-2694.2435069617936,307475
19528,0.0,19,-2694.2435069617936,307494
19529,-2.0,3,-2696.2435069617936,307497
19530,0.0,5,-2696.2435069617936,307502
19531,-3.0,4,-2699.2435069617936,307506
19532,-3.0,4,-2702.2435069617936,307510
19533,0.14285714285714285,11,-2702.1006498189363,307521
19534,-4.5,8,-2706.6006498189363,307529
19535,-3.5,23,-2710.1006498189363,307552
19536,0.0,2,-2710.1006498189363,307554
19537,-2.0,3,-2712.1006498189363,307557
19538,1.0,4,-2711.1006498189363,307561
19539,3.0,30,-2708.1006498189363,307591
19540,-6.5,33,-2714.6006498189363,307624
19541,-6.333333333333333,7,-2720.93398315227,307631
19542,-0.3999999999999999,30,-2721.33398315227,307661
19543,-4.0,11,-2725.33398315227,307672
19544,0.0,6,-2725.33398315227,307678
19545,-3.757142857142857,40,-2729.0911260094126,307718
19546,-0.5,7,-2729.5911260094126,307725
19547,-11.0,25,-2740.5911260094126,307750
19548,-6.5,33,-2747.0911260094126,307783
19549,-2.3333333333333335,15,-2749.424459342746,307798
19550,-4.5,15,-2753.924459342746,307813
19551,4.0,11,-2749.924459342746,307824
19552,-2.9000000000000004,42,-2752.824459342746,307866
19553,8.5,21,-2744.324459342746,307887
19554,-4.0,13,-2748.324459342746,307900
19555,-2.0,26,-2750.324459342746,307926
19556,-0.6666666666666661,67,-2750.9911260094127,307993
19557,-3.9,18,-2754.891126009413,308011
19558,-1.1999999999999997,48,-2756.0911260094126,308059
19559,0.7619047619047619,9,-2755.329221247508,308068
19560,-1.5,27,-2756.829221247508,308095
19561,-5.45,22,-2762.279221247508,308117
19562,0.0,16,-2762.279221247508,308133
19563,5.0,28,-2757.279221247508,308161
19564,4.0,13,-2753.279221247508,308174
19565,-10.4,27,-2763.679221247508,308201
19566,2.0,55,-2761.679221247508,308256
19567,0.5,17,-2761.179221247508,308273
19568,-2.666666666666667,35,-2763.8458879141745,308308
19569,-3.0,31,-2766.8458879141745,308339
19570,3.0,50,-2763.8458879141745,308389
19571,5.0,14,-2758.8458879141745,308403
19572,-5.090909090909091,16,-2763.9367970050835,308419
19573,6.1,31,-2757.8367970050836,308450
19574,-2.833333333333333,44,-2760.670130338417,308494
19575,2.3333333333333335,19,-2758.3367970050836,308513
19576,8.642857142857142,35,-2749.693939862226,308548
19577,4.333333333333333,22,-2745.3606065288927,308570
19578,8.90909090909091,51,-2736.4515156198017,308621
19579,-2.333333333333334,19,-2738.784848953135,308640
19580,8.766666666666666,47,-2730.0181822864683,308687
19581,8.22549019607843,35,-2721.79269209039,308722
19582,3.2,15,-2718.5926920903903,308737
19583,-1.0,12,-2719.5926920903903,308749
19584,7.4,38,-2712.19269209039,308787
19585,8.166666666666666,14,-2704.0260254237237,308801
19586,-1.0,13,-2705.0260254237237,308814
19587,2.5128205128205128,39,-2702.5132049109034,308853
19588,-0.2777777777777777,31,-2702.790982688681,308884
19589,-7.0,17,-2709.790982688681,308901
19590,1.0,18,-2708.790982688681,308919
19591,-1.0,21,-2709.790982688681,308940
19592,0.0,9,-2709.790982688681,308949
19593,-1.0,5,-2710.790982688681,308954
19594,-0.5,5,-2711.290982688681,308959
19595,-1.5,17,-2712.790982688681,308976
19596,4.5,14,-2708.290982688681,308990
19597,-4.3,8,-2712.5909826886814,308998
19598,-10.666666666666666,35,-2723.257649355348,309033
19599,0.75,13,-2722.507649355348,309046
19600,1.5,22,-2721.007649355348,309068
19601,0.0,12,-2721.007649355348,309080
19602,-3.5,11,-2724.507649355348,309091
19603,2.333333333333333,34,-2722.1743160220144,309125
19604,3.0,13,-2719.1743160220144,309138
19605,-1.25,88,-2720.4243160220144,309226
19606,0.0,1,-2720.4243160220144,309227
19607,13.333333333333332,45,-2707.090982688681,309272
19608,0.0,9,-2707.090982688681,309281
19609,-2.0,4,-2709.090982688681,309285
19610,-2.0,3,-2711.090982688681,309288
19611,-2.0,10,-2713.090982688681,309298
19612,-4.0,5,-2717.090982688681,309303
19613,-4.866666666666667,35,-2721.9576493553477,309338
19614,-6.071428571428571,22,-2728.029077926776,309360
19615,-1.0,10,-2729.029077926776,309370
19616,6.0,24,-2723.029077926776,309394
19617,2.0,11,-2721.029077926776,309405
19618,0.0,4,-2721.029077926776,309409
19619,2.0,9,-2719.029077926776,309418
19620,-3.0,13,-2722.029077926776,309431
19621,-3.4,32,-2725.4290779267762,309463
19622,5.2,12,-2720.2290779267764,309475
19623,1.0,10,-2719.2290779267764,309485
19624,-4.0,6,-2723.2290779267764,309491
19625,-1.6666666666666665,9,-2724.895744593443,309500
19626,-5.0,7,-2729.895744593443,309507
19627,1.0,11,-2728.895744593443,309518
19628,-0.8571428571428572,32,-2729.7528874505856,309550
19629,0.0,16,-2729.7528874505856,309566
19630,-0.8571428571428572,21,-2730.6100303077283,309587
19631,-3.666666666666667,22,-2734.276696974395,309609
19632,-1.75,20,-2736.026696974395,309629
19633,1.6,23,-2734.426696974395,309652
19634,0.0,11,-2734.426696974395,309663
19635,3.583333333333334,34,-2730.8433636410614,309697
19636,2.6,20,-2728.2433636410615,309717
19637,3.0,2,-2725.2433636410615,309719
19638,-2.0,8,-2727.2433636410615,309727
19639,-3.888888888888889,41,-2731.13225252995,309768
19640,1.6,13,-2729.5322525299503,309781
19641,3.0,9,-2726.5322525299503,309790
19642,-3.0952380952380953,14,-2729.6274906251883,309804
19643,-1.0,25,-2730.6274906251883,309829
19644,6.5,27,-2724.1274906251883,309856
19645,5.416666666666666,26,-2718.710823958522,309882
19646,-7.65,46,-2726.360823958522,309928
19647,0.0,4,-2726.360823958522,309932
19648,-5.430555555555555,19,-2731.7913795140776,309951
19649,-4.0,11,-2735.7913795140776,309962
19650,-7.0,11,-2742.7913795140776,309973
19651,-4.0,7,-2746.7913795140776,309980
19652,-7.254545454545454,37,-2754.0459249686232,310017
19653,-5.5,19,-2759.5459249686232,310036
19654,-0.3888888888888889,18,-2759.934813857512,310054
19655,-2.5,8,-2762.434813857512,310062
19656,1.9166666666666665,26,-2760.5181471908454,310088
19657,2.333333333333333,18,-2758.184813857512,310106
19658,-7.25,17,-2765.434813857512,310123
19659,-2.0,17,-2767.434813857512,310140
19660,4.559523809523809,26,-2762.875290047988,310166
19661,2.0,4,-2760.875290047988,310170
19662,-6.0,9,-2766.875290047988,310179
19663,-7.75,14,-2774.625290047988,310193
19664,1.1,29,-2773.525290047988,310222
19665,-5.0,36,-2778.525290047988,310258
19666,5.0,8,-2773.525290047988,310266
19667,1.0,15,-2772.525290047988,310281
19668,4.25,39,-2768.275290047988,310320
19669,6.261904761904762,24,-2762.0133852860836,310344
19670,-15.2,24,-2777.2133852860834,310368
19671,0.0,1,-2777.2133852860834,310369
19672,-2.0,3,-2779.2133852860834,310372
19673,-5.699999999999999,24,-2784.913385286083,310396
19674,-2.5,15,-2787.413385286083,310411
19675,1.333333333333333,20,-2786.0800519527497,310431
19676,-0.5714285714285712,28,-2786.651480524178,310459
19677,7.416666666666667,19,-2779.2348138575117,310478
19678,-8.0,21,-2787.2348138575117,310499
19679,2.142857142857143,6,-2785.0919567146543,310505
19680,3.357142857142857,14,-2781.7348138575117,310519
19681,-2.0,17,-2783.7348138575117,310536
19682,-4.0,14,-2787.7348138575117,310550
19683,-0.33333333333333326,10,-2788.068147190845,310560
19684,-1.0,30,-2789.068147190845,310590
19685,2.0,28,-2787.068147190845,310618
19686,2.0,13,-2785.068147190845,310631
19687,-0.8333333333333334,16,-2785.9014805241786,310647
19688,0.75,10,-2785.1514805241786,310657
19689,-5.371428571428571,22,-2790.5229090956072,310679
19690,-0.06666666666666665,13,-2790.589575762274,310692
19691,2.0,11,-2788.589575762274,310703
19692,-6.3428571428571425,27,-2794.932432905131,310730
19693,6.6,30,-2788.332432905131,310760
19694,2.0,8,-2786.332432905131,310768
19695,1.4166666666666665,22,-2784.9157662384646,310790
19696,6.888888888888888,20,-2778.026877349576,310810
19697,1.8333333333333333,13,-2776.1935440162424,310823
19698,-0.6500000000000004,26,-2776.8435440162425,310849
19699,3.0,15,-2773.8435440162425,310864
19700,-1.0,31,-2774.8435440162425,310895
19701,5.0,35,-2769.8435440162425,310930
19702,0.0,9,-2769.8435440162425,310939
19703,0.0,5,-2769.8435440162425,310944
19704,0.0,17,-2769.8435440162425,310961
19705,-2.666666666666666,19,-2772.510210682909,310980
19706,0.22222222222222215,16,-2772.287988460687,310996
19707,-2.0,9,-2774.287988460687,311005
19708,-2.3333333333333335,12,-2776.6213217940203,311017
19709,-4.0,13,-2780.6213217940203,311030
19710,0.0,7,-2780.6213217940203,311037
19711,-3.0,27,-2783.6213217940203,311064
19712,-4.954545454545455,47,-2788.575867248566,311111
19713,-1.75,10,-2790.325867248566,311121
19714,1.2,12,-2789.125867248566,311133
19715,1.3333333333333335,20,-2787.7925339152325,311153
19716,3.392857142857143,17,-2784.399676772375,311170
19717,3.0,7,-2781.399676772375,311177
19718,2.083333333333333,19,-2779.3163434390417,311196
19719,0.5,18,-2778.8163434390417,311214
19720,-7.5,44,-2786.3163434390417,311258
19721,3.0,13,-2783.3163434390417,311271
19722,1.5,24,-2781.8163434390417,311295
19723,-3.0,19,-2784.8163434390417,311314
19724,7.0,32,-2777.8163434390417,311346
19725,5.5,18,-2772.3163434390417,311364
19726,2.375,27,-2769.9413434390417,311391
19727,0.0,16,-2769.9413434390417,311407
19728,-2.6666666666666665,16,-2772.608010105708,311423
19729,2.0,9,-2770.608010105708,311432
19730,3.428571428571429,15,-2767.1794386771367,311447
19731,3.0,21,-2764.1794386771367,311468
19732,-1.0,16,-2765.1794386771367,311484
19733,4.0,13,-2761.1794386771367,311497
19734,4.642857142857142,11,-2756.5365815342793,311508
19735,1.6,5,-2754.9365815342794,311513
19736,-1.5,5,-2756.4365815342794,311518
19737,2.0,6,-2754.4365815342794,311524
19738,-2.5,22,-2756.9365815342794,311546
19739,5.5,28,-2751.4365815342794,311574
19740,1.0,44,-2750.4365815342794,311618
19741,3.1428571428571423,23,-2747.293724391422,311641
19742,-12.0,35,-2759.293724391422,311676
19743,0.33333333333333304,18,-2758.9603910580886,311694
19744,0.8695652173913047,35,-2758.090825840697,311729
19745,-1.5777777777777775,8,-2759.6686036184747,311737
19746,-2.0,11,-2761.6686036184747,311748
19747,-6.341176470588235,25,-2768.009780089063,311773
19748,-5.5,10,-2773.509780089063,311783
19749,0.5714285714285714,29,-2772.9383515176346,311812
19750,-7.666666666666666,29,-2780.605018184301,311841
19751,5.5,29,-2775.105018184301,311870
19752,-6.5,19,-2781.605018184301,311889
19753,2.25,23,-2779.355018184301,311912
19754,-6.0,9,-2785.355018184301,311921
19755,-0.5,19,-2785.855018184301,311940
19756,1.3253968253968251,23,-2784.5296213589045,311963
19757,8.133333333333333,40,-2776.3962880255713,312003
19758,3.0,14,-2773.3962880255713,312017
19759,-8.0,17,-2781.3962880255713,312034
19760,-3.857142857142857,4,-2785.253430882714,312038
19761,7.458333333333332,23,-2777.7950975493804,312061
19762,-7.333333333333332,46,-2785.128430882714,312107
19763,-5.6000000000000005,23,-2790.728430882714,312130
19764,0.5,21,-2790.228430882714,312151
19765,-5.2,23,-2795.4284308827137,312174
19766,-4.076923076923077,10,-2799.5053539596365,312184
19767,-1.5,7,-2801.0053539596365,312191
19768,-5.6,25,-2806.6053539596364,312216
19769,4.333333333333333,55,-2802.272020626303,312271
19770,-2.666666666666667,11,-2804.9386872929695,312282
19771,5.869565217391305,14,-2799.069122075578,312296
19772,-5.5,17,-2804.569122075578,312313
19773,-2.0,6,-2806.569122075578,312319
19774,-1.0,8,-2807.569122075578,312327
19775,0.0,4,-2807.569122075578,312331
19776,-1.0,2,-2808.569122075578,312333
19777,-4.25,22,-2812.819122075578,312355
19778,4.6,28,-2808.219122075578,312383
19779,1.0,12,-2807.219122075578,312395
19780,1.1333333333333329,30,-2806.085788742245,312425
19781,2.0,2,-2804.085788742245,312427
19782,3.0,5,-2801.085788742245,312432
19783,-8.183333333333334,60,-2809.2691220755783,312492
19784,-0.5,16,-2809.7691220755783,312508
19785,2.5,5,-2807.2691220755783,312513
19786,-10.0,9,-2817.2691220755783,312522
19787,2.0,5,-2815.2691220755783,312527
19788,-3.333333333333333,4,-2818.6024554089117,312531
19789,-1.3333333333333335,18,-2819.935788742245,312549
19790,0.0,5,-2819.935788742245,312554
19791,-1.0,6,-2820.935788742245,312560
19792,5.388888888888889,24,-2815.5468998533565,312584
19793,7.25,18,-2808.2968998533565,312602
19794,-1.3333333333333333,9,-2809.63023318669,312611
19795,-0.6666666666666667,4,-2810.2968998533565,312615
19796,1.0,2,-2809.2968998533565,312617
19797,-5.333333333333333,26,-2814.63023318669,312643
19798,3.0,16,-2811.63023318669,312659
19799,0.5,31,-2811.13023318669,312690
19800,0.0,21,-2811.13023318669,312711
19801,-5.619047619047619,20,-2816.7492808057377,312731
19802,-2.571428571428571,23,-2819.320709377166,312754
19803,3.0,14,-2816.320709377166,312768
19804,10.5,36,-2805.820709377166,312804
19805,-3.0,31,-2808.820709377166,312835
19806,-15.666666666666668,33,-2824.4873760438327,312868
19807,-1.3583333333333338,27,-2825.845709377166,312895
19808,0.0,6,-2825.845709377166,312901
19809,3.5,40,-2822.345709377166,312941
19810,1.6,5,-2820.745709377166,312946
19811,0.0,27,-2820.745709377166,312973
19812,-2.0,7,-2822.745709377166,312980
19813,4.6,19,-2818.145709377166,312999
19814,4.0,28,-2814.145709377166,313027
19815,2.0,21,-2812.145709377166,313048
19816,0.5,18,-2811.645709377166,313066
19817,-2.1904761904761907,36,-2813.836185567642,313102
19818,-8.952380952380953,28,-2822.788566520023,313130
19819,-6.971428571428572,19,-2829.7599950914514,313149
19820,4.628787878787878,34,-2825.1312072126634,313183
19821,-5.166666666666667,22,-2830.29787387933,313205
19822,-4.5,13,-2834.79787387933,313218
19823,-2.6,25,-2837.39787387933,313243
19824,2.0,17,-2835.39787387933,313260
19825,2.0,18,-2833.39787387933,313278
19826,-0.5,11,-2833.89787387933,313289
19827,2.0,16,-2831.89787387933,313305
19828,3.0,4,-2828.89787387933,313309
19829,0.5,11,-2828.39787387933,313320
19830,0.0,1,-2828.39787387933,313321
19831,1.0,5,-2827.39787387933,313326
19832,3.0,4,-2824.39787387933,313330
19833,-1.5,5,-2825.89787387933,313335
19834,2.0,3,-2823.89787387933,313338
19835,0.0,8,-2823.89787387933,313346
19836,0.0,3,-2823.89787387933,313349
19837,0.5,9,-2823.39787387933,313358
19838,0.0,7,-2823.39787387933,313365
19839,0.0,4,-2823.39787387933,313369
19840,-0.6666666666666665,26,-2824.0645405459964,313395
19841,0.0,1,-2824.0645405459964,313396
19842,-4.0,13,-2828.0645405459964,313409
19843,-0.6666666666666667,9,-2828.731207212663,313418
19844,1.0,1,-2827.731207212663,313419
19845,-1.05,19,-2828.781207212663,313438
19846,-3.0,11,-2831.781207212663,313449
19847,-8.0,5,-2839.781207212663,313454
19848,-4.333333333333334,22,-2844.1145405459965,313476
19849,4.0,29,-2840.1145405459965,313505
19850,-2.0,12,-2842.1145405459965,313517
19851,2.0,7,-2840.1145405459965,313524
19852,3.3333333333333335,16,-2836.781207212663,313540
19853,-3.333333333333333,16,-2840.1145405459965,313556
19854,1.045454545454545,21,-2839.069086000542,313577
19855,2.0,6,-2837.069086000542,313583
19856,1.0,6,-2836.069086000542,313589
19857,2.4000000000000004,24,-2833.669086000542,313613
19858,3.2666666666666666,34,-2830.402419333875,313647
19859,-2.0,9,-2832.402419333875,313656
19860,4.0,37,-2828.402419333875,313693
19861,2.7,36,-2825.7024193338752,313729
19862,3.0,20,-2822.7024193338752,313749
19863,-1.4411764705882353,27,-2824.1435958044635,313776
19864,-1.0,15,-2825.1435958044635,313791
19865,-6.0,33,-2831.1435958044635,313824
19866,-11.000000000000002,24,-2842.1435958044635,313848
19867,-5.5,10,-2847.6435958044635,313858
19868,-1.3333333333333335,18,-2848.976929137797,313876
19869,0.75,16,-2848.226929137797,313892
19870,-2.0,5,-2850.226929137797,313897
19871,0.0,10,-2850.226929137797,313907
19872,-1.0,28,-2851.226929137797,313935
19873,-6.0,9,-2857.226929137797,313944
19874,2.0,9,-2855.226929137797,313953
19875,-7.0,8,-2862.226929137797,313961
19876,-3.0,6,-2865.226929137797,313967
19877,-3.2857142857142856,6,-2868.5126434235112,313973
19878,2.0,8,-2866.5126434235112,313981
19879,-11.0,9,-2877.5126434235112,313990
19880,-3.0,8,-2880.5126434235112,313998
19881,-5.7,22,-2886.212643423511,314020
19882,0.0,7,-2886.212643423511,314027
19883,2.0,9,-2884.212643423511,314036
19884,2.0,14,-2882.212643423511,314050
19885,-3.5000000000000004,26,-2885.712643423511,314076
19886,-4.0,15,-2889.712643423511,314091
19887,-1.5,20,-2891.212643423511,314111
19888,3.5,24,-2887.712643423511,314135
19889,-5.571428571428571,27,-2893.2840719949395,314162
19890,5.0,23,-2888.2840719949395,314185
19891,4.7,20,-2883.5840719949397,314205
19892,-1.0,14,-2884.5840719949397,314219
19893,-4.0,35,-2888.5840719949397,314254
19894,0.0,9,-2888.5840719949397,314263
19895,-1.3333333333333333,6,-2889.917405328273,314269
19896,1.0,11,-2888.917405328273,314280
19897,-2.2666666666666666,17,-2891.18407199494,314297
19898,-1.0,19,-2892.18407199494,314316
19899,5.0,19,-2887.18407199494,314335
19900,-6.8,43,-2893.98407199494,314378
19901,-4.0,30,-2897.98407199494,314408
19902,-3.0,13,-2900.98407199494,314421
19903,-1.0,14,-2901.98407199494,314435
19904,3.0,16,-2898.98407199494,314451
19905,4.0,7,-2894.98407199494,314458
19906,-8.833333333333334,15,-2903.8174053282737,314473
19907,1.0,6,-2902.8174053282737,314479
19908,-0.5,21,-2903.3174053282737,314500
19909,2.5,19,-2900.8174053282737,314519
19910,1.5,29,-2899.3174053282737,314548
19911,-0.75,11,-2900.0674053282737,314559
19912,-0.6666666666666667,25,-2900.73407199494,314584
19913,-5.0,27,-2905.73407199494,314611
19914,3.25,15,-2902.48407199494,314626
19915,1.0,16,-2901.48407199494,314642
19916,6.333333333333334,25,-2895.1507386616067,314667
19917,2.333333333333333,27,-2892.8174053282733,314694
19918,0.0,20,-2892.8174053282733,314714
19919,-1.0,41,-2893.8174053282733,314755
19920,-0.3333333333333335,11,-2894.1507386616067,314766
19921,1.666666666666667,31,-2892.48407199494,314797
19922,6.333333333333334,28,-2886.1507386616067,314825
19923,-3.0,12,-2889.1507386616067,314837
19924,-5.5,32,-2894.6507386616067,314869
19925,-4.0,21,-2898.6507386616067,314890
19926,3.166666666666667,28,-2895.48407199494,314918
19927,-3.4,20,-2898.8840719949403,314938
19928,1.0952380952380947,33,-2897.7888338997022,314971
19929,7.416666666666666,18,-2890.3721672330357,314989
19930,-3.0,10,-2893.3721672330357,314999
19931,0.44999999999999996,23,-2892.922167233036,315022
19932,-2.5666666666666664,18,-2895.4888338997025,315040
19933,4.5,10,-2890.9888338997025,315050
19934,1.0,4,-2889.9888338997025,315054
19935,1.0,9,-2888.9888338997025,315063
19936,5.678571428571429,21,-2883.310262471131,315084
19937,2.0,11,-2881.310262471131,315095
19938,-0.5,3,-2881.810262471131,315098
19939,0.0,7,-2881.810262471131,315105
19940,4.0,8,-2877.810262471131,315113
19941,-0.5,7,-2878.310262471131,315120
19942,2.178571428571429,12,-2876.1316910425594,315132
19943,-2.75,7,-2878.8816910425594,315139
19944,-8.0,21,-2886.8816910425594,315160
19945,-3.0,13,-2889.8816910425594,315173
19946,-2.0,3,-2891.8816910425594,315176
19947,5.333333333333334,2,-2886.548357709226,315178
19948,0.0,1,-2886.548357709226,315179
19949,-0.5,5,-2887.048357709226,315184
19950,-1.0,5,-2888.048357709226,315189
19951,2.0,6,-2886.048357709226,315195
19952,-3.0,8,-2889.048357709226,315203
19953,0.0,6,-2889.048357709226,315209
19954,2.0,3,-2887.048357709226,315212
19955,2.0,5,-2885.048357709226,315217
19956,0.75,6,-2884.298357709226,315223
19957,0.0,10,-2884.298357709226,315233
19958,-6.5,18,-2890.798357709226,315251
19959,-1.0,3,-2891.798357709226,315254
19960,0.0,13,-2891.798357709226,315267
19961,0.0,6,-2891.798357709226,315273
19962,-2.0,19,-2893.798357709226,315292
19963,-1.0,11,-2894.798357709226,315303
19964,-4.666666666666666,46,-2899.4650243758924,315349
19965,0.0,2,-2899.4650243758924,315351
19966,-1.333333333333333,9,-2900.798357709226,315360
19967,0.0,2,-2900.798357709226,315362
19968,-3.0,14,-2903.798357709226,315376
19969,3.0,9,-2900.798357709226,315385
19970,3.0,2,-2897.798357709226,315387
19971,-2.0,7,-2899.798357709226,315394
19972,1.0,17,-2898.798357709226,315411
19973,0.0,16,-2898.798357709226,315427
19974,1.0,10,-2897.798357709226,315437
19975,-3.0,4,-2900.798357709226,315441
19976,0.0,6,-2900.798357709226,315447
19977,-0.25,3,-2901.048357709226,315450
19978,-1.0,9,-2902.048357709226,315459
19979,-3.0,6,-2905.048357709226,315465
19980,-0.25,19,-2905.298357709226,315484
19981,-2.25,6,-2907.548357709226,315490
19982,-1.0,3,-2908.548357709226,315493
19983,2.0,3,-2906.548357709226,315496
19984,1.0,6,-2905.548357709226,315502
19985,-4.0,16,-2909.548357709226,315518
19986,3.0,20,-2906.548357709226,315538
19987,-2.6666666666666665,22,-2909.2150243758924,315560
19988,-9.0,19,-2918.2150243758924,315579
19989,0.0,1,-2918.2150243758924,315580
19990,-0.5,8,-2918.7150243758924,315588
19991,2.0,2,-2916.7150243758924,315590
19992,0.0,7,-2916.7150243758924,315597
19993,0.0,12,-2916.7150243758924,315609
19994,-6.0,10,-2922.7150243758924,315619
19995,-6.5,17,-2929.2150243758924,315636
19996,-0.7999999999999998,33,-2930.0150243758926,315669
19997,-1.0,15,-2931.0150243758926,315684
19998,-1.0,10,-2932.0150243758926,315694
19999,2.0,12,-2930.0150243758926,315706
20000,5.5,12,-2924.5150243758926,315718
20001,-0.6666666666666667,7,-2925.181691042559,315725
20002,-4.153846153846153,18,-2929.3355371964053,315743
20003,-2.0,4,-2931.3355371964053,315747
20004,0.0,1,-2931.3355371964053,315748
20005,5.0,4,-2926.3355371964053,315752
20006,2.0,26,-2924.3355371964053,315778
20007,3.0,16,-2921.3355371964053,315794
20008,4.0,16,-2917.3355371964053,315810
20009,-1.75,6,-2919.0855371964053,315816
20010,3.0,8,-2916.0855371964053,315824
20011,-3.0,9,-2919.0855371964053,315833
20012,-1.0,5,-2920.0855371964053,315838
20013,-2.0,4,-2922.0855371964053,315842
20014,-5.625,28,-2927.7105371964053,315870
20015,1.0,8,-2926.7105371964053,315878
20016,0.0,4,-2926.7105371964053,315882
20017,-4.0,9,-2930.7105371964053,315891
20018,-0.1999999999999993,49,-2930.910537196405,315940
20019,-13.5,28,-2944.410537196405,315968
20020,2.2,26,-2942.2105371964053,315994
20021,-6.688888888888889,30,-2948.899426085294,316024
20022,-0.4,35,-2949.2994260852943,316059
20023,-3.333333333333333,21,-2952.6327594186278,316080
20024,-1.2045454545454546,27,-2953.8373048731733,316107
20025,-5.0,19,-2958.8373048731733,316126
20026,-2.571428571428571,22,-2961.4087334446017,316148
20027,-3.0,10,-2964.4087334446017,316158
20028,-2.3333333333333335,15,-2966.742066777935,316173
20029,-5.0,10,-2971.742066777935,316183
20030,1.25,15,-2970.492066777935,316198
20031,3.75,18,-2966.742066777935,316216
20032,9.0,9,-2957.742066777935,316225
20033,3.0,6,-2954.742066777935,316231
20034,0.5,16,-2954.242066777935,316247
20035,0.0,1,-2954.242066777935,316248
20036,-0.5,3,-2954.742066777935,316251
20037,-1.0,13,-2955.742066777935,316264
20038,6.2,19,-2949.5420667779354,316283
20039,2.0,3,-2947.5420667779354,316286
20040,-4.0,3,-2951.5420667779354,316289
20041,-6.0,22,-2957.5420667779354,316311
20042,3.25,18,-2954.2920667779354,316329
20043,-6.0,19,-2960.2920667779354,316348
20044,1.0,8,-2959.2920667779354,316356
20045,1.0,7,-2958.2920667779354,316363
20046,-1.3333333333333335,27,-2959.625400111269,316390
20047,-9.285714285714285,20,-2968.911114396983,316410
20048,-3.142857142857143,13,-2972.0539715398404,316423
20049,0,0,-2972.0539715398404,316423
20050,0,0,-2972.0539715398404,316423
20051,0,0,-2972.0539715398404,316423
20052,2.0,9,-2970.0539715398404,316432
20053,0,0,-2970.0539715398404,316432
20054,0,0,-2970.0539715398404,316432
20055,0,0,-2970.0539715398404,316432
20056,3.0,16,-2967.0539715398404,316448
20057,-1.0666666666666667,18,-2968.120638206507,316466
20058,-2.0,2,-2970.120638206507,316468
20059,8.662121212121212,31,-2961.4585169943857,316499
20060,-2.0,9,-2963.4585169943857,316508
20061,2.0,7,-2961.4585169943857,316515
20062,-4.0,16,-2965.4585169943857,316531
20063,-6.0,14,-2971.4585169943857,316545
20064,1.5,20,-2969.9585169943857,316565
20065,-4.0,25,-2973.9585169943857,316590
20066,-4.066666666666667,39,-2978.0251836610523,316629
20067,1.0,33,-2977.0251836610523,316662
20068,1.0,15,-2976.0251836610523,316677
20069,-1.0,10,-2977.0251836610523,316687
20070,0.0,14,-2977.0251836610523,316701
20071,-1.8333333333333333,16,-2978.858516994386,316717
20072,-0.2333333333333334,23,-2979.091850327719,316740
20073,0.0,1,-2979.091850327719,316741
20074,0.0,2,-2979.091850327719,316743
20075,-1.5,8,-2980.591850327719,316751
20076,0.5,15,-2980.091850327719,316766
20077,0.0,5,-2980.091850327719,316771
20078,2.3333333333333335,2,-2977.7585169943854,316773
20079,-2.0,3,-2979.7585169943854,316776
20080,-1.0,11,-2980.7585169943854,316787
20081,0.0,3,-2980.7585169943854,316790
20082,2.3333333333333335,2,-2978.425183661052,316792
20083,3.0,3,-2975.425183661052,316795
20084,-2.0,6,-2977.425183661052,316801
20085,4.333333333333334,23,-2973.0918503277185,316824
20086,-1.0,10,-2974.0918503277185,316834
20087,0.3333333333333333,7,-2973.758516994385,316841
20088,0.0,12,-2973.758516994385,316853
20089,0.0,2,-2973.758516994385,316855
20090,2.0,4,-2971.758516994385,316859
20091,2.3333333333333335,15,-2969.4251836610515,316874
20092,-1.0,15,-2970.4251836610515,316889
20093,2.0,8,-2968.4251836610515,316897
20094,0.0,18,-2968.4251836610515,316915
20095,0.0,5,-2968.4251836610515,316920
20096,-2.0,16,-2970.4251836610515,316936
20097,0.0,3,-2970.4251836610515,316939
20098,0.33333333333333326,6,-2970.091850327718,316945
20099,-2.0,12,-2972.091850327718,316957
20100,1.0,25,-2971.091850327718,316982
20101,3.75,8,-2967.341850327718,316990
20102,0.0,13,-2967.341850327718,317003
20103,-0.5,12,-2967.841850327718,317015
20104,-3.0,12,-2970.841850327718,317027
20105,-1.0,4,-2971.841850327718,317031
20106,-3.7380952380952377,12,-2975.5799455658134,317043
20107,-5.0,15,-2980.5799455658134,317058
20108,7.0,10,-2973.5799455658134,317068
20109,-1.8,3,-2975.3799455658136,317071
20110,-1.666666666666666,15,-2977.04661223248,317086
20111,-4.0,5,-2981.04661223248,317091
20112,-1.0,12,-2982.04661223248,317103
20113,2.1,11,-2979.94661223248,317114
20114,0.0,4,-2979.94661223248,317118
20115,0.0,10,-2979.94661223248,317128
20116,-7.25,11,-2987.19661223248,317139
20117,0.0,6,-2987.19661223248,317145
20118,0.0,3,-2987.19661223248,317148
20119,-3.0,11,-2990.19661223248,317159
20120,2.595238095238096,13,-2987.601374137242,317172
20121,5.0,17,-2982.601374137242,317189
20122,-1.0,5,-2983.601374137242,317194
20123,8.5,39,-2975.101374137242,317233
20124,5.75,21,-2969.351374137242,317254
20125,0.0,10,-2969.351374137242,317264
20126,-2.0,3,-2971.351374137242,317267
20127,1.95,13,-2969.4013741372423,317280
20128,0.20000000000000018,12,-2969.2013741372425,317292
20129,1.6666666666666667,13,-2967.534707470576,317305
20130,-0.5,13,-2968.034707470576,317318
20131,0.3333333333333333,16,-2967.7013741372425,317334
20132,-1.5714285714285712,10,-2969.272802708671,317344
20133,-2.0,4,-2971.272802708671,317348
20134,-2.0,5,-2973.272802708671,317353
20135,3.5999999999999996,15,-2969.672802708671,317368
20136,-2.0,37,-2971.672802708671,317405
20137,-7.0,12,-2978.672802708671,317417
20138,-3.0,9,-2981.672802708671,317426
20139,-1.333333333333333,19,-2983.0061360420045,317445
20140,0.20000000000000018,13,-2982.8061360420047,317458
20141,2.0,7,-2980.8061360420047,317465
20142,-5.0,2,-2985.8061360420047,317467
20143,3.0,5,-2982.8061360420047,317472
20144,-3.0,14,-2985.8061360420047,317486
20145,-1.3333333333333333,8,-2987.139469375338,317494
20146,-4.285714285714286,13,-2991.4251836610524,317507
20147,-1.1272727272727274,14,-2992.552456388325,317521
20148,1.8333333333333335,15,-2990.7191230549915,317536
20149,-6.0,11,-2996.7191230549915,317547
20150,1.0,7,-2995.7191230549915,317554
20151,-3.071428571428571,17,-2998.79055162642,317571
20152,-1.3333333333333333,3,-3000.1238849597535,317574
20153,3.0,3,-2997.1238849597535,317577
20154,-3.8333333333333335,15,-3000.957218293087,317592
20155,-2.3333333333333335,13,-3003.2905516264204,317605
20156,-4.0,12,-3007.2905516264204,317617
20157,3.2,23,-3004.0905516264206,317640
20158,2.0333333333333337,26,-3002.0572182930873,317666
20159,-8.8,15,-3010.8572182930875,317681
20160,2.75,8,-3008.1072182930875,317689
20161,3.0,2,-3005.1072182930875,317691
20162,1.0,4,-3004.1072182930875,317695
20163,3.0,2,-3001.1072182930875,317697
20164,-1.1304347826086956,5,-3002.237653075696,317702
20165,1.0,15,-3001.237653075696,317717
20166,3.0,26,-2998.237653075696,317743
20167,0.22857142857142865,17,-2998.0090816471247,317760
20168,-0.5,7,-2998.5090816471247,317767
20169,-1.0,5,-2999.5090816471247,317772
20170,0.75,9,-2998.7590816471247,317781
20171,0.9333333333333333,26,-2997.8257483137913,317807
20172,4.2,21,-2993.6257483137915,317828
20173,1.25,17,-2992.3757483137915,317845
20174,-2.0,15,-2994.3757483137915,317860
20175,9.5,32,-2984.8757483137915,317892
20176,-0.7878787878787881,8,-2985.6636271016705,317900
20177,-4.5,30,-2990.1636271016705,317930
20178,3.857142857142857,20,-2986.306484244528,317950
20179,-1.166666666666667,20,-2987.4731509111944,317970
20180,-3.8,15,-2991.2731509111945,317985
20181,-5.5,9,-2996.7731509111945,317994
20182,-2.0,3,-2998.7731509111945,317997
20183,0.0,5,-2998.7731509111945,318002
20184,-6.0,6,-3004.7731509111945,318008
20185,3.3333333333333335,25,-3001.439817577861,318033
20186,-2.4000000000000004,15,-3003.839817577861,318048
20187,-1.0,25,-3004.839817577861,318073
20188,-0.5,14,-3005.339817577861,318087
20189,3.0,13,-3002.339817577861,318100
20190,-4.25,34,-3006.589817577861,318134
20191,0.75,14,-3005.839817577861,318148
20192,-2.2,12,-3008.039817577861,318160
20193,5.0,11,-3003.039817577861,318171
20194,-4.0,9,-3007.039817577861,318180
20195,2.0,3,-3005.039817577861,318183
20196,3.5,24,-3001.539817577861,318207
20197,3.0,7,-2998.539817577861,318214
20198,2.125,9,-2996.414817577861,318223
20199,2.5,21,-2993.914817577861,318244
20200,0.0,5,-2993.914817577861,318249
20201,-5.2,12,-2999.114817577861,318261
20202,-0.06666666666666643,18,-2999.1814842445274,318279
20203,-2.75,25,-3001.9314842445274,318304
20204,4.5,23,-2997.4314842445274,318327
20205,7.2,32,-2990.2314842445276,318359
20206,6.0,35,-2984.2314842445276,318394
20207,-6.0,19,-2990.2314842445276,318413
20208,4.0,24,-2986.2314842445276,318437
20209,3.6666666666666665,8,-2982.564817577861,318445
20210,1.6166666666666667,14,-2980.9481509111943,318459
20211,-2.0,3,-2982.9481509111943,318462
20212,0.0,3,-2982.9481509111943,318465
20213,-5.333333333333334,24,-2988.2814842445277,318489
20214,-5.0,20,-2993.2814842445277,318509
20215,-2.0,21,-2995.2814842445277,318530
20216,-3.5,22,-2998.7814842445277,318552
20217,-1.0,11,-2999.7814842445277,318563
20218,-2.0,16,-3001.7814842445277,318579
20219,2.0,4,-2999.7814842445277,318583
20220,3.333333333333333,16,-2996.4481509111943,318599
20221,-7.3999999999999995,27,-3003.8481509111944,318626
20222,-6.857142857142858,23,-3010.705293768337,318649
20223,0.3333333333333333,4,-3010.3719604350035,318653
20224,0.6,7,-3009.7719604350036,318660
20225,2.333333333333333,11,-3007.43862710167,318671
20226,4.0,20,-3003.43862710167,318691
20227,-8.4,24,-3011.83862710167,318715
20228,-3.333333333333334,25,-3015.1719604350037,318740
20229,0.5999999999999998,30,-3014.571960435004,318770
20230,5.7,16,-3008.871960435004,318786
20231,0.3333333333333339,16,-3008.5386271016705,318802
20232,4.0,41,-3004.5386271016705,318843
20233,-0.35714285714285715,20,-3004.895769958813,318863
20234,-0.75,18,-3005.645769958813,318881
20235,-7.1,17,-3012.745769958813,318898
20236,-3.1666666666666665,36,-3015.9124366254796,318934
20237,-3.033333333333334,37,-3018.945769958813,318971
20238,0.2,13,-3018.745769958813,318984
20239,-2.371428571428571,18,-3021.1171985302417,319002
20240,9.333333333333334,16,-3011.783865196908,319018
20241,4.333333333333333,17,-3007.4505318635747,319035
20242,1.1666666666666667,14,-3006.283865196908,319049
20243,1.3333333333333333,3,-3004.9505318635747,319052
20244,0.0,6,-3004.9505318635747,319058
20245,-3.5,16,-3008.4505318635747,319074
20246,-1.0,7,-3009.4505318635747,319081
20247,0.0,4,-3009.4505318635747,319085
20248,-2.0,7,-3011.4505318635747,319092
20249,0.0,3,-3011.4505318635747,319095
20250,0.8571428571428572,6,-3010.593389006432,319101
20251,-0.6428571428571428,7,-3011.2362461492894,319108
20252,1.0,5,-3010.2362461492894,319113
20253,5.533333333333333,6,-3004.702912815956,319119
20254,-3.0,8,-3007.702912815956,319127
20255,2.0,3,-3005.702912815956,319130
20256,-2.0,4,-3007.702912815956,319134
20257,-2.0,2,-3009.702912815956,319136
20258,3.75,4,-3005.952912815956,319140
20259,-2.0,4,-3007.952912815956,319144
20260,0.0,8,-3007.952912815956,319152
20261,0.833333333333333,59,-3007.1195794826226,319211
20262,3.0,7,-3004.1195794826226,319218
20263,-3.333333333333333,6,-3007.452912815956,319224
20264,2.333333333333333,6,-3005.1195794826226,319230
20265,0.2,5,-3004.919579482623,319235
20266,-3.25,13,-3008.169579482623,319248
20267,6.533333333333333,15,-3001.6362461492895,319263
20268,1.9000000000000004,24,-2999.7362461492894,319287
20269,-0.23809523809523814,13,-2999.974341387385,319300
20270,-1.0,10,-3000.974341387385,319310
20271,-1.3,14,-3002.274341387385,319324
20272,-1.5,2,-3003.774341387385,319326
20273,0.0,1,-3003.774341387385,319327
20274,1.0,3,-3002.774341387385,319330
20275,0.5,6,-3002.274341387385,319336
20276,-1.0,4,-3003.274341387385,319340
20277,-5.8,29,-3009.074341387385,319369
20278,1.5,7,-3007.574341387385,319376
20279,1.0,17,-3006.574341387385,319393
20280,-5.0,7,-3011.574341387385,319400
20281,0.7785714285714287,17,-3010.7957699588137,319417
20282,1.25,10,-3009.5457699588137,319427
20283,-1.5,16,-3011.0457699588137,319443
20284,-5.166666666666667,24,-3016.21243662548,319467
20285,1.1666666666666667,7,-3015.0457699588137,319474
20286,2.0,6,-3013.0457699588137,319480
20287,-2.0555555555555554,23,-3015.1013255143694,319503
20288,0.0,7,-3015.1013255143694,319510
20289,0.5,7,-3014.6013255143694,319517
20290,1.0,5,-3013.6013255143694,319522
20291,-1.0,2,-3014.6013255143694,319524
20292,-1.0,4,-3015.6013255143694,319528
20293,-2.0,7,-3017.6013255143694,319535
20294,3.0,8,-3014.6013255143694,319543
20295,0.5,8,-3014.1013255143694,319551
20296,-2.0,13,-3016.1013255143694,319564
20297,2.0,14,-3014.1013255143694,319578
20298,0.0,14,-3014.1013255143694,319592
20299,1.0,11,-3013.1013255143694,319603
20300,0.0,6,-3013.1013255143694,319609
20301,1.3333333333333333,19,-3011.767992181036,319628
20302,-3.333333333333333,10,-3015.1013255143694,319638
20303,0.0,8,-3015.1013255143694,319646
20304,0.0,4,-3015.1013255143694,319650
20305,5.2,7,-3009.9013255143695,319657
20306,-1.8214285714285714,7,-3011.722754085798,319664
20307,0.0,3,-3011.722754085798,319667
20308,0.0,20,-3011.722754085798,319687
20309,-7.861111111111111,25,-3019.5838651969093,319712
20310,0.16666666666666674,23,-3019.417198530243,319735
20311,1.0,6,-3018.417198530243,319741
20312,1.5333333333333337,29,-3016.8838651969095,319770
20313,-1.6666666666666667,10,-3018.550531863576,319780
20314,1.0,7,-3017.550531863576,319787
20315,-0.8571428571428572,26,-3018.4076747207187,319813
20316,-0.8571428571428572,13,-3019.2648175778613,319826
20317,-6.0,53,-3025.2648175778613,319879
20318,-1.222222222222222,13,-3026.4870398000835,319892
20319,-2.333333333333333,13,-3028.820373133417,319905
20320,4.533333333333333,11,-3024.2870398000837,319916
20321,0.0,7,-3024.2870398000837,319923
20322,0.0,3,-3024.2870398000837,319926
20323,-4.0,10,-3028.2870398000837,319936
20324,4.0,12,-3024.2870398000837,319948
20325,1.3333333333333333,7,-3022.95370646675,319955
20326,-0.33333333333333326,7,-3023.2870398000837,319962
20327,2.5333333333333337,4,-3020.7537064667504,319966
20328,5.833333333333334,15,-3014.920373133417,319981
20329,1.0,5,-3013.920373133417,319986
20330,2.2,3,-3011.720373133417,319989
20331,3.0,3,-3008.720373133417,319992
20332,6.0,6,-3002.720373133417,319998
20333,3.0,6,-2999.720373133417,320004
20334,-1.0,1,-3000.720373133417,320005
20335,3.0,5,-2997.720373133417,320010
20336,1.1428571428571428,7,-2996.5775159905597,320017
20337,0.0,4,-2996.5775159905597,320021
20338,1.5,9,-2995.0775159905597,320030
20339,-9.6,20,-3004.6775159905596,320050
20340,3.033333333333333,22,-3001.6441826572263,320072
20341,3.5,20,-2998.1441826572263,320092
20342,-4.0,7,-3002.1441826572263,320099
20343,1.0,5,-3001.1441826572263,320104
20344,-1.0,13,-3002.1441826572263,320117
20345,-4.0,15,-3006.1441826572263,320132
20346,2.0,16,-3004.1441826572263,320148
20347,-3.5,16,-3007.6441826572263,320164
20348,-1.5,10,-3009.1441826572263,320174
20349,-3.0,2,-3012.1441826572263,320176
20350,5.25,9,-3006.8941826572263,320185
20351,-1.0,4,-3007.8941826572263,320189
20352,-2.0,12,-3009.8941826572263,320201
20353,7.199999999999999,21,-3002.6941826572265,320222
20354,2.0,2,-3000.6941826572265,320224
20355,0.0,2,-3000.6941826572265,320226
20356,-1.5714285714285714,11,-3002.265611228655,320237
20357,6.0,12,-2996.265611228655,320249
20358,-1.3333333333333333,6,-2997.5989445619884,320255
20359,-0.6666666666666667,12,-2998.265611228655,320267
20360,-2.5,10,-3000.765611228655,320277
20361,-2.0,3,-3002.765611228655,320280
20362,2.0,4,-3000.765611228655,320284
20363,0.0,3,-3000.765611228655,320287
20364,3.4000000000000004,20,-2997.365611228655,320307
20365,-2.0,7,-2999.365611228655,320314
20366,-5.0,19,-3004.365611228655,320333
20367,0.0,8,-3004.365611228655,320341
20368,4.0,12,-3000.365611228655,320353
20369,2.0,15,-2998.365611228655,320368
20370,0.5,20,-2997.865611228655,320388
20371,1.1428571428571428,14,-2996.7227540857975,320402
20372,0.36956521739130466,32,-2996.353188868406,320434
20373,4.866666666666667,29,-2991.4865222017393,320463
20374,-1.0,26,-2992.4865222017393,320489
20375,-7.199999999999999,22,-2999.686522201739,320511
20376,4.0,9,-2995.686522201739,320520
20377,-0.5,7,-2996.186522201739,320527
20378,9.0,40,-2987.186522201739,320567
20379,-1.5,14,-2988.686522201739,320581
20380,-5.0,9,-2993.686522201739,320590
20381,1.0,16,-2992.686522201739,320606
20382,4.0,10,-2988.686522201739,320616
20383,-1.7999999999999998,24,-2990.4865222017393,320640
20384,-1.3333333333333333,5,-2991.8198555350727,320645
20385,-1.833333333333333,15,-2993.6531888684062,320660
20386,1.6666666666666667,21,-2991.9865222017397,320681
20387,0.9444444444444444,33,-2991.0420777572954,320714
20388,0.3333333333333339,20,-2990.708744423962,320734
20389,3.0,7,-2987.708744423962,320741
20390,-0.5,8,-2988.208744423962,320749
20391,0,0,-2988.208744423962,320749
20392,0,0,-2988.208744423962,320749
20393,0,0,-2988.208744423962,320749
20394,0.5,4,-2987.708744423962,320753
20395,2.3111111111111113,31,-2985.3976333128508,320784
20396,1.25,6,-2984.1476333128508,320790
20397,2.0,8,-2982.1476333128508,320798
20398,4.75,10,-2977.3976333128508,320808
20399,4.111111111111111,8,-2973.2865222017394,320816
20400,0.0,4,-2973.2865222017394,320820
20401,-5.5,30,-2978.7865222017394,320850
20402,0.0,2,-2978.7865222017394,320852
20403,6.083333333333334,15,-2972.703188868406,320867
20404,2.0,8,-2970.703188868406,320875
20405,-4.0,19,-2974.703188868406,320894
20406,1.0,6,-2973.703188868406,320900
20407,2.0,15,-2971.703188868406,320915
20408,2.6,13,-2969.103188868406,320928
20409,1.4000000000000001,16,-2967.703188868406,320944
20410,0.0,4,-2967.703188868406,320948
20411,-1.5,13,-2969.203188868406,320961
20412,2.6,9,-2966.603188868406,320970
20413,5.25,22,-2961.353188868406,320992
20414,-2.0,6,-2963.353188868406,320998
20415,2.0,6,-2961.353188868406,321004
20416,3.0,4,-2958.353188868406,321008
20417,-2.0,11,-2960.353188868406,321019
20418,-4.0,9,-2964.353188868406,321028
20419,-2.6666666666666665,17,-2967.0198555350726,321045
20420,2.5,16,-2964.5198555350726,321061
20421,0.0,2,-2964.5198555350726,321063
20422,1.5,6,-2963.0198555350726,321069
20423,-1.5,4,-2964.5198555350726,321073
20424,-2.0,12,-2966.5198555350726,321085
20425,-3.8333333333333335,23,-2970.353188868406,321108
20426,-5.4411764705882355,37,-2975.7943653389943,321145
20427,6.0,16,-2969.7943653389943,321161
20428,0,0,-2969.7943653389943,321161
20429,0,0,-2969.7943653389943,321161
20430,0,0,-2969.7943653389943,321161
20431,-2.0,7,-2971.7943653389943,321168
20432,-2.0,23,-2973.7943653389943,321191
20433,0,0,-2973.7943653389943,321191
20434,0,0,-2973.7943653389943,321191
20435,0,0,-2973.7943653389943,321191
20436,-2.857142857142857,19,-2976.651508196137,321210
20437,0.0,1,-2976.651508196137,321211
20438,-3.0,7,-2979.651508196137,321218
20439,-0.5,4,-2980.151508196137,321222
20440,2.666666666666666,19,-2977.4848415294705,321241
20441,6.0,7,-2971.4848415294705,321248
20442,1.0,12,-2970.4848415294705,321260
20443,1.3333333333333335,2,-2969.151508196137,321262
20444,5.133333333333334,17,-2964.018174862804,321279
20445,4.283333333333333,30,-2959.7348415294705,321309
20446,4.0,21,-2955.7348415294705,321330
20447,-0.1333333333333333,27,-2955.8681748628037,321357
20448,0.11111111111111072,27,-2955.7570637516924,321384
20449,-6.0,17,-2961.7570637516924,321401
20450,2.0,16,-2959.7570637516924,321417
20451,9.333333333333332,12,-2950.423730418359,321429
20452,5.0,16,-2945.423730418359,321445
20453,0.0,22,-2945.423730418359,321467
20454,-3.0,16,-2948.423730418359,321483
20455,2.0,4,-2946.423730418359,321487
20456,-1.0,8,-2947.423730418359,321495
20457,3.1666666666666665,19,-2944.2570637516924,321514
20458,2.0,5,-2942.2570637516924,321519
20459,-0.5,7,-2942.7570637516924,321526
20460,0.0,4,-2942.7570637516924,321530
20461,-2.6666666666666665,7,-2945.423730418359,321537
20462,-2.0,29,-2947.423730418359,321566
20463,-1.0,8,-2948.423730418359,321574
20464,0.0,1,-2948.423730418359,321575
20465,3.0,6,-2945.423730418359,321581
20466,-2.357142857142857,30,-2947.7808732755016,321611
20467,0.0,4,-2947.7808732755016,321615
20468,-2.0,4,-2949.7808732755016,321619
20469,-1.0,11,-2950.7808732755016,321630
20470,3.6111111111111107,13,-2947.1697621643902,321643
20471,0.6,43,-2946.5697621643903,321686
20472,2.2,4,-2944.3697621643905,321690
20473,-1.0,3,-2945.3697621643905,321693
20474,0.7666666666666668,32,-2944.6030954977236,321725
20475,-2.0,5,-2946.6030954977236,321730
20476,0.0,22,-2946.6030954977236,321752
20477,2.6,15,-2944.0030954977237,321767
20478,-3.4,7,-2947.403095497724,321774
20479,-0.4,14,-2947.803095497724,321788
20480,0.0,5,-2947.803095497724,321793
20481,-0.3333333333333335,8,-2948.1364288310574,321801
20482,3.533333333333333,37,-2944.603095497724,321838
20483,-3.0,11,-2947.603095497724,321849
20484,-3.666666666666667,10,-2951.2697621643906,321859
20485,-3.0,7,-2954.2697621643906,321866
20486,-1.0,7,-2955.2697621643906,321873
20487,-10.5,24,-2965.7697621643906,321897
20488,0.5,6,-2965.2697621643906,321903
20489,-1.25,13,-2966.5197621643906,321916
20490,-0.16666666666666696,25,-2966.686428831057,321941
20491,0.0,4,-2966.686428831057,321945
20492,-2.0,3,-2968.686428831057,321948
20493,-7.5,22,-2976.186428831057,321970
20494,1.2000000000000002,12,-2974.9864288310573,321982
20495,-4.0,16,-2978.9864288310573,321998
20496,-2.0,12,-2980.9864288310573,322010
20497,-2.0,1,-2982.9864288310573,322011
20498,-1.0,5,-2983.9864288310573,322016
20499,8.4,37,-2975.586428831057,322053
20500,0.5,17,-2975.086428831057,322070
20501,5.2,4,-2969.8864288310574,322074
20502,-1.833333333333333,24,-2971.719762164391,322098
20503,-5.0,13,-2976.719762164391,322111
20504,-3.833333333333333,23,-2980.5530954977244,322134
20505,0.0,9,-2980.5530954977244,322143
20506,2.0,18,-2978.5530954977244,322161
20507,-4.0,13,-2982.5530954977244,322174
20508,-1.0,15,-2983.5530954977244,322189
20509,1.0,16,-2982.5530954977244,322205
20510,-1.75,30,-2984.3030954977244,322235
20511,1.0,5,-2983.3030954977244,322240
20512,5.0,21,-2978.3030954977244,322261
20513,-10.0,21,-2988.3030954977244,322282
20514,2.0,11,-2986.3030954977244,322293
20515,0.0,8,-2986.3030954977244,322301
20516,3.0,7,-2983.3030954977244,322308
20517,1.3333333333333335,18,-2981.969762164391,322326
20518,3.0,9,-2978.969762164391,322335
20519,5.0,10,-2973.969762164391,322345
20520,2.2,16,-2971.769762164391,322361
20521,1.0,2,-2970.769762164391,322363
20522,-0.3333333333333335,8,-2971.1030954977246,322371
20523,-3.6666666666666665,14,-2974.769762164391,322385
20524,-6.5,11,-2981.269762164391,322396
20525,1.0,15,-2980.269762164391,322411
20526,-2.0,15,-2982.269762164391,322426
20527,-1.6666666666666667,7,-2983.9364288310576,322433
20528,1.2952380952380953,30,-2982.6411907358197,322463
20529,-1.5,9,-2984.1411907358197,322472
20530,-1.8,16,-2985.94119073582,322488
20531,0.0,3,-2985.94119073582,322491
20532,3.0,2,-2982.94119073582,322493
20533,0.3333333333333333,14,-2982.6078574024864,322507
20534,-6.666666666666666,11,-2989.274524069153,322518
20535,-2.333333333333333,8,-2991.6078574024864,322526
20536,-1.666666666666667,15,-2993.274524069153,322541
20537,1.6666666666666667,9,-2991.6078574024864,322550
20538,0,0,-2991.6078574024864,322550
20539,0,0,-2991.6078574024864,322550
20540,0,0,-2991.6078574024864,322550
20541,-5.133333333333333,13,-2996.7411907358196,322563
20542,-1.3333333333333335,17,-2998.074524069153,322580
20543,3.5,20,-2994.574524069153,322600
20544,1.545454545454545,25,-2993.0290695236986,322625
20545,-3.0,7,-2996.0290695236986,322632
20546,-1.2999999999999998,23,-2997.3290695236988,322655
20547,-1.0,2,-2998.3290695236988,322657
20548,-1.0,4,-2999.3290695236988,322661
20549,-4.0,8,-3003.3290695236988,322669
20550,0.0,2,-3003.3290695236988,322671
20551,5.0,8,-2998.3290695236988,322679
20552,-2.5,7,-3000.8290695236988,322686
20553,-2.75,17,-3003.5790695236988,322703
20554,-3.333333333333333,11,-3006.9124028570322,322714
20555,1.6666666666666667,7,-3005.2457361903657,322721
20556,-0.33333333333333326,14,-3005.579069523699,322735
20557,-1.3333333333333335,12,-3006.9124028570327,322747
20558,1.0,7,-3005.9124028570327,322754
20559,2.0,8,-3003.9124028570327,322762
20560,5.0,15,-2998.9124028570327,322777
20561,1.0,7,-2997.9124028570327,322784
20562,-1.0,4,-2998.9124028570327,322788
20563,-2.0,4,-3000.9124028570327,322792
20564,-1.7999999999999998,26,-3002.712402857033,322818
20565,1.6666666666666665,17,-3001.0457361903664,322835
20566,4.0,21,-2997.0457361903664,322856
20567,0.0,1,-2997.0457361903664,322857
20568,-1.5714285714285712,17,-2998.617164761795,322874
20569,-10.875,27,-3009.492164761795,322901
20570,1.916666666666666,27,-3007.5754980951283,322928
20571,1.0,5,-3006.5754980951283,322933
20572,4.0,16,-3002.5754980951283,322949
20573,6.0,8,-2996.5754980951283,322957
20574,7.0,17,-2989.5754980951283,322974
20575,0.3333333333333333,12,-2989.242164761795,322986
20576,9.5,25,-2979.742164761795,323011
20577,0,0,-2979.742164761795,323011
20578,0,0,-2979.742164761795,323011
20579,0,0,-2979.742164761795,323011
20580,-0.7666666666666668,32,-2980.5088314284617,323043
20581,-2.0,4,-2982.5088314284617,323047
20582,0.0,22,-2982.5088314284617,323069
20583,-0.7999999999999998,12,-2983.308831428462,323081
20584,6.0,6,-2977.308831428462,323087
20585,0.0,4,-2977.308831428462,323091
20586,3.0,15,-2974.308831428462,323106
20587,-0.5,12,-2974.808831428462,323118
20588,0.0,3,-2974.808831428462,323121
20589,0.5,17,-2974.308831428462,323138
20590,0.5,19,-2973.808831428462,323157
20591,4.0,9,-2969.808831428462,323166
20592,1.0,12,-2968.808831428462,323178
20593,0.0,12,-2968.808831428462,323190
20594,4.0,14,-2964.808831428462,323204
20595,3.0,17,-2961.808831428462,323221
20596,-2.6666666666666665,10,-2964.4754980951284,323231
20597,1.5,13,-2962.9754980951284,323244
20598,4.111111111111111,25,-2958.864386984017,323269
20599,-2.0,4,-2960.864386984017,323273
20600,1.5,12,-2959.364386984017,323285
20601,-3.0,3,-2962.364386984017,323288
20602,0.0,10,-2962.364386984017,323298
20603,-1.0,12,-2963.364386984017,323310
20604,-3.5,15,-2966.864386984017,323325
20605,1.45,13,-2965.4143869840173,323338
20606,0.5,7,-2964.9143869840173,323345
20607,6.0,18,-2958.9143869840173,323363
20608,-1.4,17,-2960.3143869840173,323380
20609,2.3333333333333335,5,-2957.981053650684,323385
20610,4.533333333333333,14,-2953.4477203173506,323399
20611,0.0,6,-2953.4477203173506,323405
20612,0.0,5,-2953.4477203173506,323410
20613,-6.0,14,-2959.4477203173506,323424
20614,-2.5,8,-2961.9477203173506,323432
20615,3.9499999999999997,30,-2957.9977203173507,323462
20616,4.2,15,-2953.797720317351,323477
20617,2.5,13,-2951.297720317351,323490
20618,2.0,31,-2949.297720317351,323521
20619,-4.0,24,-2953.297720317351,323545
20620,0.0,5,-2953.297720317351,323550
20621,3.0,17,-2950.297720317351,323567
20622,-2.5,23,-2952.797720317351,323590
20623,1.0,4,-2951.797720317351,323594
20624,-3.8,24,-2955.597720317351,323618
20625,0.0,3,-2955.597720317351,323621
20626,0.5,7,-2955.097720317351,323628
20627,0.0,3,-2955.097720317351,323631
20628,2.0,6,-2953.097720317351,323637
20629,-1.0,6,-2954.097720317351,323643
20630,4.0,14,-2950.097720317351,323657
20631,-0.5,4,-2950.597720317351,323661
20632,-1.4,7,-2951.997720317351,323668
20633,-2.0,10,-2953.997720317351,323678
20634,3.5,12,-2950.497720317351,323690
20635,-2.0,9,-2952.497720317351,323699
20636,0.0,3,-2952.497720317351,323702
20637,0.5,6,-2951.997720317351,323708
20638,0.0,4,-2951.997720317351,323712
20639,-0.25,9,-2952.247720317351,323721
20640,1.0,11,-2951.247720317351,323732
20641,4.45,18,-2946.7977203173514,323750
20642,-3.0,7,-2949.7977203173514,323757
20643,2.0,19,-2947.7977203173514,323776
20644,0.0,7,-2947.7977203173514,323783
20645,6.961904761904763,42,-2940.8358155554465,323825
20646,3.0,8,-2937.8358155554465,323833
20647,1.0,6,-2936.8358155554465,323839
20648,-0.25,8,-2937.0858155554465,323847
20649,-0.3833333333333333,27,-2937.4691488887797,323874
20650,4.0,6,-2933.4691488887797,323880
20651,-3.5833333333333335,30,-2937.052482222113,323910
20652,-3.3,10,-2940.3524822221134,323920
20653,1.5,24,-2938.8524822221134,323944
20654,-5.0,8,-2943.8524822221134,323952
20655,-4.4,41,-2948.2524822221135,323993
20656,1.0,4,-2947.2524822221135,323997
20657,-4.75,17,-2952.0024822221135,324014
20658,-4.0,20,-2956.0024822221135,324034
20659,1.0,13,-2955.0024822221135,324047
20660,-2.5666666666666664,20,-2957.56914888878,324067
20661,1.6666666666666665,6,-2955.9024822221136,324073
20662,4.0,7,-2951.9024822221136,324080
20663,0.0,2,-2951.9024822221136,324082
20664,-3.111111111111111,6,-2955.013593333225,324088
20665,0.0,9,-2955.013593333225,324097
20666,1.1428571428571428,10,-2953.8707361903676,324107
20667,4.142857142857142,7,-2949.72787904751,324114
20668,14.166666666666668,41,-2935.5612123808437,324155
20669,-2.8333333333333335,6,-2938.394545714177,324161
20670,-5.333333333333334,14,-2943.7278790475107,324175
20671,2.5,13,-2941.2278790475107,324188
20672,7.0,13,-2934.2278790475107,324201
20673,-1.0,7,-2935.2278790475107,324208
20674,-1.0,4,-2936.2278790475107,324212
20675,0.0,6,-2936.2278790475107,324218
20676,5.5,25,-2930.7278790475107,324243
20677,1.0,14,-2929.7278790475107,324257
20678,1.6285714285714286,18,-2928.0993076189393,324275
20679,0.0,6,-2928.0993076189393,324281
20680,0.20000000000000018,20,-2927.8993076189395,324301
20681,3.0,14,-2924.8993076189395,324315
20682,0.0,14,-2924.8993076189395,324329
20683,-1.0,6,-2925.8993076189395,324335
20684,-5.0,16,-2930.8993076189395,324351
20685,12.2,40,-2918.6993076189397,324391
20686,-1.0,22,-2919.6993076189397,324413
20687,4.0,12,-2915.6993076189397,324425
20688,1.0,4,-2914.6993076189397,324429
20689,1.0,9,-2913.6993076189397,324438
20690,1.5833333333333333,7,-2912.115974285606,324445
20691,0.6666666666666667,22,-2911.4493076189397,324467
20692,-4.0,9,-2915.4493076189397,324476
20693,-1.0,7,-2916.4493076189397,324483
20694,1.75,15,-2914.6993076189397,324498
20695,2.0,7,-2912.6993076189397,324505
20696,-3.0,6,-2915.6993076189397,324511
20697,0.0,9,-2915.6993076189397,324520
20698,-2.5,17,-2918.1993076189397,324537
20699,-1.0,39,-2919.1993076189397,324576
20700,0,0,-2919.1993076189397,324576
20701,0,0,-2919.1993076189397,324576
20702,0,0,-2919.1993076189397,324576
20703,0.0,8,-2919.1993076189397,324584
20704,-1.5714285714285714,3,-2920.770736190368,324587
20705,1.0,1,-2919.770736190368,324588
20706,2.0,4,-2917.770736190368,324592
20707,-2.0,9,-2919.770736190368,324601
20708,-2.0,17,-2921.770736190368,324618
20709,1.0,7,-2920.770736190368,324625
20710,0.0,3,-2920.770736190368,324628
20711,1.5,10,-2919.270736190368,324638
20712,0.7000000000000002,11,-2918.5707361903683,324649
20713,-4.883333333333334,41,-2923.4540695237015,324690
20714,0.0,4,-2923.4540695237015,324694
20715,2.5,4,-2920.9540695237015,324698
20716,-0.8,5,-2921.7540695237017,324703
20717,-3.0,4,-2924.7540695237017,324707
20718,4.0,9,-2920.7540695237017,324716
20719,0.0,7,-2920.7540695237017,324723
20720,0.3333333333333333,10,-2920.420736190368,324733
20721,1.0,1,-2919.420736190368,324734
20722,5.0,3,-2914.420736190368,324737
20723,-1.916666666666666,7,-2916.3374028570347,324744
20724,1.0,31,-2915.3374028570347,324775
20725,-10.5,24,-2925.8374028570347,324799
20726,-7.0,18,-2932.8374028570347,324817
20727,3.0,20,-2929.8374028570347,324837
20728,-0.6666666666666665,29,-2930.504069523701,324866
20729,-2.0,30,-2932.504069523701,324896
20730,-4.0,14,-2936.504069523701,324910
20731,2.0,23,-2934.504069523701,324933
20732,-2.6,21,-2937.104069523701,324954
20733,-1.1666666666666665,24,-2938.2707361903676,324978
20734,1.0,6,-2937.2707361903676,324984
20735,-12.016666666666666,30,-2949.2874028570345,325014
20736,-6.75,13,-2956.0374028570345,325027
20737,8.666666666666666,15,-2947.370736190368,325042
20738,0.10000000000000009,8,-2947.270736190368,325050
20739,0.16666666666666652,31,-2947.1040695237016,325081
20740,-11.0,17,-2958.1040695237016,325098
20741,-13.833333333333334,31,-2971.937402857035,325129
20742,0.1428571428571428,26,-2971.7945457141777,325155
20743,-3.1999066293183933,27,-2974.994452343496,325182
20744,-2.0576923076923075,31,-2977.0521446511884,325213
20745,-11.133333333333335,23,-2988.1854779845216,325236
20746,-4.0,23,-2992.1854779845216,325259
20747,-9.11111111111111,42,-3001.296589095633,325301
20748,2.111111111111111,28,-2999.1854779845216,325329
20749,-9.0,18,-3008.1854779845216,325347
20750,-7.0,11,-3015.1854779845216,325358
20751,-4.0,13,-3019.1854779845216,325371
20752,1.4000000000000004,27,-3017.7854779845215,325398
20753,-1.8,13,-3019.5854779845217,325411
20754,-2.0,9,-3021.5854779845217,325420
20755,0.7142857142857144,11,-3020.871192270236,325431
20756,-1.1111111111111112,31,-3021.9823033813473,325462
20757,1.8888888888888888,26,-3020.0934144924586,325488
20758,0.0,24,-3020.0934144924586,325512
20759,2.6913919413919416,32,-3017.4020225510667,325544
20760,2.0,28,-3015.4020225510667,325572
20761,1.0,4,-3014.4020225510667,325576
20762,-2.0,9,-3016.4020225510667,325585
20763,-2.0,15,-3018.4020225510667,325600
20764,-2.0,7,-3020.4020225510667,325607
20765,1.0,2,-3019.4020225510667,325609
20766,0.2,10,-3019.202022551067,325619
20767,0.5,17,-3018.702022551067,325636
20768,0.0,3,-3018.702022551067,325639
20769,0,0,-3018.702022551067,325639
20770,0,0,-3018.702022551067,325639
20771,2.0,13,-3016.702022551067,325652
20772,-8.452380952380953,35,-3025.1544035034476,325687
20773,6.0,20,-3019.1544035034476,325707
20774,0.0,2,-3019.1544035034476,325709
20775,4.0,5,-3015.1544035034476,325714
20776,0.6666666666666665,29,-3014.487736836781,325743
20777,0.0,23,-3014.487736836781,325766
20778,4.0,13,-3010.487736836781,325779
20779,0.25,13,-3010.237736836781,325792
20780,-3.25,11,-3013.487736836781,325803
20781,0.0,13,-3013.487736836781,325816
20782,2.5,16,-3010.987736836781,325832
20783,1.0,11,-3009.987736836781,325843
20784,1.0,9,-3008.987736836781,325852
20785,3.0,7,-3005.987736836781,325859
20786,1.0,8,-3004.987736836781,325867
20787,-4.0,9,-3008.987736836781,325876
20788,-0.5,8,-3009.487736836781,325884
20789,0.0,6,-3009.487736836781,325890
20790,3.75,14,-3005.737736836781,325904
20791,2.0,10,-3003.737736836781,325914
20792,2.0,3,-3001.737736836781,325917
20793,0.0,3,-3001.737736836781,325920
20794,3.875,16,-2997.862736836781,325936
20795,0.0,7,-2997.862736836781,325943
20796,-0.33333333333333326,42,-2998.1960701701146,325985
20797,0.0,2,-2998.1960701701146,325987
20798,0.0,17,-2998.1960701701146,326004
20799,-3.01010101010101,32,-3001.2061711802157,326036
20800,-1.0,23,-3002.2061711802157,326059
20801,-1.1111111111111112,24,-3003.317282291327,326083
20802,2.5,31,-3000.817282291327,326114
20803,3.0,3,-2997.817282291327,326117
20804,-1.0,21,-2998.817282291327,326138
20805,0.20000000000000018,20,-2998.6172822913272,326158
20806,-0.5,5,-2999.1172822913272,326163
20807,-8.0,39,-3007.1172822913272,326202
20808,-2.0,11,-3009.1172822913272,326213
20809,-2.0,10,-3011.1172822913272,326223
20810,8.2,8,-3002.9172822913274,326231
20811,-0.33333333333333326,11,-3003.250615624661,326242
20812,0.0,14,-3003.250615624661,326256
20813,3.0,7,-3000.250615624661,326263
20814,2.6666666666666665,5,-2997.5839489579944,326268
20815,-1.4666666666666663,24,-2999.050615624661,326292
20816,1.6666666666666667,17,-2997.3839489579946,326309
20817,-5.0,8,-3002.3839489579946,326317
20818,2.0,20,-3000.3839489579946,326337
20819,-4.0,12,-3004.3839489579946,326349
20820,4.0,7,-3000.3839489579946,326356
20821,-0.33333333333333326,5,-3000.717282291328,326361
20822,0.0,6,-3000.717282291328,326367
20823,-1.0,11,-3001.717282291328,326378
20824,0.0,6,-3001.717282291328,326384
20825,-3.0,11,-3004.717282291328,326395
20826,2.0,18,-3002.717282291328,326413
20827,-1.0,14,-3003.717282291328,326427
20828,-2.666666666666667,16,-3006.3839489579946,326443
20829,3.0,18,-3003.3839489579946,326461
20830,2.2,17,-3001.1839489579947,326478
20831,-2.8333333333333335,26,-3004.0172822913282,326504
20832,1.0,11,-3003.0172822913282,326515
20833,-0.25,20,-3003.2672822913282,326535
20834,-3.25,11,-3006.5172822913282,326546
20835,-5.166666666666667,14,-3011.6839489579947,326560
20836,1.0,37,-3010.6839489579947,326597
20837,-5.916666666666666,42,-3016.6006156246613,326639
20838,1.5,15,-3015.1006156246613,326654
20839,2.0,12,-3013.1006156246613,326666
20840,2.0,5,-3011.1006156246613,326671
20841,-0.33333333333333304,30,-3011.4339489579947,326701
20842,0.0,7,-3011.4339489579947,326708
20843,0.0,9,-3011.4339489579947,326717
20844,2.0,3,-3009.4339489579947,326720
20845,-1.0,13,-3010.4339489579947,326733
20846,-8.0,18,-3018.4339489579947,326751
20847,-3.0,7,-3021.4339489579947,326758
20848,0.0,1,-3021.4339489579947,326759
20849,-2.0,7,-3023.4339489579947,326766
20850,-1.0,7,-3024.4339489579947,326773
20851,3.0,4,-3021.4339489579947,326777
20852,2.0,3,-3019.4339489579947,326780
20853,-3.833333333333333,14,-3023.2672822913282,326794
20854,-1.0,5,-3024.2672822913282,326799
20855,1.0,3,-3023.2672822913282,326802
20856,-1.0,7,-3024.2672822913282,326809
20857,0.0,3,-3024.2672822913282,326812
20858,-1.1666666666666665,6,-3025.4339489579947,326818
20859,1.0,8,-3024.4339489579947,326826
20860,-2.0,10,-3026.4339489579947,326836
20861,0,0,-3026.4339489579947,326836
20862,0,0,-3026.4339489579947,326836
20863,0,0,-3026.4339489579947,326836
20864,1.0,17,-3025.4339489579947,326853
20865,-4.0,9,-3029.4339489579947,326862
20866,-4.4,13,-3033.833948957995,326875
20867,2.0,6,-3031.833948957995,326881
20868,2.0,7,-3029.833948957995,326888
20869,0,0,-3029.833948957995,326888
20870,0,0,-3029.833948957995,326888
20871,0,0,-3029.833948957995,326888
20872,0.0,5,-3029.833948957995,326893
20873,-0.33333333333333326,7,-3030.1672822913283,326900
20874,1.7000000000000002,28,-3028.4672822913285,326928
20875,-1.6,17,-3030.0672822913284,326945
20876,3.0,2,-3027.0672822913284,326947
20877,0.0,3,-3027.0672822913284,326950
20878,-4.916666666666667,17,-3031.983948957995,326967
20879,-3.916666666666667,19,-3035.9006156246614,326986
20880,1.0,5,-3034.9006156246614,326991
20881,0.0,15,-3034.9006156246614,327006
20882,-5.916666666666667,28,-3040.817282291328,327034
20883,-6.0,9,-3046.817282291328,327043
20884,0.0,3,-3046.817282291328,327046
20885,0.0,11,-3046.817282291328,327057
20886,2.0,9,-3044.817282291328,327066
20887,3.2,10,-3041.617282291328,327076
20888,1.6666666666666667,13,-3039.9506156246616,327089
20889,-3.0,14,-3042.9506156246616,327103
20890,-3.0,7,-3045.9506156246616,327110
20891,0.0,2,-3045.9506156246616,327112
20892,2.6666666666666665,6,-3043.283948957995,327118
20893,-0.8,5,-3044.0839489579953,327123
20894,-3.3333333333333335,23,-3047.417282291329,327146
20895,-4.25,20,-3051.667282291329,327166
20896,-0.25,11,-3051.917282291329,327177
20897,0.0,6,-3051.917282291329,327183
20898,0.0,2,-3051.917282291329,327185
20899,2.0,2,-3049.917282291329,327187
20900,0.0,4,-3049.917282291329,327191
20901,0.0,9,-3049.917282291329,327200
20902,3.0,8,-3046.917282291329,327208
20903,2.0,4,-3044.917282291329,327212
20904,-5.75,45,-3050.667282291329,327257
20905,-0.5,11,-3051.167282291329,327268
20906,-2.333333333333333,20,-3053.5006156246623,327288
20907,-2.0,3,-3055.5006156246623,327291
20908,0.0,5,-3055.5006156246623,327296
20909,-1.0,8,-3056.5006156246623,327304
20910,1.0,6,-3055.5006156246623,327310
20911,0.0,6,-3055.5006156246623,327316
20912,-0.5,5,-3056.0006156246623,327321
20913,3.0,11,-3053.0006156246623,327332
20914,-5.0,9,-3058.0006156246623,327341
20915,-9.333333333333334,28,-3067.3339489579957,327369
20916,-1.0,6,-3068.3339489579957,327375
20917,-7.0,27,-3075.3339489579957,327402
20918,6.0,13,-3069.3339489579957,327415
20919,3.9222222222222225,18,-3065.4117267357733,327433
20920,0.0,9,-3065.4117267357733,327442
20921,3.0,10,-3062.4117267357733,327452
20922,1.0,11,-3061.4117267357733,327463
20923,1.083333333333333,15,-3060.32839340244,327478
20924,3.75,13,-3056.57839340244,327491
20925,1.0,10,-3055.57839340244,327501
20926,-2.25,21,-3057.82839340244,327522
20927,2.0,10,-3055.82839340244,327532
20928,-2.821428571428571,22,-3058.6498219738683,327554
20929,-1.25,5,-3059.8998219738683,327559
20930,2.2,5,-3057.6998219738684,327564
20931,-0.16666666666666669,14,-3057.866488640535,327578
20932,3.0,2,-3054.866488640535,327580
20933,2.0,16,-3052.866488640535,327596
20934,-1.0,4,-3053.866488640535,327600
20935,5.0,10,-3048.866488640535,327610
20936,6.0,15,-3042.866488640535,327625
20937,2.0,21,-3040.866488640535,327646
20938,1.25,19,-3039.616488640535,327665
20939,-3.6666666666666665,21,-3043.2831553072015,327686
20940,1.0,29,-3042.2831553072015,327715
20941,-9.5,29,-3051.7831553072015,327744
20942,-1.25,28,-3053.0331553072015,327772
20943,-5.5,23,-3058.5331553072015,327795
20944,-2.0,14,-3060.5331553072015,327809
20945,-0.6666666666666665,12,-3061.199821973868,327821
20946,2.5333333333333337,5,-3058.6664886405347,327826
20947,1.0,5,-3057.6664886405347,327831
20948,-2.0,7,-3059.6664886405347,327838
20949,-1.5,6,-3061.1664886405347,327844
20950,-2.0,3,-3063.1664886405347,327847
20951,0.0,2,-3063.1664886405347,327849
20952,-0.33333333333333326,5,-3063.499821973868,327854
20953,0.0,4,-3063.499821973868,327858
20954,0.0,4,-3063.499821973868,327862
20955,0.0,5,-3063.499821973868,327867
20956,0.5,7,-3062.999821973868,327874
20957,-7.0,27,-3069.999821973868,327901
20958,-2.0,6,-3071.999821973868,327907
20959,3.3333333333333335,11,-3068.6664886405347,327918
20960,0.7777777777777777,11,-3067.888710862757,327929
20961,2.0,8,-3065.888710862757,327937
20962,-3.65,12,-3069.538710862757,327949
20963,-0.4,13,-3069.938710862757,327962
20964,-4.833333333333333,18,-3074.7720441960905,327980
20965,-5.0,22,-3079.7720441960905,328002
20966,1.0,11,-3078.7720441960905,328013
20967,-3.3333333333333335,34,-3082.105377529424,328047
20968,-12.333333333333334,18,-3094.4387108627575,328065
20969,-0.6666666666666667,4,-3095.105377529424,328069
20970,1.5454545454545454,7,-3093.5599229839695,328076
20971,2.1,15,-3091.4599229839696,328091
20972,-3.5,10,-3094.9599229839696,328101
20973,0.5454545454545454,7,-3094.414468438515,328108
20974,-6.0,10,-3100.414468438515,328118
20975,-0.33333333333333304,33,-3100.7478017718486,328151
20976,1.5,15,-3099.2478017718486,328166
20977,0.0,20,-3099.2478017718486,328186
20978,-0.25,9,-3099.4978017718486,328195
20979,2.0,2,-3097.4978017718486,328197
20980,-0.25,10,-3097.7478017718486,328207
20981,2.0,2,-3095.7478017718486,328209
20982,-1.0,6,-3096.7478017718486,328215
20983,-0.3333333333333335,9,-3097.081135105182,328224
20984,1.0,6,-3096.081135105182,328230
20985,0.0,6,-3096.081135105182,328236
20986,-3.0,13,-3099.081135105182,328249
20987,1.0,5,-3098.081135105182,328254
20988,1.5,6,-3096.581135105182,328260
20989,-2.3333333333333335,21,-3098.9144684385155,328281
20990,-4.333333333333333,30,-3103.247801771849,328311
20991,-5.166666666666666,23,-3108.4144684385155,328334
20992,-5.466666666666667,14,-3113.8811351051822,328348
20993,-3.5,13,-3117.3811351051822,328361
20994,-1.0,7,-3118.3811351051822,328368
20995,2.5,23,-3115.8811351051822,328391
20996,2.2,4,-3113.6811351051824,328395
20997,-5.333333333333334,19,-3119.014468438516,328414
20998,-3.0,4,-3122.014468438516,328418
20999,0.0,8,-3122.014468438516,328426
21000,4.0,21,-3118.014468438516,328447
21001,1.3333333333333335,6,-3116.6811351051824,328453
21002,-2.25,5,-3118.9311351051824,328458
21003,-2.0,7,-3120.9311351051824,328465
21004,-1.0,8,-3121.9311351051824,328473
21005,2.0,2,-3119.9311351051824,328475
21006,-4.190476190476191,28,-3124.1216112956586,328503
21007,-1.5,6,-3125.6216112956586,328509
21008,-5.0,7,-3130.6216112956586,328516
21009,2.0,2,-3128.6216112956586,328518
21010,-4.25,7,-3132.8716112956586,328525
21011,-2.6666666666666665,16,-3135.538277962325,328541
21012,-2.0,4,-3137.538277962325,328545
21013,-0.8833333333333331,12,-3138.4216112956583,328557
21014,-2.0,5,-3140.4216112956583,328562
21015,0.19999999999999996,10,-3140.2216112956585,328572
21016,-0.4,9,-3140.6216112956586,328581
21017,0.0,5,-3140.6216112956586,328586
21018,-2.0,9,-3142.6216112956586,328595
21019,0.0,12,-3142.6216112956586,328607
21020,0.0,5,-3142.6216112956586,328612
21021,0.0,8,-3142.6216112956586,328620
21022,0.0,5,-3142.6216112956586,328625
21023,-0.25,2,-3142.8716112956586,328627
21024,-3.0,9,-3145.8716112956586,328636
21025,-0.3333333333333333,30,-3146.204944628992,328666
21026,-2.8,15,-3149.0049446289922,328681
21027,0.0,5,-3149.0049446289922,328686
21028,-3.0,19,-3152.0049446289922,328705
21029,-2.5,13,-3154.5049446289922,328718
21030,3.0,17,-3151.5049446289922,328735
21031,-6.0,6,-3157.5049446289922,328741
21032,6.0,11,-3151.5049446289922,328752
21033,-1.0,5,-3152.5049446289922,328757
21034,-0.33333333333333304,16,-3152.8382779623257,328773
21035,1.6666666666666665,8,-3151.171611295659,328781
21036,-1.0,8,-3152.171611295659,328789
21037,-2.0,11,-3154.171611295659,328800
21038,5.078947368421053,20,-3149.092663927238,328820
21039,-0.25,8,-3149.342663927238,328828
21040,-1.05,12,-3150.392663927238,328840
21041,3.0,4,-3147.392663927238,328844
21042,-1.8055555555555556,27,-3149.198219482794,328871
21043,3.3333333333333335,21,-3145.8648861494603,328892
21044,-1.75,11,-3147.6148861494603,328903
21045,-6.0,12,-3153.6148861494603,328915
21046,2.1,22,-3151.5148861494604,328937
21047,-2.7333333333333334,18,-3154.2482194827935,328955
21048,-2.5,10,-3156.7482194827935,328965
21049,0.75,9,-3155.9982194827935,328974
21050,-7.0,5,-3162.9982194827935,328979
21051,2.0,9,-3160.9982194827935,328988
21052,2.0,6,-3158.9982194827935,328994
21053,0.0,16,-3158.9982194827935,329010
21054,-3.0,14,-3161.9982194827935,329024
21055,-1.0,8,-3162.9982194827935,329032
21056,-0.8,10,-3163.7982194827937,329042
21057,-4.333333333333333,24,-3168.131552816127,329066
21058,3.0,12,-3165.131552816127,329078
21059,1.5,14,-3163.631552816127,329092
21060,-1.5714285714285712,15,-3165.2029813875556,329107
21061,4.533333333333334,19,-3160.6696480542223,329126
21062,-3.333333333333333,25,-3164.002981387556,329151
21063,0.75,8,-3163.252981387556,329159
21064,-3.0,8,-3166.252981387556,329167
21065,2.0,15,-3164.252981387556,329182
21066,3.5,16,-3160.752981387556,329198
21067,3.2,8,-3157.552981387556,329206
21068,-0.4,6,-3157.952981387556,329212
21069,6.25,18,-3151.702981387556,329230
21070,2.2,25,-3149.5029813875562,329255
21071,2.0,5,-3147.5029813875562,329260
21072,-0.16666666666666674,9,-3147.6696480542228,329269
21073,-1.5,14,-3149.1696480542228,329283
21074,-3.5,19,-3152.6696480542228,329302
21075,-0.5,16,-3153.1696480542228,329318
21076,-3.7222222222222223,30,-3156.891870276445,329348
21077,2.95,18,-3153.941870276445,329366
21078,-0.16666666666666674,13,-3154.1085369431116,329379
21079,1.0,26,-3153.1085369431116,329405
21080,1.0,26,-3152.1085369431116,329431
21081,0.06666666666666665,22,-3152.041870276445,329453
21082,-9.65,34,-3161.691870276445,329487
21083,-2.75,17,-3164.441870276445,329504
21084,-3.0,30,-3167.441870276445,329534
21085,3.666666666666667,20,-3163.7752036097786,329554
21086,-0.6666666666666667,10,-3164.441870276445,329564
21087,0.33333333333333326,10,-3164.1085369431116,329574
21088,-5.619047619047619,19,-3169.7275845621593,329593
21089,3.0,14,-3166.7275845621593,329607
21090,-2.5,16,-3169.2275845621593,329623
21091,-3.0,9,-3172.2275845621593,329632
21092,4.2,4,-3168.0275845621595,329636
21093,3.083333333333333,15,-3164.944251228826,329651
21094,-0.25,6,-3165.194251228826,329657
21095,0.0,1,-3165.194251228826,329658
21096,3.0,15,-3162.194251228826,329673
21097,0.0,2,-3162.194251228826,329675
21098,-1.8,5,-3163.994251228826,329680
21099,1.0833333333333333,9,-3162.9109178954927,329689
21100,10.0,15,-3152.9109178954927,329704
21101,-1.0476190476190477,24,-3153.958536943112,329728
21102,-4.25,22,-3158.208536943112,329750
21103,3.384615384615385,28,-3154.8239215584967,329778
21104,-3.0,26,-3157.8239215584967,329804
21105,-1.619047619047619,36,-3159.4429691775445,329840
21106,-4.833333333333334,28,-3164.276302510878,329868
21107,1.0,3,-3163.276302510878,329871
21108,-3.0,3,-3166.276302510878,329874
21109,-3.333333333333334,16,-3169.6096358442114,329890
21110,-13.933333333333334,33,-3183.542969177545,329923
21111,-4.333333333333334,18,-3187.8763025108783,329941
21112,-1.6666666666666667,3,-3189.542969177545,329944
21113,-4.5,24,-3194.042969177545,329968
21114,-2.1111111111111107,17,-3196.154080288656,329985
21115,-3.0,16,-3199.154080288656,330001
21116,-11.9,22,-3211.054080288656,330023
21117,-7.5,23,-3218.554080288656,330046
21118,-4.833333333333334,18,-3223.3874136219897,330064
21119,-7.666666666666667,7,-3231.054080288656,330071
21120,-1.0,1,-3232.054080288656,330072
21121,-5.0,26,-3237.054080288656,330098
21122,0.0,22,-3237.054080288656,330120
21123,-1.0,15,-3238.054080288656,330135
21124,0.0,5,-3238.054080288656,330140
21125,4.416666666666667,34,-3233.6374136219897,330174
21126,-6.904761904761905,20,-3240.5421755267516,330194
21127,-2.0,10,-3242.5421755267516,330204
21128,-1.0,3,-3243.5421755267516,330207
21129,-18.03333333333333,22,-3261.575508860085,330229
21130,-3.3333333333333335,8,-3264.9088421934184,330237
21131,-1.0,9,-3265.9088421934184,330246
21132,-2.333333333333333,16,-3268.242175526752,330262
21133,-2.0,7,-3270.242175526752,330269
21134,-6.0,33,-3276.242175526752,330302
21135,-2.4999999999999996,17,-3278.742175526752,330319
21136,0.3333333333333333,3,-3278.4088421934184,330322
21137,3.0,17,-3275.4088421934184,330339
21138,-3.0,7,-3278.4088421934184,330346
21139,1.0333333333333337,27,-3277.375508860085,330373
21140,-4.0,14,-3281.375508860085,330387
21141,0.0,12,-3281.375508860085,330399
21142,-4.833333333333333,20,-3286.2088421934186,330419
21143,-0.25,12,-3286.4588421934186,330431
21144,5.0,15,-3281.4588421934186,330446
21145,-2.0,20,-3283.4588421934186,330466
21146,0.0,5,-3283.4588421934186,330471
21147,-2.0,13,-3285.4588421934186,330484
21148,2.5,36,-3282.9588421934186,330520
21149,-4.583333333333333,6,-3287.542175526752,330526
21150,-10.966666666666669,29,-3298.508842193419,330555
21151,2.0,4,-3296.508842193419,330559
21152,0,0,-3296.508842193419,330559
21153,0,0,-3296.508842193419,330559
21154,0,0,-3296.508842193419,330559
21155,-3.0,4,-3299.508842193419,330563
21156,-2.0,11,-3301.508842193419,330574
21157,-2.0,8,-3303.508842193419,330582
21158,-2.0,9,-3305.508842193419,330591
21159,-8.5,11,-3314.008842193419,330602
21160,-0.8571428571428572,7,-3314.8659850505614,330609
21161,1.8666666666666667,41,-3312.9993183838947,330650
21162,4.5,23,-3308.4993183838947,330673
21163,0.8333333333333333,13,-3307.665985050561,330686
21164,0.75,29,-3306.915985050561,330715
21165,-7.869696969696971,56,-3314.7856820202583,330771
21166,2.0,18,-3312.7856820202583,330789
21167,-0.33333333333333304,26,-3313.1190153535917,330815
21168,0.0,17,-3313.1190153535917,330832
21169,3.5,26,-3309.6190153535917,330858
21170,3.0,9,-3306.6190153535917,330867
21171,3.0,19,-3303.6190153535917,330886
21172,-0.9545454545454546,13,-3304.5735608081372,330899
21173,6.666666666666667,16,-3297.9068941414707,330915
21174,-7.5,25,-3305.4068941414707,330940
21175,7.75,31,-3297.6568941414707,330971
21176,-3.333333333333333,27,-3300.990227474804,330998
21177,3.0,36,-3297.990227474804,331034
21178,-0.8,15,-3298.7902274748044,331049
21179,-7.0,10,-3305.7902274748044,331059
21180,-1.8571428571428572,8,-3307.647370331947,331067
21181,-5.0,19,-3312.647370331947,331086
21182,10.80952380952381,26,-3301.837846522423,331112
21183,1.0,18,-3300.837846522423,331130
21184,-3.0,6,-3303.837846522423,331136
21185,1.0,6,-3302.837846522423,331142
21186,3.666666666666667,17,-3299.1711798557567,331159
21187,0.0,16,-3299.1711798557567,331175
21188,2.25,17,-3296.9211798557567,331192
21189,-9.190476190476192,24,-3306.111656046233,331216
21190,1.7954545454545454,32,-3304.3162015007783,331248
21191,-3.333333333333333,22,-3307.649534834112,331270
21192,0.7904761904761908,24,-3306.8590586436358,331294
21193,-2.0,10,-3308.8590586436358,331304
21194,-5.333333333333333,17,-3314.1923919769692,331321
21195,-2.0,33,-3316.1923919769692,331354
21196,-0.2166666666666665,27,-3316.409058643636,331381
21197,0.6000000000000001,20,-3315.809058643636,331401
21198,-7.0,34,-3322.809058643636,331435
21199,0.2,5,-3322.609058643636,331440
21200,-8.5,10,-3331.109058643636,331450
21201,-2.5,13,-3333.609058643636,331463
21202,0.6666666666666666,6,-3332.9423919769697,331469
21203,4.0,10,-3328.9423919769697,331479
21204,-1.0,8,-3329.9423919769697,331487
21205,5.5,32,-3324.4423919769697,331519
21206,0.0,4,-3324.4423919769697,331523
21207,-2.0,4,-3326.4423919769697,331527
21208,2.0,2,-3324.4423919769697,331529
21209,-2.0,14,-3326.4423919769697,331543
21210,-2.5,11,-3328.9423919769697,331554
21211,5.25,13,-3323.6923919769697,331567
21212,2.0,4,-3321.6923919769697,331571
21213,-4.833333333333333,17,-3326.525725310303,331588
21214,2.5454545454545454,12,-3323.9802707648487,331600
21215,-0.8,10,-3324.780270764849,331610
21216,1.0,6,-3323.780270764849,331616
21217,3.416666666666667,6,-3320.3636040981823,331622
21218,4.0,9,-3316.3636040981823,331631
21219,-0.6363636363636365,11,-3316.999967734546,331642
21220,-5.066666666666666,36,-3322.0666344012125,331678
21221,-2.6666666666666665,12,-3324.733301067879,331690
21222,-6.666666666666667,25,-3331.3999677345455,331715
21223,0.0,14,-3331.3999677345455,331729
21224,-6.5,23,-3337.8999677345455,331752
21225,0.3333333333333333,7,-3337.566634401212,331759
21226,0.0,18,-3337.566634401212,331777
21227,1.0428571428571427,25,-3336.523777258355,331802
21228,-5.0,9,-3341.523777258355,331811
21229,4.333333333333334,29,-3337.1904439250216,331840
21230,1.333333333333333,23,-3335.857110591688,331863
21231,-6.300000000000001,48,-3342.1571105916883,331911
21232,-2.5,18,-3344.6571105916883,331929
21233,1.0,9,-3343.6571105916883,331938
21234,-0.5,10,-3344.1571105916883,331948
21235,2.0,25,-3342.1571105916883,331973
21236,-0.5,7,-3342.6571105916883,331980
21237,-2.0,21,-3344.6571105916883,332001
21238,-4.9,16,-3349.5571105916883,332017
21239,-2.4,14,-3351.9571105916884,332031
21240,-11.15,33,-3363.1071105916885,332064
21241,1.5,15,-3361.6071105916885,332079
21242,0.0,6,-3361.6071105916885,332085
21243,-2.1666666666666665,9,-3363.773777258355,332094
21244,-2.833333333333333,12,-3366.6071105916885,332106
21245,2.0,25,-3364.6071105916885,332131
21246,2.5454545454545454,6,-3362.061656046234,332137
21247,1.0,33,-3361.061656046234,332170
21248,-2.5,19,-3363.561656046234,332189
21249,-0.8333333333333334,32,-3364.3949893795675,332221
21250,-1.5,7,-3365.8949893795675,332228
21251,1.0,8,-3364.8949893795675,332236
21252,3.0,12,-3361.8949893795675,332248
21253,0.5,17,-3361.3949893795675,332265
21254,1.0,9,-3360.3949893795675,332274
21255,-2.2333333333333334,35,-3362.6283227129006,332309
21256,1.3333333333333333,12,-3361.294989379567,332321
21257,-5.0,13,-3366.294989379567,332334
21258,-1.4,11,-3367.6949893795672,332345
21259,3.0,7,-3364.6949893795672,332352
21260,1.5,32,-3363.1949893795672,332384
21261,3.25,22,-3359.9449893795672,332406
21262,0.0,3,-3359.9449893795672,332409
21263,-2.0,2,-3361.9449893795672,332411
21264,-1.0,5,-3362.9449893795672,332416
21265,5.0,4,-3357.9449893795672,332420
21266,-4.5,17,-3362.4449893795672,332437
21267,-0.6000000000000001,18,-3363.044989379567,332455
21268,-4.0,11,-3367.044989379567,332466
21269,-4.0,12,-3371.044989379567,332478
21270,3.333333333333333,11,-3367.7116560462337,332489
21271,0.0,16,-3367.7116560462337,332505
21272,-8.166666666666666,27,-3375.8783227129,332532
21273,-0.8090909090909091,43,-3376.6874136219913,332575
21274,0.5,15,-3376.1874136219913,332590
21275,0.5,13,-3375.6874136219913,332603
21276,-1.7999999999999998,35,-3377.4874136219914,332638
21277,0.75,18,-3376.7374136219914,332656
21278,-6.8,20,-3383.5374136219916,332676
21279,0.0,3,-3383.5374136219916,332679
21280,-0.5,9,-3384.0374136219916,332688
21281,-1.0,4,-3385.0374136219916,332692
21282,-4.0,6,-3389.0374136219916,332698
21283,-0.5,5,-3389.5374136219916,332703
21284,1.0,15,-3388.5374136219916,332718
21285,-5.0,10,-3393.5374136219916,332728
21286,2.416666666666667,15,-3391.120746955325,332743
21287,2.0,5,-3389.120746955325,332748
21288,0.0,5,-3389.120746955325,332753
21289,-1.0,3,-3390.120746955325,332756
21290,-6.0,28,-3396.120746955325,332784
21291,0.0,3,-3396.120746955325,332787
21292,-3.0,7,-3399.120746955325,332794
21293,0.0,2,-3399.120746955325,332796
21294,1.0,3,-3398.120746955325,332799
21295,-0.8333333333333333,34,-3398.9540802886586,332833
21296,-5.487878787878788,25,-3404.4419590765374,332858
21297,0.75,8,-3403.6919590765374,332866
21298,-1.3,14,-3404.9919590765376,332880
21299,-2.0,14,-3406.9919590765376,332894
21300,-1.3333333333333333,4,-3408.325292409871,332898
21301,1.0,3,-3407.325292409871,332901
21302,-1.0,5,-3408.325292409871,332906
21303,-0.5,27,-3408.825292409871,332933
21304,0.0,8,-3408.825292409871,332941
21305,0.0,6,-3408.825292409871,332947
21306,2.0,9,-3406.825292409871,332956
21307,1.0,3,-3405.825292409871,332959
21308,-0.25,5,-3406.075292409871,332964
21309,-5.0,13,-3411.075292409871,332977
21310,0.0,5,-3411.075292409871,332982
21311,0.0,6,-3411.075292409871,332988
21312,-2.0,4,-3413.075292409871,332992
21313,-12.0,9,-3425.075292409871,333001
21314,-2.0,3,-3427.075292409871,333004
21315,1.6666666666666665,19,-3425.4086257432045,333023
21316,2.5,3,-3422.9086257432045,333026
21317,-0.5,6,-3423.4086257432045,333032
21318,-0.8857142857142861,9,-3424.2943400289187,333041
21319,1.5,21,-3422.7943400289187,333062
21320,-0.5,4,-3423.2943400289187,333066
21321,-1.0,15,-3424.2943400289187,333081
21322,-1.5,14,-3425.7943400289187,333095
21323,-3.0,7,-3428.7943400289187,333102
21324,-3.9333333333333327,27,-3432.727673362252,333129
21325,0.0,4,-3432.727673362252,333133
21326,-2.0,6,-3434.727673362252,333139
21327,-2.3333333333333335,5,-3437.0610066955855,333144
21328,0.0,13,-3437.0610066955855,333157
21329,2.0833333333333335,7,-3434.977673362252,333164
21330,0.0,10,-3434.977673362252,333174
21331,0.0,2,-3434.977673362252,333176
21332,-1.3333333333333333,4,-3436.3110066955855,333180
21333,1.3333333333333333,5,-3434.977673362252,333185
21334,0.6,32,-3434.377673362252,333217
21335,4.0,25,-3430.377673362252,333242
21336,3.833333333333333,16,-3426.5443400289187,333258
21337,2.0,2,-3424.5443400289187,333260
21338,0.5,4,-3424.0443400289187,333264
21339,1.5,10,-3422.5443400289187,333274
21340,-6.488095238095237,42,-3429.032435267014,333316
21341,2.0,4,-3427.032435267014,333320
21342,-8.5,18,-3435.532435267014,333338
21343,0.0,5,-3435.532435267014,333343
21344,0.0,4,-3435.532435267014,333347
21345,-3.333333333333333,10,-3438.8657686003476,333357
21346,3.0,20,-3435.8657686003476,333377
21347,0.0,1,-3435.8657686003476,333378
21348,-2.5,16,-3438.3657686003476,333394
21349,-3.0,17,-3441.3657686003476,333411
21350,-0.33333333333333337,3,-3441.699101933681,333414
21351,-3.571428571428571,5,-3445.2705305051095,333419
21352,3.0,12,-3442.2705305051095,333431
21353,2.0,4,-3440.2705305051095,333435
21354,0.0,4,-3440.2705305051095,333439
21355,-3.0,2,-3443.2705305051095,333441
21356,2.0,16,-3441.2705305051095,333457
21357,0.0,5,-3441.2705305051095,333462
21358,2.0,4,-3439.2705305051095,333466
21359,4.0,5,-3435.2705305051095,333471
21360,-0.5,15,-3435.7705305051095,333486
21361,0.0,6,-3435.7705305051095,333492
21362,-2.666666666666667,31,-3438.437197171776,333523
21363,0.0,3,-3438.437197171776,333526
21364,2.5,6,-3435.937197171776,333532
21365,-2.0,2,-3437.937197171776,333534
21366,0.0,4,-3437.937197171776,333538
21367,2.0,6,-3435.937197171776,333544
21368,-7.0,20,-3442.937197171776,333564
21369,1.0,2,-3441.937197171776,333566
21370,-5.857142857142858,21,-3447.7943400289187,333587
21371,2.0,60,-3445.7943400289187,333647
21372,-2.0,4,-3447.7943400289187,333651
21373,0.0,6,-3447.7943400289187,333657
21374,-2.0,4,-3449.7943400289187,333661
21375,1.0,4,-3448.7943400289187,333665
21376,-2.5,19,-3451.2943400289187,333684
21377,0.0,6,-3451.2943400289187,333690
21378,0.0,5,-3451.2943400289187,333695
21379,-7.9,40,-3459.1943400289188,333735
21380,-1.0,16,-3460.1943400289188,333751
21381,1.0,4,-3459.1943400289188,333755
21382,1.2000000000000002,23,-3457.994340028919,333778
21383,-3.3666666666666667,9,-3461.3610066955857,333787
21384,-1.0,6,-3462.3610066955857,333793
21385,1.9285714285714288,13,-3460.432435267014,333806
21386,5.0,17,-3455.432435267014,333823
21387,0.0,4,-3455.432435267014,333827
21388,-17.583333333333332,49,-3473.0157686003477,333876
21389,-1.25,26,-3474.2657686003477,333902
21390,-1.0,8,-3475.2657686003477,333910
21391,4.5,32,-3470.7657686003477,333942
21392,1.5,21,-3469.2657686003477,333963
21393,0.10101010101010122,26,-3469.1647584993375,333989
21394,-1.2000000000000002,12,-3470.3647584993373,334001
21395,1.0,24,-3469.3647584993373,334025
21396,3.0,10,-3466.3647584993373,334035
21397,-5.333333333333333,14,-3471.698091832671,334049
21398,-2.2,5,-3473.8980918326706,334054
21399,-2.0,11,-3475.8980918326706,334065
21400,0.0,11,-3475.8980918326706,334076
21401,0.0,7,-3475.8980918326706,334083
21402,3.0,19,-3472.8980918326706,334102
21403,-2.8,21,-3475.698091832671,334123
21404,-2.0,3,-3477.698091832671,334126
21405,4.0,3,-3473.698091832671,334129
21406,0.0,3,-3473.698091832671,334132
21407,1.5,27,-3472.198091832671,334159
21408,5.5,13,-3466.698091832671,334172
21409,1.1428571428571428,16,-3465.5552346898135,334188
21410,3.428571428571429,32,-3462.126663261242,334220
21411,3.1666666666666665,31,-3458.9599965945754,334251
21412,-2.8333333333333335,11,-3461.793329927909,334262
21413,-3.0,4,-3464.793329927909,334266
21414,-3.7,17,-3468.4933299279087,334283
21415,3.0,27,-3465.4933299279087,334310
21416,2.999999999999999,53,-3462.4933299279087,334363
21417,-0.3333333333333333,7,-3462.826663261242,334370
21418,-5.487179487179486,25,-3468.313842748422,334395
21419,1.0,29,-3467.313842748422,334424
21420,0.0,5,-3467.313842748422,334429
21421,1.5,13,-3465.813842748422,334442
21422,2.25,10,-3463.563842748422,334452
21423,-1.0,9,-3464.563842748422,334461
21424,-0.5,7,-3465.063842748422,334468
21425,-3.0,14,-3468.063842748422,334482
21426,-1.4545454545454546,12,-3469.5183882029673,334494
21427,3.0,4,-3466.5183882029673,334498
21428,0.0,7,-3466.5183882029673,334505
21429,0.0,1,-3466.5183882029673,334506
21430,4.7,16,-3461.8183882029675,334522
21431,-1.5,8,-3463.3183882029675,334530
21432,-4.090909090909091,37,-3467.4092972938765,334567
21433,3.0,14,-3464.4092972938765,334581
21434,2.0,12,-3462.4092972938765,334593
21435,1.2,3,-3461.2092972938767,334596
21436,-1.0,12,-3462.2092972938767,334608
21437,3.0,6,-3459.2092972938767,334614
21438,-3.0,4,-3462.2092972938767,334618
21439,-1.0,12,-3463.2092972938767,334630
21440,0.0,4,-3463.2092972938767,334634
21441,2.0,5,-3461.2092972938767,334639
21442,0.3333333333333333,11,-3460.8759639605432,334650
21443,0.0,6,-3460.8759639605432,334656
21444,1.3333333333333333,9,-3459.5426306272097,334665
21445,-2.0,7,-3461.5426306272097,334672
21446,-8.333333333333332,11,-3469.8759639605432,334683
21447,-2.5,15,-3472.3759639605432,334698
21448,0.0,7,-3472.3759639605432,334705
21449,0.0,6,-3472.3759639605432,334711
21450,-2.4285714285714284,18,-3474.804535389115,334729
21451,0.0,18,-3474.804535389115,334747
21452,1.0476190476190477,18,-3473.7569163414955,334765
21453,-0.9111111111111111,19,-3474.6680274526066,334784
21454,0.0,15,-3474.6680274526066,334799
21455,3.0,25,-3471.6680274526066,334824
21456,-0.5,17,-3472.1680274526066,334841
21457,0.0,10,-3472.1680274526066,334851
21458,3.2,12,-3468.9680274526067,334863
21459,2.0,11,-3466.9680274526067,334874
21460,1.0,13,-3465.9680274526067,334887
21461,2.5,15,-3463.4680274526067,334902
21462,-3.333333333333333,11,-3466.8013607859402,334913
21463,-10.636363636363637,14,-3477.4377244223037,334927
21464,4.75,22,-3472.6877244223037,334949
21465,-3.0,8,-3475.6877244223037,334957
21466,-1.6666666666666667,15,-3477.3543910889703,334972
21467,0.0,3,-3477.3543910889703,334975
21468,-3.0,12,-3480.3543910889703,334987
21469,-2.0,17,-3482.3543910889703,335004
21470,-3.0,5,-3485.3543910889703,335009
21471,1.333333333333333,24,-3484.021057755637,335033
21472,1.0,17,-3483.021057755637,335050
21473,3.5,21,-3479.521057755637,335071
21474,-7.0,19,-3486.521057755637,335090
21475,4.416666666666666,19,-3482.1043910889703,335109
21476,7.25,24,-3474.8543910889703,335133
21477,-1.0,13,-3475.8543910889703,335146
21478,-1.0,9,-3476.8543910889703,335155
21479,1.0,9,-3475.8543910889703,335164
21480,2.0,10,-3473.8543910889703,335174
21481,-1.1111111111111112,4,-3474.9655022000816,335178
21482,-1.0,9,-3475.9655022000816,335187
21483,-5.0,11,-3480.9655022000816,335198
21484,3.0,19,-3477.9655022000816,335217
21485,-2.2,6,-3480.1655022000814,335223
21486,0.0,4,-3480.1655022000814,335227
21487,0.0,6,-3480.1655022000814,335233
21488,-2.2,5,-3482.365502200081,335238
21489,0.0,14,-3482.365502200081,335252
21490,2.0,10,-3480.365502200081,335262
21491,0.0,7,-3480.365502200081,335269
21492,0.0,4,-3480.365502200081,335273
21493,0.0,9,-3480.365502200081,335282
21494,-0.0714285714285714,8,-3480.4369307715097,335290
21495,0.0,5,-3480.4369307715097,335295
21496,-4.2,15,-3484.6369307715095,335310
21497,-7.5,13,-3492.1369307715095,335323
21498,-3.0,20,-3495.1369307715095,335343
21499,3.6666666666666665,14,-3491.470264104843,335357
21500,0.75,25,-3490.720264104843,335382
21501,-3.0,25,-3493.720264104843,335407
21502,-8.65,26,-3502.370264104843,335433
21503,1.0,18,-3501.370264104843,335451
21504,-1.5,13,-3502.870264104843,335464
21505,0.0,14,-3502.870264104843,335478
21506,-7.277777777777778,33,-3510.148041882621,335511
21507,-4.0,3,-3514.148041882621,335514
21508,-3.0,5,-3517.148041882621,335519
21509,0.0,3,-3517.148041882621,335522
21510,-2.25,4,-3519.398041882621,335526
21511,3.75,16,-3515.648041882621,335542
21512,2.0,7,-3513.648041882621,335549
21513,-2.5,13,-3516.148041882621,335562
21514,-2.5,9,-3518.648041882621,335571
21515,-2.0,4,-3520.648041882621,335575
21516,-1.0,1,-3521.648041882621,335576
21517,-1.0,4,-3522.648041882621,335580
21518,-4.7333333333333325,56,-3527.381375215954,335636
21519,-1.8333333333333333,6,-3529.2147085492875,335642
21520,-3.1666666666666665,15,-3532.381375215954,335657
21521,-2.25,8,-3534.631375215954,335665
21522,0.0,3,-3534.631375215954,335668
21523,1.4000000000000004,23,-3533.231375215954,335691
21524,-2.0,1,-3535.231375215954,335692
21525,0.0,2,-3535.231375215954,335694
21526,0.0,2,-3535.231375215954,335696
21527,-2.0,17,-3537.231375215954,335713
21528,-0.7999999999999998,13,-3538.031375215954,335726
21529,0.09999999999999998,15,-3537.931375215954,335741
21530,-5.5,17,-3543.431375215954,335758
21531,-3.5,28,-3546.931375215954,335786
21532,-6.5576923076923075,15,-3553.4890675236466,335801
21533,0.6666666666666665,27,-3552.82240085698,335828
21534,2.5,30,-3550.32240085698,335858
21535,-1.5,15,-3551.82240085698,335873
21536,-3.3333333333333335,21,-3555.1557341903135,335894
21537,-3.0,19,-3558.1557341903135,335913
21538,-8.0,11,-3566.1557341903135,335924
21539,-4.0,5,-3570.1557341903135,335929
21540,7.666666666666667,14,-3562.489067523647,335943
21541,2.0,31,-3560.489067523647,335974
21542,-2.5,11,-3562.989067523647,335985
21543,-1.0,8,-3563.989067523647,335993
21544,-1.0,8,-3564.989067523647,336001
21545,1.75,14,-3563.239067523647,336015
21546,4.0476190476190474,31,-3559.1914484760277,336046
21547,3.75,9,-3555.4414484760277,336055
21548,-1.5833333333333335,19,-3557.0247818093612,336074
21549,1.0,9,-3556.0247818093612,336083
21550,-3.0,6,-3559.0247818093612,336089
21551,0.0,12,-3559.0247818093612,336101
21552,1.0,11,-3558.0247818093612,336112
21553,-5.857142857142858,28,-3563.881924666504,336140
21554,0.7,15,-3563.181924666504,336155
21555,-4.333333333333334,16,-3567.5152579998376,336171
21556,0.0,4,-3567.5152579998376,336175
21557,1.0,3,-3566.5152579998376,336178
21558,-3.0,22,-3569.5152579998376,336200
21559,-0.25,4,-3569.7652579998376,336204
21560,-2.0,4,-3571.7652579998376,336208
21561,0.0,1,-3571.7652579998376,336209
21562,-2.333333333333334,31,-3574.098591333171,336240
21563,-0.8333333333333334,6,-3574.9319246665045,336246
21564,-2.0,6,-3576.9319246665045,336252
21565,-1.0,5,-3577.9319246665045,336257
21566,-8.0,6,-3585.9319246665045,336263
21567,-1.0,10,-3586.9319246665045,336273
21568,2.0,4,-3584.9319246665045,336277
21569,-2.0,16,-3586.9319246665045,336293
21570,-8.0,8,-3594.9319246665045,336301
21571,0.0,7,-3594.9319246665045,336308
21572,0.0,1,-3594.9319246665045,336309
21573,1.0,4,-3593.9319246665045,336313
21574,2.0,18,-3591.9319246665045,336331
21575,0.0,9,-3591.9319246665045,336340
21576,0.3333333333333333,21,-3591.598591333171,336361
21577,0.0,3,-3591.598591333171,336364
21578,-1.0,21,-3592.598591333171,336385
21579,0.0,4,-3592.598591333171,336389
21580,3.2028985507246377,16,-3589.3956927824465,336405
21581,2.0,4,-3587.3956927824465,336409
21582,-3.333333333333333,15,-3590.72902611578,336424
21583,0.0,5,-3590.72902611578,336429
21584,-3.0,8,-3593.72902611578,336437
21585,-4.666666666666667,23,-3598.3956927824465,336460
21586,0.5,6,-3597.8956927824465,336466
21587,0.0,4,-3597.8956927824465,336470
21588,-1.0,10,-3598.8956927824465,336480
21589,4.0,18,-3594.8956927824465,336498
21590,0.0,3,-3594.8956927824465,336501
21591,1.0,2,-3593.8956927824465,336503
21592,0.0,1,-3593.8956927824465,336504
21593,-2.0,6,-3595.8956927824465,336510
21594,-3.5,17,-3599.3956927824465,336527
21595,1.2,16,-3598.1956927824467,336543
21596,-3.466666666666667,36,-3601.6623594491134,336579
21597,0.0,5,-3601.6623594491134,336584
21598,-3.0,10,-3604.6623594491134,336594
21599,4.0,6,-3600.6623594491134,336600
21600,3.0,15,-3597.6623594491134,336615
21601,-1.3333333333333335,22,-3598.995692782447,336637
21602,0.3333333333333333,2,-3598.6623594491134,336639
21603,-1.4666666666666668,11,-3600.12902611578,336650
21604,-3.0,4,-3603.12902611578,336654
21605,-1.333333333333333,10,-3604.4623594491136,336664
21606,1.3333333333333333,9,-3603.12902611578,336673
21607,0.0,5,-3603.12902611578,336678
21608,-1.6666666666666667,5,-3604.7956927824466,336683
21609,-1.333333333333333,7,-3606.12902611578,336690
21610,2.2,12,-3603.9290261157803,336702
21611,-0.75,7,-3604.6790261157803,336709
21612,2.0,16,-3602.6790261157803,336725
21613,0.3999999999999999,28,-3602.27902611578,336753
21614,-0.9166666666666666,12,-3603.1956927824467,336765
21615,-2.25,8,-3605.4456927824467,336773
21616,-2.0,6,-3607.4456927824467,336779
21617,-2.0,6,-3609.4456927824467,336785
21618,-6.416666666666666,24,-3615.8623594491132,336809
21619,5.0,14,-3610.8623594491132,336823
21620,1.0,18,-3609.8623594491132,336841
21621,2.0,6,-3607.8623594491132,336847
21622,0.0,14,-3607.8623594491132,336861
21623,0.6666666666666667,9,-3607.1956927824467,336870
21624,-1.3333333333333333,5,-3608.52902611578,336875
21625,1.0,8,-3607.52902611578,336883
21626,1.0,4,-3606.52902611578,336887
21627,-1.0,4,-3607.52902611578,336891
21628,-4.0,16,-3611.52902611578,336907
21629,-2.0,17,-3613.52902611578,336924
21630,2.0,20,-3611.52902611578,336944
21631,-7.0,18,-3618.52902611578,336962
21632,-3.333333333333333,16,-3621.8623594491137,336978
21633,3.857142857142857,18,-3618.005216591971,336996
21634,-3.0999999999999996,26,-3621.105216591971,337022
21635,-4.333333333333333,18,-3625.4385499253044,337040
21636,-2.0,9,-3627.4385499253044,337049
21637,-2.0,2,-3629.4385499253044,337051
21638,-2.0,7,-3631.4385499253044,337058
21639,-3.3333333333333335,24,-3634.771883258638,337082
21640,2.05,21,-3632.7218832586377,337103
21641,-6.5,21,-3639.2218832586377,337124
21642,-0.398989898989899,22,-3639.6208731576276,337146
21643,-3.0,3,-3642.6208731576276,337149
21644,-4.0,4,-3646.6208731576276,337153
21645,-1.5,7,-3648.1208731576276,337160
21646,0.0,7,-3648.1208731576276,337167
21647,-2.0,8,-3650.1208731576276,337175
21648,-2.0,2,-3652.1208731576276,337177
21649,0.75,5,-3651.3708731576276,337182
21650,0.8888888888888888,3,-3650.481984268739,337185
21651,-3.0,9,-3653.481984268739,337194
21652,-2.0,6,-3655.481984268739,337200
21653,-2.0,9,-3657.481984268739,337209
21654,1.0,12,-3656.481984268739,337221
21655,5.533333333333333,21,-3650.9486509354056,337242
21656,1.1388888888888888,16,-3649.809762046517,337258
21657,-3.0,3,-3652.809762046517,337261
21658,-0.5,5,-3653.309762046517,337266
21659,-0.33333333333333326,9,-3653.6430953798504,337275
21660,-3.0,16,-3656.6430953798504,337291
21661,0.75,4,-3655.8930953798504,337295
21662,-7.333333333333333,9,-3663.226428713184,337304
21663,-3.0,7,-3666.226428713184,337311
21664,1.0,4,-3665.226428713184,337315
21665,-0.666666666666667,16,-3665.8930953798504,337331
21666,2.666666666666667,6,-3663.226428713184,337337
21667,0.0,1,-3663.226428713184,337338
21668,-1.333333333333333,14,-3664.5597620465173,337352
21669,-0.6666666666666665,11,-3665.226428713184,337363
21670,0.0,4,-3665.226428713184,337367
21671,8.5,18,-3656.726428713184,337385
21672,4.0,9,-3652.726428713184,337394
21673,3.0,11,-3649.726428713184,337405
21674,5.666666666666667,24,-3644.0597620465173,337429
21675,-4.463768115942029,32,-3648.5235301624593,337461
21676,0.8809523809523807,18,-3647.642577781507,337479
21677,-5.0,25,-3652.642577781507,337504
21678,0.16666666666666652,23,-3652.4759111148405,337527
21679,-3.333333333333333,17,-3655.809244448174,337544
21680,-1.023809523809524,28,-3656.8330539719836,337572
21681,0.33333333333333337,29,-3656.49972063865,337601
21682,-2.0,8,-3658.49972063865,337609
21683,3.083333333333333,10,-3655.4163873053167,337619
21684,-13.3,48,-3668.716387305317,337667
21685,0.0,15,-3668.716387305317,337682
21686,0.0,4,-3668.716387305317,337686
21687,-1.276190476190476,11,-3669.9925777815074,337697
21688,0.5333333333333333,6,-3669.459244448174,337703
21689,-1.0,7,-3670.459244448174,337710
21690,-3.0,20,-3673.459244448174,337730
21691,-1.0,12,-3674.459244448174,337742
21692,0.0,5,-3674.459244448174,337747
21693,0.2,4,-3674.2592444481743,337751
21694,0.25555555555555554,17,-3674.003688892619,337768
21695,0.0,6,-3674.003688892619,337774
21696,-3.5,21,-3677.503688892619,337795
21697,-1.4545454545454546,17,-3678.9582343471643,337812
21698,-0.3,22,-3679.2582343471645,337834
21699,0,0,-3679.2582343471645,337834
21700,0,0,-3679.2582343471645,337834
21701,0.0,2,-3679.2582343471645,337836
21702,0,0,-3679.2582343471645,337836
21703,0,0,-3679.2582343471645,337836
21704,-2.0,3,-3681.2582343471645,337839
21705,3.0,13,-3678.2582343471645,337852
21706,3.0789473684210527,10,-3675.179286978743,337862
21707,-1.5,2,-3676.679286978743,337864
21708,0.0,3,-3676.679286978743,337867
21709,0.0,8,-3676.679286978743,337875
21710,-2.8,28,-3679.4792869787434,337903
21711,2.0,2,-3677.4792869787434,337905
21712,5.2,14,-3672.2792869787436,337919
21713,6.5,13,-3665.7792869787436,337932
21714,0.2,3,-3665.5792869787438,337935
21715,-3.8,25,-3669.379286978744,337960
21716,-2.1304347826086953,5,-3671.5097217613525,337965
21717,-2.7976190476190474,11,-3674.3073408089717,337976
21718,0.0,2,-3674.3073408089717,337978
21719,2.0,18,-3672.3073408089717,337996
21720,1.6666666666666667,6,-3670.640674142305,338002
21721,-2.5,19,-3673.140674142305,338021
21722,6.5,16,-3666.640674142305,338037
21723,-2.666666666666666,18,-3669.3073408089717,338055
21724,0.0,1,-3669.3073408089717,338056
21725,1.0,1,-3668.3073408089717,338057
21726,0.5,7,-3667.8073408089717,338064
21727,-7.0,15,-3674.8073408089717,338079
21728,-2.5212121212121232,26,-3677.328552930184,338105
21729,0.0,7,-3677.328552930184,338112
21730,-2.0,2,-3679.328552930184,338114
21731,1.0,21,-3678.328552930184,338135
21732,3.0,9,-3675.328552930184,338144
21733,2.0,4,-3673.328552930184,338148
21734,1.5,9,-3671.828552930184,338157
21735,-0.75,45,-3672.578552930184,338202
21736,3.0,8,-3669.578552930184,338210
21737,0,0,-3669.578552930184,338210
21738,0,0,-3669.578552930184,338210
21739,0,0,-3669.578552930184,338210
21740,1.0,8,-3668.578552930184,338218
21741,0.3333333333333335,12,-3668.2452195968503,338230
21742,1.0,13,-3667.2452195968503,338243
21743,4.0,7,-3663.2452195968503,338250
21744,0.0,7,-3663.2452195968503,338257
21745,-1.0,12,-3664.2452195968503,338269
21746,0.0,30,-3664.2452195968503,338299
21747,-0.5,36,-3664.7452195968503,338335
21748,1.75,17,-3662.9952195968503,338352
21749,1.5,26,-3661.4952195968503,338378
21750,-0.19999999999999996,15,-3661.69521959685,338393
21751,-3.0,11,-3664.69521959685,338404
21752,-5.333333333333334,24,-3670.0285529301837,338428
21753,0.0,6,-3670.0285529301837,338434
21754,-1.1111111111111112,5,-3671.139664041295,338439
21755,8.0,18,-3663.139664041295,338457
21756,6.733333333333333,38,-3656.406330707962,338495
21757,4.25,27,-3652.156330707962,338522
21758,0.5,27,-3651.656330707962,338549
21759,1.0,6,-3650.656330707962,338555
21760,-0.8269230769230769,19,-3651.4832537848847,338574
21761,1.0,21,-3650.4832537848847,338595
21762,3.2,15,-3647.283253784885,338610
21763,1.0,5,-3646.283253784885,338615
21764,-2.4,9,-3648.683253784885,338624
21765,-1.0,3,-3649.683253784885,338627
21766,0.0,3,-3649.683253784885,338630
21767,10.75,32,-3638.933253784885,338662
21768,-2.0,2,-3640.933253784885,338664
21769,2.0,8,-3638.933253784885,338672
21770,2.0,6,-3636.933253784885,338678
21771,-2.0,3,-3638.933253784885,338681
21772,-10.0,38,-3648.933253784885,338719
21773,-3.0,27,-3651.933253784885,338746
21774,2.2,28,-3649.733253784885,338774
21775,1.0,3,-3648.733253784885,338777
21776,3.0,10,-3645.733253784885,338787
21777,0.6285714285714288,21,-3645.104682356314,338808
21778,1.0,4,-3644.104682356314,338812
21779,2.666666666666667,14,-3641.4380156896473,338826
21780,-0.6000000000000001,6,-3642.038015689647,338832
21781,0.0,2,-3642.038015689647,338834
21782,0.3333333333333333,14,-3641.7046823563137,338848
21783,-8.5,26,-3650.2046823563137,338874
21784,-1.0,25,-3651.2046823563137,338899
21785,-1.0,10,-3652.2046823563137,338909
21786,2.0,4,-3650.2046823563137,338913
21787,-4.0,6,-3654.2046823563137,338919
21788,-1.6666666666666667,9,-3655.87134902298,338928
21789,0.0,5,-3655.87134902298,338933
21790,0.0,7,-3655.87134902298,338940
21791,-5.0,27,-3660.87134902298,338967
21792,-10.316666666666666,42,-3671.188015689647,339009
21793,0.0,3,-3671.188015689647,339012
21794,-1.4,9,-3672.588015689647,339021
21795,1.0,11,-3671.588015689647,339032
21796,7.0,10,-3664.588015689647,339042
21797,2.2,14,-3662.388015689647,339056
21798,3.5,6,-3658.888015689647,339062
21799,0.16666666666666652,19,-3658.7213490229806,339081
21800,2.666666666666667,27,-3656.054682356314,339108
21801,4.333333333333334,18,-3651.7213490229806,339126
21802,2.0,7,-3649.7213490229806,339133
21803,-3.0,13,-3652.7213490229806,339146
21804,-2.25,15,-3654.9713490229806,339161
21805,1.2,23,-3653.7713490229808,339184
21806,-3.0,6,-3656.7713490229808,339190
21807,0.0,7,-3656.7713490229808,339197
21808,1.2,10,-3655.571349022981,339207
21809,0.0,12,-3655.571349022981,339219
21810,-3.0,9,-3658.571349022981,339228
21811,-0.5476190476190477,27,-3659.1189680706,339255
21812,-1.0,11,-3660.1189680706,339266
21813,-2.5,6,-3662.6189680706,339272
21814,-3.0,9,-3665.6189680706,339281
21815,1.0,16,-3664.6189680706,339297
21816,1.0,7,-3663.6189680706,339304
21817,-1.0,1,-3664.6189680706,339305
21818,-0.6666666666666666,5,-3665.2856347372667,339310
21819,3.833333333333333,11,-3661.4523014039332,339321
21820,-3.0,3,-3664.4523014039332,339324
21821,-0.13043478260869557,4,-3664.5827361865418,339328
21822,-4.307692307692307,54,-3668.890428494234,339382
21823,-3.9411764705882355,10,-3672.8316049648224,339392
21824,-5.333333333333334,19,-3678.164938298156,339411
21825,-5.0,40,-3683.164938298156,339451
21826,-0.6666666666666667,17,-3683.8316049648224,339468
21827,-1.0,5,-3684.8316049648224,339473
21828,-4.1,21,-3688.9316049648223,339494
21829,-1.0,5,-3689.9316049648223,339499
21830,-0.33333333333333326,8,-3690.264938298156,339507
21831,4.0,10,-3686.264938298156,339517
21832,1.3333333333333333,21,-3684.9316049648223,339538
21833,-5.5,32,-3690.4316049648223,339570
21834,-1.6666666666666667,25,-3692.098271631489,339595
21835,-6.447619047619048,17,-3698.5458906791077,339612
21836,-3.0,14,-3701.5458906791077,339626
21837,-3.0,24,-3704.5458906791077,339650
21838,3.333333333333333,11,-3701.2125573457743,339661
21839,6.904761904761903,41,-3694.3077954410123,339702
21840,-0.7,26,-3695.007795441012,339728
21841,-1.9523809523809526,42,-3696.960176393393,339770
21842,5.0023809523809515,54,-3691.957795441012,339824
21843,0.5,5,-3691.457795441012,339829
21844,0.0,4,-3691.457795441012,339833
21845,2.0833333333333335,22,-3689.3744621076785,339855
21846,-7.571428571428571,25,-3696.945890679107,339880
21847,3.833333333333333,9,-3693.1125573457734,339889
21848,-2.0,14,-3695.1125573457734,339903
21849,-4.0,13,-3699.1125573457734,339916
21850,-3.0,13,-3702.1125573457734,339929
21851,-2.4,9,-3704.5125573457735,339938
21852,-4.0,5,-3708.5125573457735,339943
21853,-1.4,6,-3709.9125573457736,339949
21854,1.0,7,-3708.9125573457736,339956
21855,-0.5,10,-3709.4125573457736,339966
21856,-3.166666666666667,21,-3712.57922401244,339987
21857,-5.166666666666667,27,-3717.7458906791067,340014
21858,-11.5,45,-3729.2458906791067,340059
21859,0.2777777777777779,15,-3728.968112901329,340074
21860,-2.0,17,-3730.968112901329,340091
21861,-5.0,21,-3735.968112901329,340112
21862,2.833333333333334,41,-3733.1347795679953,340153
21863,0.0,13,-3733.1347795679953,340166
21864,1.2,16,-3731.9347795679955,340182
21865,-5.766666666666666,79,-3737.7014462346624,340261
21866,-1.5,7,-3739.2014462346624,340268
21867,0.0,2,-3739.2014462346624,340270
21868,1.0,8,-3738.2014462346624,340278
21869,-2.0,3,-3740.2014462346624,340281
21870,4.0,22,-3736.2014462346624,340303
21871,3.5454545454545454,24,-3732.655991689208,340327
21872,-0.7999999999999998,19,-3733.455991689208,340346
21873,1.5,17,-3731.955991689208,340363
21874,1.0,8,-3730.955991689208,340371
21875,-7.800000000000001,18,-3738.7559916892083,340389
21876,1.0,5,-3737.7559916892083,340394
21877,3.0,18,-3734.7559916892083,340412
21878,-13.666666666666666,42,-3748.422658355875,340454
21879,0.0,10,-3748.422658355875,340464
21880,1.0,16,-3747.422658355875,340480
21881,0.0,7,-3747.422658355875,340487
21882,3.0,17,-3744.422658355875,340504
21883,-2.0,14,-3746.422658355875,340518
21884,1.3333333333333335,16,-3745.0893250225413,340534
21885,6.0,8,-3739.0893250225413,340542
21886,-1.5000000000000004,39,-3740.5893250225413,340581
21887,0.3333333333333333,2,-3740.255991689208,340583
21888,6.2,4,-3734.055991689208,340587
21889,-3.0,13,-3737.055991689208,340600
21890,4.0,19,-3733.055991689208,340619
21891,6.5,25,-3726.555991689208,340644
21892,-7.0,23,-3733.555991689208,340667
21893,-2.0,17,-3735.555991689208,340684
21894,4.0,24,-3731.555991689208,340708
21895,0.0,31,-3731.555991689208,340739
21896,2.0,7,-3729.555991689208,340746
21897,0.06666666666666643,24,-3729.4893250225414,340770
21898,0.5,17,-3728.9893250225414,340787
21899,1.3333333333333333,31,-3727.655991689208,340818
21900,-4.0,49,-3731.655991689208,340867
21901,-2.0,10,-3733.655991689208,340877
21902,1.0,15,-3732.655991689208,340892
21903,3.0,11,-3729.655991689208,340903
21904,1.0,4,-3728.655991689208,340907
21905,-1.0,12,-3729.655991689208,340919
21906,3.0,14,-3726.655991689208,340933
21907,0.34615384615384626,19,-3726.309837843054,340952
21908,2.0,17,-3724.309837843054,340969
21909,-0.5,9,-3724.809837843054,340978
21910,-3.0,11,-3727.809837843054,340989
21911,0.5,3,-3727.309837843054,340992
21912,-4.8,32,-3732.1098378430543,341024
21913,-2.0,3,-3734.1098378430543,341027
21914,-0.5,7,-3734.6098378430543,341034
21915,3.0,14,-3731.6098378430543,341048
21916,0.0,13,-3731.6098378430543,341061
21917,1.0,9,-3730.6098378430543,341070
21918,1.0,7,-3729.6098378430543,341077
21919,-1.0,15,-3730.6098378430543,341092
21920,-2.4,13,-3733.0098378430544,341105
21921,-1.1904761904761905,20,-3734.2003140335305,341125
21922,0.0,4,-3734.2003140335305,341129
21923,-2.0,7,-3736.2003140335305,341136
21924,-6.571428571428571,18,-3742.771742604959,341154
21925,-0.7999999999999998,17,-3743.571742604959,341171
21926,2.5,14,-3741.071742604959,341185
21927,0.0,8,-3741.071742604959,341193
21928,2.0,13,-3739.071742604959,341206
21929,5.0,10,-3734.071742604959,341216
21930,-3.0,23,-3737.071742604959,341239
21931,-1.0,5,-3738.071742604959,341244
21932,-1.25,20,-3739.321742604959,341264
21933,2.0,20,-3737.321742604959,341284
21934,4.5,14,-3732.821742604959,341298
21935,-0.8571428571428572,19,-3733.678885462102,341317
21936,-2.0,13,-3735.678885462102,341330
21937,6.0,7,-3729.678885462102,341337
21938,5.5,9,-3724.178885462102,341346
21939,6.2,25,-3717.978885462102,341371
21940,0.0,52,-3717.978885462102,341423
21941,0.5,27,-3717.478885462102,341450
21942,2.0,8,-3715.478885462102,341458
21943,-1.0,3,-3716.478885462102,341461
21944,4.533333333333333,12,-3711.9455521287687,341473
21945,1.3333333333333333,9,-3710.612218795435,341482
21946,0.0,5,-3710.612218795435,341487
21947,0.0,1,-3710.612218795435,341488
21948,0.0,2,-3710.612218795435,341490
21949,2.3333333333333335,5,-3708.2788854621017,341495
21950,-1.0,5,-3709.2788854621017,341500
21951,0.0,11,-3709.2788854621017,341511
21952,-2.0,7,-3711.2788854621017,341518
21953,4.0,2,-3707.2788854621017,341520
21954,-2.0,25,-3709.2788854621017,341545
21955,-5.0,7,-3714.2788854621017,341552
21956,0.0,4,-3714.2788854621017,341556
21957,-3.0,6,-3717.2788854621017,341562
21958,-1.0,6,-3718.2788854621017,341568
21959,0.5,4,-3717.7788854621017,341572
21960,1.8333333333333333,25,-3715.945552128768,341597
21961,0.0,3,-3715.945552128768,341600
21962,3.366666666666667,47,-3712.5788854621014,341647
21963,-4.25,13,-3716.8288854621014,341660
21964,2.366666666666667,11,-3714.4622187954346,341671
21965,0.0,19,-3714.4622187954346,341690
21966,-0.75,19,-3715.2122187954346,341709
21967,5.333333333333334,4,-3709.878885462101,341713
21968,2.166666666666667,22,-3707.7122187954346,341735
21969,-4.0,22,-3711.7122187954346,341757
21970,-8.333333333333332,31,-3720.045552128768,341788
21971,2.0,20,-3718.045552128768,341808
21972,4.0,9,-3714.045552128768,341817
21973,5.0,7,-3709.045552128768,341824
21974,1.0,30,-3708.045552128768,341854
21975,-2.0,6,-3710.045552128768,341860
21976,-2.0,2,-3712.045552128768,341862
21977,2.0,7,-3710.045552128768,341869
21978,2.0,6,-3708.045552128768,341875
21979,-3.0,7,-3711.045552128768,341882
21980,-2.3333333333333335,6,-3713.3788854621016,341888
21981,3.0,10,-3710.3788854621016,341898
21982,-5.0,12,-3715.3788854621016,341910
21983,1.0,10,-3714.3788854621016,341920
21984,0.0,12,-3714.3788854621016,341932
21985,0.0,8,-3714.3788854621016,341940
21986,1.0,13,-3713.3788854621016,341953
21987,1.75,19,-3711.6288854621016,341972
21988,-2.0,23,-3713.6288854621016,341995
21989,0.0,3,-3713.6288854621016,341998
21990,3.4,20,-3710.2288854621015,342018
21991,0.0,11,-3710.2288854621015,342029
21992,7.0,20,-3703.2288854621015,342049
21993,-3.0,4,-3706.2288854621015,342053
21994,-0.5,5,-3706.7288854621015,342058
21995,-4.0,10,-3710.7288854621015,342068
21996,-1.3333333333333335,33,-3712.062218795435,342101
21997,7.2,14,-3704.862218795435,342115
21998,4.0,10,-3700.862218795435,342125
21999,5.0,14,-3695.862218795435,342139
22000,5.0,6,-3690.862218795435,342145
22001,2.833333333333333,21,-3688.0288854621017,342166
22002,2.7,13,-3685.328885462102,342179
22003,1.0,9,-3684.328885462102,342188
22004,3.0,3,-3681.328885462102,342191
22005,2.2142857142857144,18,-3679.114599747816,342209
22006,8.266666666666667,28,-3670.847933081149,342237
22007,2.0,9,-3668.847933081149,342246
22008,-3.25,15,-3672.097933081149,342261
22009,5.0,4,-3667.097933081149,342265
22010,5.0,17,-3662.097933081149,342282
22011,4.0,4,-3658.097933081149,342286
22012,-1.0,3,-3659.097933081149,342289
22013,3.0,9,-3656.097933081149,342298
22014,4.5,8,-3651.597933081149,342306
22015,0.0,9,-3651.597933081149,342315
22016,5.0,6,-3646.597933081149,342321
22017,4.5,5,-3642.097933081149,342326
22018,3.0,7,-3639.097933081149,342333
22019,3.0,20,-3636.097933081149,342353
22020,0.0,7,-3636.097933081149,342360
22021,-3.0,8,-3639.097933081149,342368
22022,8.5,7,-3630.597933081149,342375
22023,3.0,16,-3627.597933081149,342391
22024,3.0,12,-3624.597933081149,342403
22025,-0.5,11,-3625.097933081149,342414
22026,0.0,15,-3625.097933081149,342429
22027,4.333333333333334,19,-3620.7645997478157,342448
22028,2.0,5,-3618.7645997478157,342453
22029,-0.25,11,-3619.0145997478157,342464
22030,0.0,7,-3619.0145997478157,342471
22031,1.0,21,-3618.0145997478157,342492
22032,6.0,23,-3612.0145997478157,342515
22033,1.8088235294117647,30,-3610.205776218404,342545
22034,-0.25,11,-3610.455776218404,342556
22035,3.333333333333333,7,-3607.1224428850705,342563
22036,0.0,6,-3607.1224428850705,342569
22037,0.0,6,-3607.1224428850705,342575
22038,-1.5,5,-3608.6224428850705,342580
22039,1.0,9,-3607.6224428850705,342589
22040,2.9857142857142858,32,-3604.636728599356,342621
22041,-6.4,34,-3611.036728599356,342655
22042,0.0,1,-3611.036728599356,342656
22043,-2.25,13,-3613.286728599356,342669
22044,2.0,11,-3611.286728599356,342680
22045,0.0,8,-3611.286728599356,342688
22046,2.5,10,-3608.786728599356,342698
22047,1.0,24,-3607.786728599356,342722
22048,0.0,1,-3607.786728599356,342723
22049,0.7000000000000002,12,-3607.0867285993563,342735
22050,-1.5,21,-3608.5867285993563,342756
22051,2.0,8,-3606.5867285993563,342764
22052,3.8695652173913047,15,-3602.717163381965,342779
22053,-5.0,13,-3607.717163381965,342792
22054,0.0,17,-3607.717163381965,342809
22055,0.0,3,-3607.717163381965,342812
22056,5.0,15,-3602.717163381965,342827
22057,0.0,7,-3602.717163381965,342834
22058,3.3333333333333335,14,-3599.3838300486314,342848
22059,3.0,14,-3596.3838300486314,342862
22060,-3.0,10,-3599.3838300486314,342872
22061,3.0,5,-3596.3838300486314,342877
22062,-1.833333333333334,19,-3598.217163381965,342896
22063,6.7,16,-3591.517163381965,342912
22064,-1.0,16,-3592.517163381965,342928
22065,0,0,-3592.517163381965,342928
22066,0,0,-3592.517163381965,342928
22067,0,0,-3592.517163381965,342928
22068,-1.0,7,-3593.517163381965,342935
22069,0.0,1,-3593.517163381965,342936
22070,0.0,2,-3593.517163381965,342938
22071,-2.0,7,-3595.517163381965,342945
22072,-2.0,9,-3597.517163381965,342954
22073,-2.0,7,-3599.517163381965,342961
22074,1.9500000000000002,6,-3597.567163381965,342967
22075,2.666666666666667,21,-3594.9004967152987,342988
22076,1.0,20,-3593.9004967152987,343008
22077,0.0,3,-3593.9004967152987,343011
22078,2.0,8,-3591.9004967152987,343019
22079,3.0,7,-3588.9004967152987,343026
22080,4.333333333333333,7,-3584.567163381965,343033
22081,-1.0,3,-3585.567163381965,343036
22082,0.0,5,-3585.567163381965,343041
22083,3.0,2,-3582.567163381965,343043
22084,-2.0,26,-3584.567163381965,343069
22085,7.25,20,-3577.317163381965,343089
22086,-2.571428571428571,36,-3579.8885919533936,343125
22087,-1.0,8,-3580.8885919533936,343133
22088,-1.3333333333333333,13,-3582.221925286727,343146
22089,1.0,30,-3581.221925286727,343176
22090,-5.666666666666667,21,-3586.8885919533936,343197
22091,0.0,19,-3586.8885919533936,343216
22092,-4.132352941176471,27,-3591.02094489457,343243
22093,-6.0,19,-3597.02094489457,343262
22094,-16.2,24,-3613.22094489457,343286
22095,-8.9,37,-3622.12094489457,343323
22096,-2.0,4,-3624.12094489457,343327
22097,1.5,18,-3622.62094489457,343345
22098,-2.333333333333333,16,-3624.9542782279036,343361
22099,-3.0,9,-3627.9542782279036,343370
22100,-1.0,6,-3628.9542782279036,343376
22101,-5.6,33,-3634.5542782279035,343409
22102,-4.25,15,-3638.8042782279035,343424
22103,2.0,12,-3636.8042782279035,343436
22104,-0.33333333333333304,27,-3637.137611561237,343463
22105,0.5,41,-3636.637611561237,343504
22106,0.0,11,-3636.637611561237,343515
22107,-2.3333333333333335,9,-3638.9709448945705,343524
22108,-1.2999999999999998,19,-3640.2709448945707,343543
22109,-0.2595238095238095,43,-3640.5304687040943,343586
22110,-0.8999999999999999,19,-3641.4304687040944,343605
22111,5.333333333333334,19,-3636.097135370761,343624
22112,0.976190476190476,17,-3635.1209448945706,343641
22113,8.6,25,-3626.5209448945707,343666
22114,-6.0,11,-3632.5209448945707,343677
22115,-0.583333333333333,18,-3633.104278227904,343695
22116,-4.0,7,-3637.104278227904,343702
22117,-1.6363636363636365,11,-3638.7406418642677,343713
22118,-3.0,7,-3641.7406418642677,343720
22119,-2.6666666666666665,18,-3644.407308530934,343738
22120,-3.4000000000000004,11,-3647.8073085309343,343749
22121,3.0,16,-3644.8073085309343,343765
22122,10.533333333333333,46,-3634.273975197601,343811
22123,2.0,18,-3632.273975197601,343829
22124,-10.333333333333334,28,-3642.6073085309345,343857
22125,-5.006060606060606,30,-3647.613369136995,343887
22126,-2.0,9,-3649.613369136995,343896
22127,-2.5,11,-3652.113369136995,343907
22128,2.75,32,-3649.363369136995,343939
22129,8.333333333333334,15,-3641.0300358036616,343954
22130,1.5,9,-3639.5300358036616,343963
22131,1.2000000000000002,8,-3638.3300358036618,343971
22132,3.0,8,-3635.3300358036618,343979
22133,3.0,14,-3632.3300358036618,343993
22134,6.533333333333333,17,-3625.7967024703285,344010
22135,2.1666666666666665,21,-3623.630035803662,344031
22136,-1.85,26,-3625.480035803662,344057
22137,-2.5,20,-3627.980035803662,344077
22138,0.8,21,-3627.1800358036617,344098
22139,-1.0,5,-3628.1800358036617,344103
22140,-3.5,10,-3631.6800358036617,344113
22141,-3.0,13,-3634.6800358036617,344126
22142,2.0,19,-3632.6800358036617,344145
22143,-1.5238095238095246,31,-3634.2038453274713,344176
22144,0.16666666666666674,6,-3634.037178660805,344182
22145,2.0,9,-3632.037178660805,344191
22146,1.0,14,-3631.037178660805,344205
22147,3.0,16,-3628.037178660805,344221
22148,4.333333333333333,24,-3623.7038453274713,344245
22149,1.5,3,-3622.2038453274713,344248
22150,2.0,4,-3620.2038453274713,344252
22151,2.678571428571429,31,-3617.5252738988997,344283
22152,-0.916666666666667,18,-3618.4419405655663,344301
22153,-7.0,19,-3625.4419405655663,344320
22154,0.0,11,-3625.4419405655663,344331
22155,-3.0,11,-3628.4419405655663,344342
22156,3.0,25,-3625.4419405655663,344367
22157,4.2,11,-3621.2419405655664,344378
22158,0.6666666666666667,14,-3620.5752738989,344392
22159,-0.13333333333333308,16,-3620.708607232233,344408
22160,1.5,19,-3619.208607232233,344427
22161,-3.4,11,-3622.608607232233,344438
22162,-2.75,30,-3625.358607232233,344468
22163,-4.983333333333333,32,-3630.3419405655663,344500
22164,3.0,10,-3627.3419405655663,344510
22165,-1.6666666666666665,13,-3629.008607232233,344523
22166,2.0,4,-3627.008607232233,344527
22167,3.2,14,-3623.808607232233,344541
22168,3.5,23,-3620.308607232233,344564
22169,2.0,5,-3618.308607232233,344569
22170,0.0,3,-3618.308607232233,344572
22171,5.666666666666666,35,-3612.6419405655665,344607
22172,3.0,13,-3609.6419405655665,344620
22173,3.0,13,-3606.6419405655665,344633
22174,-2.0,6,-3608.6419405655665,344639
22175,0.0,7,-3608.6419405655665,344646
22176,-3.9047619047619047,14,-3612.5467024703285,344660
22177,2.0,4,-3610.5467024703285,344664
22178,0.0,4,-3610.5467024703285,344668
22179,-1.416666666666667,22,-3611.963369136995,344690
22180,-1.6666666666666665,8,-3613.6300358036615,344698
22181,-4.0,18,-3617.6300358036615,344716
22182,-2.0,35,-3619.6300358036615,344751
22183,-6.333333333333334,19,-3625.963369136995,344770
22184,-0.6666666666666667,16,-3626.6300358036615,344786
22185,2.8,21,-3623.8300358036613,344807
22186,-3.5,14,-3627.3300358036613,344821
22187,3.961904761904762,22,-3623.3681310417564,344843
22188,-4.583333333333334,30,-3627.95146437509,344873
22189,0.6666666666666665,31,-3627.2847977084234,344904
22190,2.0,18,-3625.2847977084234,344922
22191,-2.5416666666666665,30,-3627.82646437509,344952
22192,4.0,5,-3623.82646437509,344957
22193,3.0,2,-3620.82646437509,344959
22194,0.0,9,-3620.82646437509,344968
22195,-6.0,22,-3626.82646437509,344990
22196,-1.8333333333333335,34,-3628.6597977084234,345024
22197,1.0,11,-3627.6597977084234,345035
22198,-1.3333333333333333,6,-3628.993131041757,345041
22199,-1.0,1,-3629.993131041757,345042
22200,-2.0,8,-3631.993131041757,345050
22201,2.75,9,-3629.243131041757,345059
22202,1.6,9,-3627.643131041757,345068
22203,4.2,12,-3623.443131041757,345080
22204,-1.0,4,-3624.443131041757,345084
22205,-2.583333333333333,11,-3627.0264643750907,345095
22206,-1.5,10,-3628.5264643750907,345105
22207,1.0,21,-3627.5264643750907,345126
22208,0.8888888888888888,12,-3626.637575486202,345138
22209,1.0,7,-3625.637575486202,345145
22210,-4.0,3,-3629.637575486202,345148
22211,5.0,5,-3624.637575486202,345153
22212,0.0,3,-3624.637575486202,345156
22213,-0.6071428571428572,11,-3625.2447183433446,345167
22214,-2.0,7,-3627.2447183433446,345174
22215,2.0,5,-3625.2447183433446,345179
22216,0.0,1,-3625.2447183433446,345180
22217,0.0,2,-3625.2447183433446,345182
22218,3.7,10,-3621.544718343345,345192
22219,4.2,5,-3617.344718343345,345197
22220,2.0,6,-3615.344718343345,345203
22221,2.2,5,-3613.144718343345,345208
22222,0.0,6,-3613.144718343345,345214
22223,0.0,10,-3613.144718343345,345224
22224,0.0,5,-3613.144718343345,345229
22225,-1.5,10,-3614.644718343345,345239
22226,-3.0,10,-3617.644718343345,345249
22227,3.6666666666666665,5,-3613.9780516766787,345254
22228,-0.33333333333333337,13,-3614.311385010012,345267
22229,3.0,5,-3611.311385010012,345272
22230,-6.861111111111112,43,-3618.1724961211235,345315
22231,-2.0,9,-3620.1724961211235,345324
22232,3.5333333333333323,39,-3616.63916278779,345363
22233,3.6666666666666665,5,-3612.9724961211236,345368
22234,2.3333333333333335,32,-3610.63916278779,345400
22235,2.9333333333333336,18,-3607.7058294544568,345418
22236,-0.5,16,-3608.2058294544568,345434
22237,2.0,13,-3606.2058294544568,345447
22238,-1.5,15,-3607.7058294544568,345462
22239,-3.0,5,-3610.7058294544568,345467
22240,1.7,6,-3609.005829454457,345473
22241,4.125,8,-3604.880829454457,345481
22242,0.2,4,-3604.680829454457,345485
22243,0.0,1,-3604.680829454457,345486
22244,0.0,2,-3604.680829454457,345488
22245,1.0,6,-3603.680829454457,345494
22246,-5.5,14,-3609.180829454457,345508
22247,-2.0,5,-3611.180829454457,345513
22248,2.5,10,-3608.680829454457,345523
22249,0.0,4,-3608.680829454457,345527
22250,0.0,5,-3608.680829454457,345532
22251,-1.0,15,-3609.680829454457,345547
22252,-7.5,42,-3617.180829454457,345589
22253,-7.333333333333333,10,-3624.5141627877906,345599
22254,-1.0,10,-3625.5141627877906,345609
22255,1.0,5,-3624.5141627877906,345614
22256,-1.0,13,-3625.5141627877906,345627
22257,0.0,5,-3625.5141627877906,345632
22258,-0.5,4,-3626.0141627877906,345636
22259,0.5,11,-3625.5141627877906,345647
22260,-3.0,4,-3628.5141627877906,345651
22261,-3.0,7,-3631.5141627877906,345658
22262,-4.0,6,-3635.5141627877906,345664
22263,0.0,5,-3635.5141627877906,345669
22264,2.0,3,-3633.5141627877906,345672
22265,-5.571428571428571,8,-3639.085591359219,345680
22266,-0.16666666666666652,17,-3639.2522580258856,345697
22267,6.0,12,-3633.2522580258856,345709
22268,1.0,8,-3632.2522580258856,345717
22269,-2.0,3,-3634.2522580258856,345720
22270,6.0,11,-3628.2522580258856,345731
22271,-3.571428571428571,15,-3631.823686597314,345746
22272,0.0,7,-3631.823686597314,345753
22273,2.0,8,-3629.823686597314,345761
22274,3.0,3,-3626.823686597314,345764
22275,-3.4,7,-3630.223686597314,345771
22276,3.1999999999999993,29,-3627.0236865973143,345800
22277,1.3333333333333333,17,-3625.690353263981,345817
22278,0.8571428571428572,9,-3624.833210406838,345826
22279,-3.0,5,-3627.833210406838,345831
22280,1.0,3,-3626.833210406838,345834
22281,-0.5,9,-3627.333210406838,345843
22282,1.0,8,-3626.333210406838,345851
22283,-0.5,6,-3626.833210406838,345857
22284,-3.0,4,-3629.833210406838,345861
22285,5.0,13,-3624.833210406838,345874
22286,0.0,1,-3624.833210406838,345875
22287,0.0,2,-3624.833210406838,345877
22288,-1.3333333333333333,2,-3626.1665437401716,345879
22289,-1.3333333333333333,2,-3627.499877073505,345881
22290,0.0,3,-3627.499877073505,345884
22291,1.0,4,-3626.499877073505,345888
22292,-5.4,11,-3631.899877073505,345899
22293,1.0,3,-3630.899877073505,345902
22294,1.0,10,-3629.899877073505,345912
22295,-2.0,8,-3631.899877073505,345920
22296,0.0,17,-3631.899877073505,345937
22297,3.0,14,-3628.899877073505,345951
22298,3.0,12,-3625.899877073505,345963
22299,-0.6666666666666666,6,-3626.5665437401717,345969
22300,0.0,5,-3626.5665437401717,345974
22301,-4.0,17,-3630.5665437401717,345991
22302,5.0,7,-3625.5665437401717,345998
22303,3.0,8,-3622.5665437401717,346006
22304,-1.0,20,-3623.5665437401717,346026
22305,0.0,8,-3623.5665437401717,346034
22306,5.0,8,-3618.5665437401717,346042
22307,-2.0,10,-3620.5665437401717,346052
22308,6.642857142857142,20,-3613.9236865973144,346072
22309,3.142857142857143,22,-3610.780829454457,346094
22310,3.0,8,-3607.780829454457,346102
22311,1.0,9,-3606.780829454457,346111
22312,4.5,47,-3602.280829454457,346158
22313,-9.0,21,-3611.280829454457,346179
22314,0.0,2,-3611.280829454457,346181
22315,5.0,6,-3606.280829454457,346187
22316,-1.5,7,-3607.780829454457,346194
22317,4.533333333333334,42,-3603.2474961211237,346236
22318,-5.25,13,-3608.4974961211237,346249
22319,-1.75,16,-3610.2474961211237,346265
22320,4.0,9,-3606.2474961211237,346274
22321,-1.3333333333333333,2,-3607.580829454457,346276
22322,-1.5,34,-3609.080829454457,346310
22323,1.8333333333333335,70,-3607.2474961211237,346380
22324,1.25,12,-3605.9974961211237,346392
22325,-4.0,22,-3609.9974961211237,346414
22326,5.5,28,-3604.4974961211237,346442
22327,-5.622222222222222,23,-3610.119718343346,346465
22328,-1.4,13,-3611.519718343346,346478
22329,2.9333333333333336,26,-3608.5863850100127,346504
22330,-3.0,10,-3611.5863850100127,346514
22331,-1.0,15,-3612.5863850100127,346529
22332,0.0,14,-3612.5863850100127,346543
22333,8.0,15,-3604.5863850100127,346558
22334,0.0,3,-3604.5863850100127,346561
22335,-1.3333333333333333,12,-3605.919718343346,346573
22336,-2.3,28,-3608.2197183433464,346601
22337,-0.5,25,-3608.7197183433464,346626
22338,3.0,3,-3605.7197183433464,346629
22339,-3.25,9,-3608.9697183433464,346638
22340,0.0,15,-3608.9697183433464,346653
22341,0.0,3,-3608.9697183433464,346656
22342,0.0,2,-3608.9697183433464,346658
22343,0.0,2,-3608.9697183433464,346660
22344,4.2,9,-3604.7697183433465,346669
22345,2.0,6,-3602.7697183433465,346675
22346,-1.0,1,-3603.7697183433465,346676
22347,-1.0,6,-3604.7697183433465,346682
22348,-3.0,9,-3607.7697183433465,346691
22349,-1.25,11,-3609.0197183433465,346702
22350,-5.0,20,-3614.0197183433465,346722
22351,-10.571428571428571,12,-3624.591146914775,346734
22352,1.0,3,-3623.591146914775,346737
22353,4.2,6,-3619.391146914775,346743
22354,3.0,7,-3616.391146914775,346750
22355,-14.238095238095239,31,-3630.6292421528706,346781
22356,0.0,8,-3630.6292421528706,346789
22357,-6.800000000000001,28,-3637.4292421528708,346817
22358,0.0,2,-3637.4292421528708,346819
22359,2.0,2,-3635.4292421528708,346821
22360,2.2,15,-3633.229242152871,346836
22361,4.222222222222222,27,-3629.0070199306488,346863
22362,-3.0,16,-3632.0070199306488,346879
22363,-1.0,8,-3633.0070199306488,346887
22364,0.0,7,-3633.0070199306488,346894
22365,-3.0,11,-3636.0070199306488,346905
22366,5.7,12,-3630.307019930649,346917
22367,5.666666666666667,12,-3624.6403532639824,346929
22368,-0.5,18,-3625.1403532639824,346947
22369,3.3333333333333335,16,-3621.807019930649,346963
22370,2.0,6,-3619.807019930649,346969
22371,2.75,14,-3617.057019930649,346983
22372,-3.2857142857142856,9,-3620.342734216363,346992
22373,-1.0,2,-3621.342734216363,346994
22374,2.2,9,-3619.1427342163634,347003
22375,-1.0,1,-3620.1427342163634,347004
22376,0.0,9,-3620.1427342163634,347013
22377,1.0,4,-3619.1427342163634,347017
22378,1.0,20,-3618.1427342163634,347037
22379,-0.7999999999999998,6,-3618.9427342163635,347043
22380,0.5,20,-3618.4427342163635,347063
22381,-1.9166666666666665,16,-3620.35940088303,347079
22382,-5.4,26,-3625.75940088303,347105
22383,2.0,6,-3623.75940088303,347111
22384,2.857142857142857,8,-3620.9022580258875,347119
22385,0.0,10,-3620.9022580258875,347129
22386,-0.8571428571428572,13,-3621.75940088303,347142
22387,-2.4,12,-3624.1594008830302,347154
22388,-7.7,14,-3631.85940088303,347168
22389,0,0,-3631.85940088303,347168
22390,0,0,-3631.85940088303,347168
22391,0,0,-3631.85940088303,347168
22392,3.0,14,-3628.85940088303,347182
22393,2.0,7,-3626.85940088303,347189
22394,-1.0,9,-3627.85940088303,347198
22395,4.2,7,-3623.6594008830302,347205
22396,-2.0,3,-3625.6594008830302,347208
22397,4.7,20,-3620.9594008830304,347228
22398,3.428571428571429,14,-3617.530829454459,347242
22399,3.0,6,-3614.530829454459,347248
22400,2.25,5,-3612.280829454459,347253
22401,1.0,8,-3611.280829454459,347261
22402,5.0,5,-3606.280829454459,347266
22403,7.333333333333334,33,-3598.9474961211254,347299
22404,0.6666666666666667,19,-3598.280829454459,347318
22405,-1.5714285714285714,4,-3599.8522580258873,347322
22406,-1.3333333333333333,9,-3601.185591359221,347331
22407,-1.0,4,-3602.185591359221,347335
22408,2.333333333333333,12,-3599.8522580258873,347347
22409,1.0,8,-3598.8522580258873,347355
22410,-2.0,6,-3600.8522580258873,347361
22411,-10.5,28,-3611.3522580258873,347389
22412,1.0,4,-3610.3522580258873,347393
22413,1.0,4,-3609.3522580258873,347397
22414,5.0,22,-3604.3522580258873,347419
22415,0.0,4,-3604.3522580258873,347423
22416,-3.0,21,-3607.3522580258873,347444
22417,3.0,10,-3604.3522580258873,347454
22418,4.916666666666667,27,-3599.435591359221,347481
22419,-0.5,13,-3599.935591359221,347494
22420,-6.5,30,-3606.435591359221,347524
22421,-1.0,4,-3607.435591359221,347528
22422,1.2454545454545456,35,-3606.1901368137665,347563
22423,-2.0,7,-3608.1901368137665,347570
22424,-3.0,3,-3611.1901368137665,347573
22425,-2.0,5,-3613.1901368137665,347578
22426,4.0,5,-3609.1901368137665,347583
22427,-5.25,8,-3614.4401368137665,347591
22428,-1.0,7,-3615.4401368137665,347598
22429,0.0,4,-3615.4401368137665,347602
22430,-1.0,7,-3616.4401368137665,347609
22431,0.0,8,-3616.4401368137665,347617
22432,-2.0,11,-3618.4401368137665,347628
22433,7.666666666666667,29,-3610.7734701471,347657
22434,-4.0,7,-3614.7734701471,347664
22435,-1.6666666666666667,6,-3616.4401368137665,347670
22436,1.1428571428571428,23,-3615.297279670909,347693
22437,-0.9285714285714286,31,-3616.2258510994807,347724
22438,1.0,9,-3615.2258510994807,347733
22439,2.6,28,-3612.6258510994808,347761
22440,1.0,9,-3611.6258510994808,347770
22441,0.0,9,-3611.6258510994808,347779
22442,-2.0,8,-3613.6258510994808,347787
22443,3.3333333333333335,9,-3610.2925177661473,347796
22444,4.0,27,-3606.2925177661473,347823
22445,-2.571428571428571,30,-3608.8639463375757,347853
22446,0.0,9,-3608.8639463375757,347862
22447,-4.133333333333333,15,-3612.997279670909,347877
22448,0.0,3,-3612.997279670909,347880
22449,-2.0,6,-3614.997279670909,347886
22450,0.5,22,-3614.497279670909,347908
22451,3.0,24,-3611.497279670909,347932
22452,-2.833333333333333,21,-3614.3306130042424,347953
22453,1.0642857142857145,19,-3613.2663272899567,347972
22454,-1.0,13,-3614.2663272899567,347985
22455,-3.2,13,-3617.4663272899566,347998
22456,6.800000000000001,29,-3610.6663272899564,348027
22457,1.0,26,-3609.6663272899564,348053
22458,-7.5,31,-3617.1663272899564,348084
22459,0.0,6,-3617.1663272899564,348090
22460,0.0,4,-3617.1663272899564,348094
22461,0.14285714285714285,6,-3617.023470147099,348100
22462,0.0,3,-3617.023470147099,348103
22463,3.0,8,-3614.023470147099,348111
22464,-1.0,5,-3615.023470147099,348116
22465,5.5,13,-3609.523470147099,348129
22466,-3.0,4,-3612.523470147099,348133
22467,2.5,7,-3610.023470147099,348140
22468,0.0,3,-3610.023470147099,348143
22469,0.0,2,-3610.023470147099,348145
22470,0.0,2,-3610.023470147099,348147
22471,4.2,6,-3605.823470147099,348153
22472,0.6666666666666667,10,-3605.1568034804327,348163
22473,2.0,10,-3603.1568034804327,348173
22474,0.0,6,-3603.1568034804327,348179
22475,-0.37142857142857144,15,-3603.5282320518613,348194
22476,3.416666666666667,20,-3600.111565385195,348214
22477,-2.0,1,-3602.111565385195,348215
22478,0.0,1,-3602.111565385195,348216
22479,2.2,5,-3599.911565385195,348221
22480,4.5,7,-3595.411565385195,348228
22481,-2.0,10,-3597.411565385195,348238
22482,-3.5,4,-3600.911565385195,348242
22483,-3.0,15,-3603.911565385195,348257
22484,6.5,12,-3597.411565385195,348269
22485,4.0,1,-3593.411565385195,348270
22486,0.0,6,-3593.411565385195,348276
22487,3.0,6,-3590.411565385195,348282
22488,-1.0,1,-3591.411565385195,348283
22489,0.0,2,-3591.411565385195,348285
22490,4.0,19,-3587.411565385195,348304
22491,4.5,9,-3582.911565385195,348313
22492,0.0,5,-3582.911565385195,348318
22493,-1.75,32,-3584.661565385195,348350
22494,2.6666666666666665,18,-3581.9948987185285,348368
22495,0.0,1,-3581.9948987185285,348369
22496,6.5,18,-3575.4948987185285,348387
22497,1.5,5,-3573.9948987185285,348392
22498,4.0,1,-3569.9948987185285,348393
22499,0.0,3,-3569.9948987185285,348396
22500,3.5,15,-3566.4948987185285,348411
22501,4.0,12,-3562.4948987185285,348423
22502,5.142857142857142,24,-3557.352041575671,348447
22503,0.20000000000000018,5,-3557.1520415756713,348452
22504,0.5,18,-3556.6520415756713,348470
22505,4.0,4,-3552.6520415756713,348474
22506,-1.333333333333333,14,-3553.985374909005,348488
22507,-1.3333333333333333,6,-3555.3187082423383,348494
22508,2.0,7,-3553.3187082423383,348501
22509,1.0,17,-3552.3187082423383,348518
22510,0.0,4,-3552.3187082423383,348522
22511,-0.5,4,-3552.8187082423383,348526
22512,2.5,11,-3550.3187082423383,348537
22513,2.0,4,-3548.3187082423383,348541
22514,0.0,3,-3548.3187082423383,348544
22515,0.0,4,-3548.3187082423383,348548
22516,3.0,10,-3545.3187082423383,348558
22517,1.0,6,-3544.3187082423383,348564
22518,4.5,10,-3539.8187082423383,348574
22519,0.0,8,-3539.8187082423383,348582
22520,1.0,14,-3538.8187082423383,348596
22521,3.0,10,-3535.8187082423383,348606
22522,7.428571428571429,18,-3528.3901368137667,348624
22523,2.6666666666666665,10,-3525.7234701471,348634
22524,10.666666666666666,46,-3515.0568034804337,348680
22525,11.333333333333334,35,-3503.7234701471,348715
22526,2.0,5,-3501.7234701471,348720
22527,0.0,1,-3501.7234701471,348721
22528,4.6,8,-3497.1234701471003,348729
22529,1.75,5,-3495.3734701471003,348734
22530,1.3333333333333333,14,-3494.040136813767,348748
22531,0.5,17,-3493.540136813767,348765
22532,-3.1666666666666665,20,-3496.7068034804333,348785
22533,5.666666666666667,16,-3491.040136813767,348801
22534,7.2,36,-3483.840136813767,348837
22535,0.0,4,-3483.840136813767,348841
22536,1.0,7,-3482.840136813767,348848
22537,-1.0,1,-3483.840136813767,348849
22538,4.0,8,-3479.840136813767,348857
22539,-3.0,6,-3482.840136813767,348863
22540,0.0,3,-3482.840136813767,348866
22541,6.0,27,-3476.840136813767,348893
22542,-1.0,27,-3477.840136813767,348920
22543,0.0,7,-3477.840136813767,348927
22544,1.0,14,-3476.840136813767,348941
22545,6.0,22,-3470.840136813767,348963
22546,0.0,7,-3470.840136813767,348970
22547,6.111111111111111,26,-3464.7290257026557,348996
22548,4.2,20,-3460.529025702656,349016
22549,0.5,24,-3460.029025702656,349040
22550,-3.0,24,-3463.029025702656,349064
22551,-5.761904761904762,15,-3468.7909304645605,349079
22552,-2.0,7,-3470.7909304645605,349086
22553,-1.4000000000000001,29,-3472.1909304645606,349115
22554,-0.607843137254902,19,-3472.7987736018154,349134
22555,-1.75,13,-3474.5487736018154,349147
22556,7.6,38,-3466.9487736018154,349185
22557,-3.8666666666666663,27,-3470.8154402684822,349212
22558,-2.833333333333334,18,-3473.6487736018157,349230
22559,1.0,5,-3472.6487736018157,349235
22560,-2.0,10,-3474.6487736018157,349245
22561,-1.0,18,-3475.6487736018157,349263
22562,-2.0,15,-3477.6487736018157,349278
22563,-1.4,6,-3479.048773601816,349284
22564,-3.4,5,-3482.448773601816,349289
22565,2.0,9,-3480.448773601816,349298
22566,1.5,14,-3478.948773601816,349312
22567,0.0,15,-3478.948773601816,349327
22568,-0.5,8,-3479.448773601816,349335
22569,-0.5,6,-3479.948773601816,349341
22570,-0.5,3,-3480.448773601816,349344
22571,-2.666666666666667,43,-3483.1154402684824,349387
22572,-1.5714285714285714,6,-3484.686868839911,349393
22573,-3.0,8,-3487.686868839911,349401
22574,-4.0,10,-3491.686868839911,349411
22575,1.0,2,-3490.686868839911,349413
22576,3.0,19,-3487.686868839911,349432
22577,0.0,12,-3487.686868839911,349444
22578,-1.0,19,-3488.686868839911,349463
22579,-0.8571428571428572,28,-3489.5440116970535,349491
22580,1.1666666666666667,14,-3488.377345030387,349505
22581,0.5,14,-3487.877345030387,349519
22582,8.5,30,-3479.377345030387,349549
22583,2.142857142857143,25,-3477.2344878875297,349574
22584,-2.0,9,-3479.2344878875297,349583
22585,6.6,19,-3472.6344878875298,349602
22586,-2.25,24,-3474.8844878875298,349626
22587,-1.5,12,-3476.3844878875298,349638
22588,-3.333333333333333,15,-3479.7178212208632,349653
22589,0.33333333333333326,19,-3479.3844878875298,349672
22590,2.0,8,-3477.3844878875298,349680
22591,0.0,3,-3477.3844878875298,349683
22592,2.2,8,-3475.18448788753,349691
22593,-1.0,1,-3476.18448788753,349692
22594,-2.0,20,-3478.18448788753,349712
22595,1.5,18,-3476.68448788753,349730
22596,3.0,11,-3473.68448788753,349741
22597,-1.6666666666666665,14,-3475.3511545541965,349755
22598,1.0,6,-3474.3511545541965,349761
22599,3.5,6,-3470.8511545541965,349767
22600,5.083333333333333,29,-3465.767821220863,349796
22601,0.3333333333333333,3,-3465.4344878875295,349799
22602,0.0,4,-3465.4344878875295,349803
22603,0.0,2,-3465.4344878875295,349805
22604,-1.0,3,-3466.4344878875295,349808
22605,3.3333333333333335,10,-3463.101154554196,349818
22606,4.2,20,-3458.901154554196,349838
22607,0.0,4,-3458.901154554196,349842
22608,4.2,4,-3454.7011545541964,349846
22609,1.0,2,-3453.7011545541964,349848
22610,-2.0,5,-3455.7011545541964,349853
22611,-2.0,28,-3457.7011545541964,349881
22612,4.2,20,-3453.5011545541965,349901
22613,1.4500000000000002,10,-3452.0511545541967,349911
22614,1.5333333333333337,46,-3450.5178212208634,349957
22615,2.0,3,-3448.5178212208634,349960
22616,1.7000000000000002,26,-3446.8178212208636,349986
22617,6.0,12,-3440.8178212208636,349998
22618,5.0,30,-3435.8178212208636,350028
22619,0.0,10,-3435.8178212208636,350038
22620,-4.111111111111111,7,-3439.928932331975,350045
22621,7.2,21,-3432.728932331975,350066
22622,2.0,23,-3430.728932331975,350089
22623,-4.333333333333333,15,-3435.0622656653086,350104
22624,7.0,8,-3428.0622656653086,350112
22625,-0.5,5,-3428.5622656653086,350117
22626,3.0,18,-3425.5622656653086,350135
22627,1.0,8,-3424.5622656653086,350143
22628,1.0,7,-3423.5622656653086,350150
22629,-0.8,7,-3424.3622656653088,350157
22630,0.0,4,-3424.3622656653088,350161
22631,4.0,15,-3420.3622656653088,350176
22632,6.0,15,-3414.3622656653088,350191
22633,11.88888888888889,17,-3402.47337677642,350208
22634,3.0,13,-3399.47337677642,350221
22635,10.0,23,-3389.47337677642,350244
22636,8.166666666666668,37,-3381.3067101097536,350281
22637,-2.0,16,-3383.3067101097536,350297
22638,-2.0,3,-3385.3067101097536,350300
22639,-4.583333333333334,13,-3389.890043443087,350313
22640,-5.583333333333334,11,-3395.4733767764205,350324
22641,0.75,20,-3394.7233767764205,350344
22642,3.3000000000000003,18,-3391.4233767764204,350362
22643,3.0,9,-3388.4233767764204,350371
22644,3.0,8,-3385.4233767764204,350379
22645,4.5,31,-3380.9233767764204,350410
22646,6.0,9,-3374.9233767764204,350419
22647,-7.892857142857143,26,-3382.8162339192777,350445
22648,-6.0,36,-3388.8162339192777,350481
22649,-7.0,30,-3395.8162339192777,350511
22650,-2.0,10,-3397.8162339192777,350521
22651,0.0,3,-3397.8162339192777,350524
22652,2.0,3,-3395.8162339192777,350527
22653,2.595238095238095,11,-3393.2209958240396,350538
22654,2.5,13,-3390.7209958240396,350551
22655,-3.0,4,-3393.7209958240396,350555
22656,6.0,8,-3387.7209958240396,350563
22657,0.0,9,-3387.7209958240396,350572
22658,0.0,2,-3387.7209958240396,350574
22659,4.0,5,-3383.7209958240396,350579
22660,-4.5,21,-3388.2209958240396,350600
22661,4.5,12,-3383.7209958240396,350612
22662,-2.416666666666667,16,-3386.137662490706,350628
22663,9.211904761904762,31,-3376.9257577288013,350659
22664,-3.5,16,-3380.4257577288013,350675
22665,1.0,4,-3379.4257577288013,350679
22666,-1.5714285714285714,4,-3380.9971863002297,350683
22667,-1.0,6,-3381.9971863002297,350689
22668,0.0,4,-3381.9971863002297,350693
22669,0.0,1,-3381.9971863002297,350694
22670,5.0,7,-3376.9971863002297,350701
22671,2.0,2,-3374.9971863002297,350703
22672,-2.0,9,-3376.9971863002297,350712
22673,-4.5,16,-3381.4971863002297,350728
22674,0.8461538461538463,12,-3380.651032454076,350740
22675,2.0,4,-3378.651032454076,350744
22676,0.5,8,-3378.151032454076,350752
22677,2.2,4,-3375.951032454076,350756
22678,-3.5,6,-3379.451032454076,350762
22679,3.428571428571429,9,-3376.0224610255045,350771
22680,0.0,9,-3376.0224610255045,350780
22681,4.0,12,-3372.0224610255045,350792
22682,-1.0,7,-3373.0224610255045,350799
22683,13.4,21,-3359.6224610255044,350820
22684,-2.0,4,-3361.6224610255044,350824
22685,-3.0,10,-3364.6224610255044,350834
22686,5.0,10,-3359.6224610255044,350844
22687,1.0,18,-3358.6224610255044,350862
22688,-4.333333333333333,14,-3362.955794358838,350876
22689,-9.541666666666666,21,-3372.4974610255044,350897
22690,-0.47619047619047583,18,-3372.973651501695,350915
22691,3.666666666666667,24,-3369.3069848350283,350939
22692,4.0,16,-3365.3069848350283,350955
22693,-1.0,18,-3366.3069848350283,350973
22694,-0.7102564102564101,29,-3367.017241245285,351002
22695,-7.333333333333333,37,-3374.3505745786183,351039
22696,0.5,23,-3373.8505745786183,351062
22697,-5.0,19,-3378.8505745786183,351081
22698,4.333333333333333,30,-3374.517241245285,351111
22699,-5.0,26,-3379.517241245285,351137
22700,-1.6666666666666667,35,-3381.1839079119513,351172
22701,2.833333333333333,29,-3378.350574578618,351201
22702,0.75,11,-3377.600574578618,351212
22703,1.5,23,-3376.100574578618,351235
22704,6.166666666666666,39,-3369.9339079119513,351274
22705,0.75,21,-3369.1839079119513,351295
22706,4.0,16,-3365.1839079119513,351311
22707,-4.8,35,-3369.9839079119515,351346
22708,0.0,4,-3369.9839079119515,351350
22709,5.916666666666668,24,-3364.067241245285,351374
22710,-3.0,12,-3367.067241245285,351386
22711,1.5,26,-3365.567241245285,351412
22712,6.75,25,-3358.817241245285,351437
22713,-1.0,9,-3359.817241245285,351446
22714,2.666666666666667,25,-3357.1505745786185,351471
22715,-4.0,13,-3361.1505745786185,351484
22716,-2.0,24,-3363.1505745786185,351508
22717,3.0,22,-3360.1505745786185,351530
22718,-4.0,6,-3364.1505745786185,351536
22719,-1.6666666666666667,8,-3365.817241245285,351544
22720,2.666666666666667,44,-3363.1505745786185,351588
22721,-1.916666666666666,38,-3365.067241245285,351626
22722,-1.5,28,-3366.567241245285,351654
22723,-0.1111111111111111,14,-3366.6783523563963,351668
22724,-3.0,14,-3369.6783523563963,351682
22725,-1.5,13,-3371.1783523563963,351695
22726,0.0,31,-3371.1783523563963,351726
22727,1.3333333333333333,11,-3369.845019023063,351737
22728,2.0,14,-3367.845019023063,351751
22729,2.333333333333333,20,-3365.5116856897293,351771
22730,-4.416666666666666,23,-3369.928352356396,351794
22731,-7.0,18,-3376.928352356396,351812
22732,2.0,16,-3374.928352356396,351828
22733,1.0,19,-3373.928352356396,351847
22734,-3.333333333333333,13,-3377.2616856897293,351860
22735,5.0,21,-3372.2616856897293,351881
22736,-3.75,14,-3376.0116856897293,351895
22737,5.5,22,-3370.5116856897293,351917
22738,-3.5,7,-3374.0116856897293,351924
22739,0.833333333333333,34,-3373.178352356396,351958
22740,10.1,24,-3363.078352356396,351982
22741,2.666666666666667,23,-3360.4116856897294,352005
22742,0.16666666666666674,29,-3360.245019023063,352034
22743,-1.3333333333333333,16,-3361.5783523563964,352050
22744,10.0,21,-3351.5783523563964,352071
22745,-1.0,7,-3352.5783523563964,352078
22746,1.0,9,-3351.5783523563964,352087
22747,1.0,17,-3350.5783523563964,352104
22748,3.0,5,-3347.5783523563964,352109
22749,4.833333333333333,37,-3342.745019023063,352146
22750,-2.2,6,-3344.9450190230627,352152
22751,-2.0,10,-3346.9450190230627,352162
22752,-0.5,21,-3347.4450190230627,352183
22753,-0.8,23,-3348.245019023063,352206
22754,1.0,14,-3347.245019023063,352220
22755,-1.3333333333333333,12,-3348.5783523563964,352232
22756,6.666666666666667,42,-3341.91168568973,352274
22757,7.2,37,-3334.71168568973,352311
22758,2.2,53,-3332.5116856897303,352364
22759,2.5,16,-3330.0116856897303,352380
22760,1.0,3,-3329.0116856897303,352383
22761,-3.0,12,-3332.0116856897303,352395
22762,6.0,34,-3326.0116856897303,352429
22763,-5.5,23,-3331.5116856897303,352452
22764,1.7000000000000002,13,-3329.8116856897304,352465
22765,-2.3,9,-3332.1116856897306,352474
22766,5.5,11,-3326.6116856897306,352485
22767,-1.0,1,-3327.6116856897306,352486
22768,-1.0,5,-3328.6116856897306,352491
22769,-1.0,10,-3329.6116856897306,352501
22770,0.0,12,-3329.6116856897306,352513
22771,-2.0,5,-3331.6116856897306,352518
22772,1.5,28,-3330.1116856897306,352546
22773,0.0,23,-3330.1116856897306,352569
22774,0.0,6,-3330.1116856897306,352575
22775,0.0,7,-3330.1116856897306,352582
22776,-3.7857142857142856,18,-3333.897399975445,352600
22777,0.0,19,-3333.897399975445,352619
22778,-2.0,8,-3335.897399975445,352627
22779,1.0,5,-3334.897399975445,352632
22780,-2.25,6,-3337.147399975445,352638
22781,-2.5,8,-3339.647399975445,352646
22782,-5.0,3,-3344.647399975445,352649
22783,-4.0,29,-3348.647399975445,352678
22784,-1.5499999999999998,18,-3350.197399975445,352696
22785,2.1428571428571432,20,-3348.0545428325877,352716
22786,-10.166666666666666,28,-3358.221209499254,352744
22787,2.0,5,-3356.221209499254,352749
22788,-2.0,10,-3358.221209499254,352759
22789,1.0,10,-3357.221209499254,352769
22790,5.583333333333333,29,-3351.6378761659207,352798
22791,-5.8,38,-3357.437876165921,352836
22792,8.357142857142858,38,-3349.0807333087782,352874
22793,-4.0,9,-3353.0807333087782,352883
22794,4.0,13,-3349.0807333087782,352896
22795,-2.0,10,-3351.0807333087782,352906
22796,-2.4,16,-3353.4807333087783,352922
22797,-3.0,18,-3356.4807333087783,352940
22798,0.5,9,-3355.9807333087783,352949
22799,0.0,6,-3355.9807333087783,352955
22800,-1.0,2,-3356.9807333087783,352957
22801,2.0,5,-3354.9807333087783,352962
22802,2.666666666666667,9,-3352.314066642112,352971
22803,-1.0,5,-3353.314066642112,352976
22804,1.5454545454545454,13,-3351.7686120966573,352989
22805,1.6666666666666665,23,-3350.101945429991,353012
22806,-1.0,12,-3351.101945429991,353024
22807,-0.6304347826086953,59,-3351.7323802125993,353083
22808,-1.0,18,-3352.7323802125993,353101
22809,1.3333333333333333,7,-3351.399046879266,353108
22810,3.0,2,-3348.399046879266,353110
22811,-2.6666666666666665,15,-3351.0657135459323,353125
22812,-1.0,5,-3352.0657135459323,353130
22813,-0.25,9,-3352.3157135459323,353139
22814,1.0,9,-3351.3157135459323,353148
22815,0.0,8,-3351.3157135459323,353156
22816,0.0,4,-3351.3157135459323,353160
22817,0.0,13,-3351.3157135459323,353173
22818,8.666666666666668,26,-3342.649046879266,353199
22819,3.0,15,-3339.649046879266,353214
22820,-1.0,5,-3340.649046879266,353219
22821,-1.3333333333333333,9,-3341.9823802125993,353228
22822,-1.6666666666666665,18,-3343.649046879266,353246
22823,-5.333333333333333,20,-3348.9823802125993,353266
22824,-4.333333333333334,19,-3353.315713545933,353285
22825,-0.8,7,-3354.115713545933,353292
22826,-3.333333333333333,15,-3357.4490468792665,353307
22827,-2.571428571428571,14,-3360.020475450695,353321
22828,4.805555555555555,23,-3355.2149198951392,353344
22829,-2.0,15,-3357.2149198951392,353359
22830,-2.0,6,-3359.2149198951392,353365
22831,0.0,9,-3359.2149198951392,353374
22832,0.5,26,-3358.7149198951392,353400
22833,2.0,7,-3356.7149198951392,353407
22834,-2.0,4,-3358.7149198951392,353411
22835,2.0,6,-3356.7149198951392,353417
22836,4.75,30,-3351.9649198951392,353447
22837,0.0,6,-3351.9649198951392,353453
22838,7.5,28,-3344.4649198951392,353481
22839,0.08333333333333331,8,-3344.3815865618058,353489
22840,-7.0,7,-3351.3815865618058,353496
22841,-0.5,18,-3351.8815865618058,353514
22842,-2.0,9,-3353.8815865618058,353523
22843,1.2,10,-3352.681586561806,353533
22844,2.0588235294117645,21,-3350.6227630323942,353554
22845,4.5,8,-3346.1227630323942,353562
22846,1.3333333333333333,14,-3344.7894296990607,353576
22847,-1.0,16,-3345.7894296990607,353592
22848,0.0,12,-3345.7894296990607,353604
22849,11.5,24,-3334.2894296990607,353628
22850,-0.25,13,-3334.5394296990607,353641
22851,4.083333333333334,21,-3330.4560963657273,353662
22852,-0.5,15,-3330.9560963657273,353677
22853,-2.8,25,-3333.7560963657274,353702
22854,0.2,6,-3333.5560963657276,353708
22855,2.0,12,-3331.5560963657276,353720
22856,1.5,13,-3330.0560963657276,353733
22857,0.0,7,-3330.0560963657276,353740
22858,0.0,7,-3330.0560963657276,353747
22859,-0.3333333333333335,15,-3330.389429699061,353762
22860,-2.0,9,-3332.389429699061,353771
22861,1.0,15,-3331.389429699061,353786
22862,1.0,4,-3330.389429699061,353790
22863,-4.904761904761904,25,-3335.294191603823,353815
22864,1.5,13,-3333.794191603823,353828
22865,-7.454545454545455,15,-3341.2487370583685,353843
22866,1.0,10,-3340.2487370583685,353853
22867,0.0,7,-3340.2487370583685,353860
22868,-1.0,3,-3341.2487370583685,353863
22869,-4.0,16,-3345.2487370583685,353879
22870,0.8095238095238093,29,-3344.4392132488447,353908
22871,2.0,4,-3342.4392132488447,353912
22872,-2.1904761904761907,18,-3344.629689439321,353930
22873,-2.583333333333333,11,-3347.2130227726543,353941
22874,-0.1333333333333333,8,-3347.3463561059875,353949
22875,4.6,10,-3342.7463561059876,353959
22876,4.6,15,-3338.1463561059877,353974
22877,2.9,23,-3335.2463561059876,353997
22878,-1.0,3,-3336.2463561059876,354000
22879,0.5,5,-3335.7463561059876,354005
22880,5.333333333333333,17,-3330.413022772654,354022
22881,7.0,20,-3323.413022772654,354042
22882,10.333333333333332,21,-3313.0796894393206,354063
22883,3.3333333333333335,35,-3309.746356105987,354098
22884,5.833333333333333,15,-3303.9130227726537,354113
22885,2.4761904761904763,17,-3301.4368322964633,354130
22886,0.5,39,-3300.9368322964633,354169
22887,0.3333333333333333,9,-3300.60349896313,354178
22888,5.714285714285714,28,-3294.889213248844,354206
22889,-3.0,10,-3297.889213248844,354216
22890,-3.0,19,-3300.889213248844,354235
22891,-1.066666666666667,30,-3301.9558799155106,354265
22892,8.833333333333334,37,-3293.122546582177,354302
22893,3.0,11,-3290.122546582177,354313
22894,-1.3333333333333337,61,-3291.4558799155106,354374
22895,1.4333333333333331,31,-3290.0225465821773,354405
22896,11.866666666666667,28,-3278.1558799155105,354433
22897,6.878571428571429,33,-3271.277308486939,354466
22898,4.2,6,-3267.0773084869393,354472
22899,3.0,8,-3264.0773084869393,354480
22900,1.0,8,-3263.0773084869393,354488
22901,0.0,2,-3263.0773084869393,354490
22902,-0.6666666666666665,8,-3263.743975153606,354498
22903,-0.3333333333333335,8,-3264.0773084869393,354506
22904,0.0,7,-3264.0773084869393,354513
22905,1.9333333333333333,27,-3262.143975153606,354540
22906,1.0,5,-3261.143975153606,354545
22907,-2.1666666666666665,3,-3263.3106418202724,354548
22908,2.857142857142857,5,-3260.4534989631297,354553
22909,0,0,-3260.4534989631297,354553
22910,0,0,-3260.4534989631297,354553
22911,0.8571428571428572,9,-3259.596356105987,354562
22912,2.5,16,-3257.096356105987,354578
22913,-0.18181818181818166,24,-3257.278174287805,354602
22914,3.0,8,-3254.278174287805,354610
22915,-2.5,12,-3256.778174287805,354622
22916,1.25,5,-3255.528174287805,354627
22917,2.0,5,-3253.528174287805,354632
22918,-2.666666666666667,19,-3256.1948409544716,354651
22919,2.0,9,-3254.1948409544716,354660
22920,2.0,19,-3252.1948409544716,354679
22921,-0.3999999999999999,29,-3252.5948409544717,354708
22922,0.0,1,-3252.5948409544717,354709
22923,2.8333333333333335,25,-3249.761507621138,354734
22924,-0.5,5,-3250.261507621138,354739
22925,5.6,11,-3244.6615076211383,354750
22926,0.0,4,-3244.6615076211383,354754
22927,1.5,10,-3243.1615076211383,354764
22928,5.178571428571429,19,-3237.9829361925667,354783
22929,0.0,7,-3237.9829361925667,354790
22930,1.3333333333333335,22,-3236.6496028592333,354812
22931,3.333333333333333,36,-3233.3162695258998,354848
22932,-1.6666666666666667,25,-3234.9829361925663,354873
22933,3.75,31,-3231.2329361925663,354904
22934,-9.0,32,-3240.2329361925663,354936
22935,-0.4,6,-3240.6329361925664,354942
22936,3.5,10,-3237.1329361925664,354952
22937,3.0,16,-3234.1329361925664,354968
22938,-3.0,7,-3237.1329361925664,354975
22939,3.0,13,-3234.1329361925664,354988
22940,3.0,13,-3231.1329361925664,355001
22941,2.5,2,-3228.6329361925664,355003
22942,-1.0,7,-3229.6329361925664,355010
22943,2.7333333333333334,72,-3226.8996028592333,355082
22944,-3.0,7,-3229.8996028592333,355089
22945,-6.5,27,-3236.3996028592333,355116
22946,1.0,3,-3235.3996028592333,355119
22947,0.0,3,-3235.3996028592333,355122
22948,1.666666666666667,12,-3233.7329361925667,355134
22949,2.6666666666666665,10,-3231.0662695259,355144
22950,2.3333333333333335,6,-3228.7329361925667,355150
22951,3.5238095238095237,19,-3225.209126668757,355169
22952,4.2,7,-3221.0091266687573,355176
22953,0.0,5,-3221.0091266687573,355181
22954,-0.5,6,-3221.5091266687573,355187
22955,4.492857142857143,40,-3217.0162695259,355227
22956,-3.9,13,-3220.9162695259,355240
22957,3.2,7,-3217.7162695259003,355247
22958,-5.333333333333334,7,-3223.049602859234,355254
22959,-1.0,5,-3224.049602859234,355259
22960,4.1,9,-3219.949602859234,355268
22961,2.333333333333333,17,-3217.6162695259004,355285
22962,-3.1666666666666665,25,-3220.782936192567,355310
22963,6.9523809523809526,35,-3213.830555240186,355345
22964,5.333333333333333,10,-3208.4972219068527,355355
22965,6.0,24,-3202.4972219068527,355379
22966,-0.5,30,-3202.9972219068527,355409
22967,7.791666666666666,30,-3195.205555240186,355439
22968,-1.5,11,-3196.705555240186,355450
22969,-2.0,6,-3198.705555240186,355456
22970,4.2,9,-3194.5055552401864,355465
22971,-3.0,7,-3197.5055552401864,355472
22972,1.0,24,-3196.5055552401864,355496
22973,-4.0,20,-3200.5055552401864,355516
22974,7.5,32,-3193.0055552401864,355548
22975,8.5,18,-3184.5055552401864,355566
22976,4.166666666666666,32,-3180.33888857352,355598
22977,5.142857142857142,17,-3175.1960314306625,355615
22978,9.0,10,-3166.1960314306625,355625
22979,-2.583333333333333,46,-3168.779364763996,355671
22980,-1.8571428571428572,28,-3170.6365076211387,355699
22981,2.0,20,-3168.6365076211387,355719
22982,3.0,14,-3165.6365076211387,355733
22983,2.666666666666667,13,-3162.969840954472,355746
22984,-3.5555555555555554,27,-3166.525396510028,355773
22985,5.333333333333333,26,-3161.1920631766943,355799
22986,1.6,24,-3159.5920631766944,355823
22987,6.0,10,-3153.5920631766944,355833
22988,6.0,12,-3147.5920631766944,355845
22989,3.0,11,-3144.5920631766944,355856
22990,-2.0,15,-3146.5920631766944,355871
22991,6.333333333333333,15,-3140.258729843361,355886
22992,2.0,19,-3138.258729843361,355905
22993,0.6666666666666666,10,-3137.5920631766944,355915
22994,6.0,14,-3131.5920631766944,355929
22995,0.0,16,-3131.5920631766944,355945
22996,4.142857142857142,18,-3127.449206033837,355963
22997,7.333333333333333,15,-3120.1158727005036,355978
22998,-2.5,41,-3122.6158727005036,356019
22999,4.5,24,-3118.1158727005036,356043
23000,-6.0,13,-3124.1158727005036,356056
23001,4.75,14,-3119.3658727005036,356070
23002,6.033333333333333,19,-3113.3325393671703,356089
23003,1.8333333333333333,24,-3111.499206033837,356113
23004,8.0,33,-3103.499206033837,356146
23005,-1.5,25,-3104.999206033837,356171
23006,2.333333333333333,33,-3102.6658727005033,356204
23007,-0.08333333333333348,16,-3102.749206033837,356220
23008,0.33333333333333326,19,-3102.4158727005033,356239
23009,-3.4000000000000004,39,-3105.8158727005034,356278
23010,-3.75,25,-3109.5658727005034,356303
23011,1.8333333333333335,31,-3107.73253936717,356334
23012,7.199999999999999,34,-3100.53253936717,356368
23013,4.0,12,-3096.53253936717,356380
23014,1.3333333333333335,28,-3095.1992060338366,356408
23015,2.0,26,-3093.1992060338366,356434
23016,2.6,10,-3090.5992060338367,356444
23017,-2.0,8,-3092.5992060338367,356452
23018,2.5,11,-3090.0992060338367,356463
23019,1.0,22,-3089.0992060338367,356485
23020,9.5,29,-3079.5992060338367,356514
23021,-2.0,10,-3081.5992060338367,356524
23022,6.0,9,-3075.5992060338367,356533
23023,-4.0,17,-3079.5992060338367,356550
23024,-0.5,42,-3080.0992060338367,356592
23025,-2.333333333333333,24,-3082.43253936717,356616
23026,-3.0,22,-3085.43253936717,356638
23027,-3.0,15,-3088.43253936717,356653
23028,2.6666666666666665,16,-3085.7658727005037,356669
23029,2.3333333333333335,8,-3083.43253936717,356677
23030,-1.0,4,-3084.43253936717,356681
23031,-1.8333333333333333,7,-3086.2658727005037,356688
23032,1.0,10,-3085.2658727005037,356698
23033,1.0,19,-3084.2658727005037,356717
23034,1.0,18,-3083.2658727005037,356735
23035,1.3333333333333333,10,-3081.93253936717,356745
23036,-1.0,33,-3082.93253936717,356778
23037,-2.8333333333333335,54,-3085.7658727005037,356832
23038,-5.6,50,-3091.3658727005036,356882
23039,-5.1911764705882355,18,-3096.557049171092,356900
23040,-3.0666666666666664,32,-3099.6237158377585,356932
23041,-9.833333333333332,31,-3109.457049171092,356963
23042,-3.333333333333333,15,-3112.7903825044255,356978
23043,-1.6428571428571437,29,-3114.433239647283,357007
23044,2.0,9,-3112.433239647283,357016
23045,4.428571428571429,12,-3108.0046682187112,357028
23046,3.0,21,-3105.0046682187112,357049
23047,-0.6666666666666667,10,-3105.6713348853777,357059
23048,0.0,14,-3105.6713348853777,357073
23049,-0.5,14,-3106.1713348853777,357087
23050,-4.333333333333334,40,-3110.5046682187112,357127
23051,10.0,38,-3100.5046682187112,357165
23052,0.0,2,-3100.5046682187112,357167
23053,-1.5,16,-3102.0046682187112,357183
23054,3.1666666666666665,14,-3098.8380015520447,357197
23055,5.166666666666666,3,-3093.671334885378,357200
23056,-0.5,4,-3094.171334885378,357204
23057,0.5,5,-3093.671334885378,357209
23058,5.0,5,-3088.671334885378,357214
23059,1.0,2,-3087.671334885378,357216
23060,-0.5,15,-3088.171334885378,357231
23061,0.5555555555555554,16,-3087.6157793298225,357247
23062,-2.0,15,-3089.6157793298225,357262
23063,0.27380952380952367,19,-3089.341969806013,357281
23064,2.25,1,-3087.091969806013,357282
23065,4.428571428571429,19,-3082.6633983774414,357301
23066,-3.0,8,-3085.6633983774414,357309
23067,-6.0,17,-3091.6633983774414,357326
23068,4.0,7,-3087.6633983774414,357333
23069,5.666666666666667,22,-3081.996731710775,357355
23070,-1.2,7,-3083.1967317107747,357362
23071,1.0,21,-3082.1967317107747,357383
23072,1.0,10,-3081.1967317107747,357393
23073,-0.5,4,-3081.6967317107747,357397
23074,0.0,5,-3081.6967317107747,357402
23075,1.75,14,-3079.9467317107747,357416
23076,-3.0,10,-3082.9467317107747,357426
23077,3.0,5,-3079.9467317107747,357431
23078,3.6166666666666667,27,-3076.330065044108,357458
23079,3.428571428571429,11,-3072.9014936155363,357469
23080,3.0,5,-3069.9014936155363,357474
23081,-1.0,9,-3070.9014936155363,357483
23082,-4.392857142857142,40,-3075.2943507583936,357523
23083,1.0,4,-3074.2943507583936,357527
23084,-1.25,10,-3075.5443507583936,357537
23085,2.5,10,-3073.0443507583936,357547
23086,1.6666666666666667,8,-3071.377684091727,357555
23087,1.0,3,-3070.377684091727,357558
23088,-5.0,12,-3075.377684091727,357570
23089,0.0,14,-3075.377684091727,357584
23090,2.0,5,-3073.377684091727,357589
23091,2.0,10,-3071.377684091727,357599
23092,-3.0,5,-3074.377684091727,357604
23093,0.0,12,-3074.377684091727,357616
23094,0.0,7,-3074.377684091727,357623
23095,-2.0,15,-3076.377684091727,357638
23096,-2.5,7,-3078.877684091727,357645
23097,-2.5,15,-3081.377684091727,357660
23098,1.0,9,-3080.377684091727,357669
23099,5.25,18,-3075.127684091727,357687
23100,0.0,23,-3075.127684091727,357710
23101,7.0,20,-3068.127684091727,357730
23102,5.0,10,-3063.127684091727,357740
23103,2.0,3,-3061.127684091727,357743
23104,-4.0,4,-3065.127684091727,357747
23105,-2.0,8,-3067.127684091727,357755
23106,0.0,14,-3067.127684091727,357769
23107,-0.5,4,-3067.627684091727,357773
23108,-1.6666666666666667,7,-3069.2943507583936,357780
23109,8.333333333333332,10,-3060.96101742506,357790
23110,3.5,23,-3057.46101742506,357813
23111,3.0,16,-3054.46101742506,357829
23112,-0.8333333333333335,19,-3055.2943507583936,357848
23113,2.428571428571429,20,-3052.865779329822,357868
23114,-1.0,15,-3053.865779329822,357883
23115,-2.333333333333334,33,-3056.1991126631556,357916
23116,-6.550000000000001,16,-3062.7491126631558,357932
23117,-3.1214285714285714,24,-3065.8705412345844,357956
23118,6.5588235294117645,19,-3059.3117177051727,357975
23119,0.5,6,-3058.8117177051727,357981
23120,3.0,4,-3055.8117177051727,357985
23121,1.0,9,-3054.8117177051727,357994
23122,5.0,4,-3049.8117177051727,357998
23123,-0.5,8,-3050.3117177051727,358006
23124,1.0,14,-3049.3117177051727,358020
23125,-1.0,3,-3050.3117177051727,358023
23126,7.333333333333333,9,-3042.978384371839,358032
23127,3.0,6,-3039.978384371839,358038
23128,4.5,27,-3035.478384371839,358065
23129,0.0,7,-3035.478384371839,358072
23130,0.0,3,-3035.478384371839,358075
23131,0.0,2,-3035.478384371839,358077
23132,3.0,2,-3032.478384371839,358079
23133,0.0,2,-3032.478384371839,358081
23134,0.0,7,-3032.478384371839,358088
23135,3.0,3,-3029.478384371839,358091
23136,1.6,22,-3027.8783843718393,358113
23137,-5.583333333333333,12,-3033.4617177051728,358125
23138,-1.0,5,-3034.4617177051728,358130
23139,-0.5,10,-3034.9617177051728,358140
23140,1.0,1,-3033.9617177051728,358141
23141,0.0,13,-3033.9617177051728,358154
23142,1.0,1,-3032.9617177051728,358155
23143,4.0,7,-3028.9617177051728,358162
23144,0.0,6,-3028.9617177051728,358168
23145,6.0,13,-3022.9617177051728,358181
23146,3.0,8,-3019.9617177051728,358189
23147,1.0,2,-3018.9617177051728,358191
23148,5.6,11,-3013.361717705173,358202
23149,0.0,12,-3013.361717705173,358214
23150,4.0,13,-3009.361717705173,358227
23151,-1.0,41,-3010.361717705173,358268
23152,-2.0,9,-3012.361717705173,358277
23153,2.2,8,-3010.161717705173,358285
23154,5.5,28,-3004.661717705173,358313
23155,1.0,8,-3003.661717705173,358321
23156,-1.4,13,-3005.061717705173,358334
23157,1.6,20,-3003.461717705173,358354
23158,1.0,7,-3002.461717705173,358361
23159,0.0,4,-3002.461717705173,358365
23160,-1.0,3,-3003.461717705173,358368
23161,2.125,8,-3001.336717705173,358376
23162,0.3333333333333333,6,-3001.0033843718397,358382
23163,1.75,9,-2999.2533843718397,358391
23164,0.0,2,-2999.2533843718397,358393
23165,0.41666666666666674,23,-2998.836717705173,358416
23166,5.666666666666666,21,-2993.1700510385067,358437
23167,9.2,23,-2983.970051038507,358460
23168,2.6,16,-2981.370051038507,358476
23169,-1.0,19,-2982.370051038507,358495
23170,-1.5714285714285714,17,-2983.9414796099354,358512
23171,1.6666666666666665,7,-2982.274812943269,358519
23172,1.0,8,-2981.274812943269,358527
23173,-0.7333333333333334,33,-2982.008146276602,358560
23174,3.0,7,-2979.008146276602,358567
23175,0.0,2,-2979.008146276602,358569
23176,2.0,4,-2977.008146276602,358573
23177,0.0,3,-2977.008146276602,358576
23178,0.33333333333333326,16,-2976.6748129432685,358592
23179,-1.0,6,-2977.6748129432685,358598
23180,10.5,33,-2967.1748129432685,358631
23181,0.9999999999999996,40,-2966.1748129432685,358671
23182,-4.904761904761905,23,-2971.0795748480305,358694
23183,0.0,7,-2971.0795748480305,358701
23184,5.0,15,-2966.0795748480305,358716
23185,2.8333333333333335,12,-2963.246241514697,358728
23186,0.0,5,-2963.246241514697,358733
23187,7.7,23,-2955.546241514697,358756
23188,-0.33333333333333326,10,-2955.8795748480306,358766
23189,0.0,1,-2955.8795748480306,358767
23190,4.0,13,-2951.8795748480306,358780
23191,-1.5714285714285714,7,-2953.451003419459,358787
23192,-1.0,1,-2954.451003419459,358788
23193,-0.8888888888888888,10,-2955.3398923083478,358798
23194,1.0,3,-2954.3398923083478,358801
23195,-7.966666666666667,42,-2962.3065589750145,358843
23196,1.9242424242424243,16,-2960.382316550772,358859
23197,-2.25,5,-2962.632316550772,358864
23198,0.0,4,-2962.632316550772,358868
23199,1.0,7,-2961.632316550772,358875
23200,-1.0,16,-2962.632316550772,358891
23201,0.0,5,-2962.632316550772,358896
23202,-0.25,8,-2962.882316550772,358904
23203,10.666666666666666,25,-2952.2156498841055,358929
23204,-7.0,10,-2959.2156498841055,358939
23205,1.3333333333333326,41,-2957.882316550772,358980
23206,-2.0,23,-2959.882316550772,359003
23207,-2.0,27,-2961.882316550772,359030
23208,-3.0,17,-2964.882316550772,359047
23209,3.4999999999999996,22,-2961.382316550772,359069
23210,3.0,20,-2958.382316550772,359089
23211,-8.0,12,-2966.382316550772,359101
23212,-3.0,19,-2969.382316550772,359120
23213,-3.0,9,-2972.382316550772,359129
23214,-0.6666666666666666,16,-2973.0489832174385,359145
23215,2.3333333333333335,6,-2970.715649884105,359151
23216,-0.20000000000000018,16,-2970.915649884105,359167
23217,1.0,5,-2969.915649884105,359172
23218,0.0,3,-2969.915649884105,359175
23219,-1.0,2,-2970.915649884105,359177
23220,4.333333333333333,18,-2966.5823165507713,359195
23221,-2.5,9,-2969.0823165507713,359204
23222,-0.9166666666666667,15,-2969.998983217438,359219
23223,-3.0,20,-2972.998983217438,359239
23224,8.0,28,-2964.998983217438,359267
23225,-1.75,19,-2966.748983217438,359286
23226,-1.0,2,-2967.748983217438,359288
23227,-1.0,5,-2968.748983217438,359293
23228,-2.5,9,-2971.248983217438,359302
23229,-6.4,46,-2977.648983217438,359348
23230,-2.0,3,-2979.648983217438,359351
23231,2.0,13,-2977.648983217438,359364
23232,-1.0,8,-2978.648983217438,359372
23233,-2.5,8,-2981.148983217438,359380
23234,-3.0,20,-2984.148983217438,359400
23235,-1.0,15,-2985.148983217438,359415
23236,1.6666666666666667,26,-2983.4823165507714,359441
23237,-1.0,14,-2984.4823165507714,359455
23238,-3.7,14,-2988.1823165507712,359469
23239,4.833333333333333,17,-2983.3489832174378,359486
23240,-2.0,14,-2985.3489832174378,359500
23241,-2.0,2,-2987.3489832174378,359502
23242,3.0,5,-2984.3489832174378,359507
23243,-4.571428571428571,20,-2988.920411788866,359527
23244,-5.0,10,-2993.920411788866,359537
23245,-1.3333333333333335,6,-2995.2537451221997,359543
23246,5.0,19,-2990.2537451221997,359562
23247,-4.0,23,-2994.2537451221997,359585
23248,-1.0,26,-2995.2537451221997,359611
23249,3.8888888888888884,31,-2991.364856233311,359642
23250,-4.0,12,-2995.364856233311,359654
23251,-6.5,14,-3001.864856233311,359668
23252,-2.0,8,-3003.864856233311,359676
23253,0.3333333333333335,9,-3003.5315228999775,359685
23254,9.0,26,-2994.5315228999775,359711
23255,2.0,4,-2992.5315228999775,359715
23256,-0.4545454545454546,8,-2992.986068354523,359723
23257,-2.0,6,-2994.986068354523,359729
23258,-2.0,2,-2996.986068354523,359731
23259,1.6666666666666667,10,-2995.3194016878565,359741
23260,0.0,6,-2995.3194016878565,359747
23261,0.0,5,-2995.3194016878565,359752
23262,-2.0,3,-2997.3194016878565,359755
23263,0.0,2,-2997.3194016878565,359757
23264,3.666666666666666,22,-2993.65273502119,359779
23265,-2.5,25,-2996.15273502119,359804
23266,0.0,15,-2996.15273502119,359819
23267,1.5,27,-2994.65273502119,359846
23268,-1.4095238095238094,12,-2996.0622588307137,359858
23269,-2.0,6,-2998.0622588307137,359864
23270,-4.5,6,-3002.5622588307137,359870
23271,0.0,5,-3002.5622588307137,359875
23272,1.0,20,-3001.5622588307137,359895
23273,-3.0,10,-3004.5622588307137,359905
23274,-2.7380952380952377,37,-3007.300354068809,359942
23275,1.8888888888888888,11,-3005.4114651799205,359953
23276,1.0,14,-3004.4114651799205,359967
23277,0.6666666666666667,23,-3003.744798513254,359990
23278,-3.1911764705882355,43,-3006.9359749838422,360033
23279,-6.333333333333333,17,-3013.2693083171757,360050
23280,-1.0,13,-3014.2693083171757,360063
23281,0.0,12,-3014.2693083171757,360075
23282,-3.0,13,-3017.2693083171757,360088
23283,3.2,23,-3014.069308317176,360111
23284,-3.9,29,-3017.969308317176,360140
23285,5.166666666666666,14,-3012.8026416505095,360154
23286,-1.0,7,-3013.8026416505095,360161
23287,6.0,11,-3007.8026416505095,360172
23288,0.0,3,-3007.8026416505095,360175
23289,-1.5,12,-3009.3026416505095,360187
23290,-4.142857142857142,20,-3013.445498793367,360207
23291,-1.333333333333333,17,-3014.7788321267003,360224
23292,1.0,20,-3013.7788321267003,360244
23293,3.0,35,-3010.7788321267003,360279
23294,0.0,5,-3010.7788321267003,360284
23295,2.0,19,-3008.7788321267003,360303
23296,0.0,19,-3008.7788321267003,360322
23297,-5.0,13,-3013.7788321267003,360335
23298,-1.0,16,-3014.7788321267003,360351
23299,2.0,19,-3012.7788321267003,360370
23300,3.0,19,-3009.7788321267003,360389
23301,0.0,5,-3009.7788321267003,360394
23302,0.0,7,-3009.7788321267003,360401
23303,1.0,17,-3008.7788321267003,360418
23304,0.0,14,-3008.7788321267003,360432
23305,0.0,6,-3008.7788321267003,360438
23306,-2.0,8,-3010.7788321267003,360446
23307,1.0,15,-3009.7788321267003,360461
23308,-5.0,19,-3014.7788321267003,360480
23309,1.0,3,-3013.7788321267003,360483
23310,-6.5,8,-3020.2788321267003,360491
23311,-7.0,10,-3027.2788321267003,360501
23312,-10.416666666666666,48,-3037.695498793367,360549
23313,0.0,1,-3037.695498793367,360550
23314,-2.0,5,-3039.695498793367,360555
23315,0.0,12,-3039.695498793367,360567
23316,0.0,14,-3039.695498793367,360581
23317,1.0238095238095235,12,-3038.671689269557,360593
23318,11.0,26,-3027.671689269557,360619
23319,2.0,18,-3025.671689269557,360637
23320,5.0,47,-3020.671689269557,360684
23321,-0.8,22,-3021.4716892695574,360706
23322,-0.25,15,-3021.7216892695574,360721
23323,-5.5,20,-3027.2216892695574,360741
23324,3.0,5,-3024.2216892695574,360746
23325,-2.0,2,-3026.2216892695574,360748
23326,3.0,5,-3023.2216892695574,360753
23327,1.8571428571428572,12,-3021.3645464124147,360765
23328,1.0,10,-3020.3645464124147,360775
23329,1.0,8,-3019.3645464124147,360783
23330,-8.571428571428571,23,-3027.935974983843,360806
23331,-1.3,22,-3029.2359749838433,360828
23332,0.5,31,-3028.7359749838433,360859
23333,1.0,25,-3027.7359749838433,360884
23334,-2.8,8,-3030.5359749838435,360892
23335,-0.666666666666667,29,-3031.20264165051,360921
23336,6.0,22,-3025.20264165051,360943
23337,2.0,7,-3023.20264165051,360950
23338,1.2000000000000002,12,-3022.00264165051,360962
23339,-1.0,4,-3023.00264165051,360966
23340,3.533333333333333,20,-3019.469308317177,360986
23341,-1.0,10,-3020.469308317177,360996
23342,1.0,10,-3019.469308317177,361006
23343,-1.0,9,-3020.469308317177,361015
23344,3.0,21,-3017.469308317177,361036
23345,1.0,8,-3016.469308317177,361044
23346,1.0,15,-3015.469308317177,361059
23347,1.75,15,-3013.719308317177,361074
23348,3.0,12,-3010.719308317177,361086
23349,0.0,11,-3010.719308317177,361097
23350,3.5,10,-3007.219308317177,361107
23351,0.9500000000000002,6,-3006.269308317177,361113
23352,0.0,11,-3006.269308317177,361124
23353,-1.0,7,-3007.269308317177,361131
23354,-1.3333333333333333,6,-3008.6026416505106,361137
23355,-1.3333333333333333,13,-3009.935974983844,361150
23356,1.75,7,-3008.185974983844,361157
23357,-0.75,9,-3008.935974983844,361166
23358,3.5,11,-3005.435974983844,361177
23359,6.0,14,-2999.435974983844,361191
23360,-2.8,22,-3002.2359749838442,361213
23361,-5.666666666666667,23,-3007.9026416505108,361236
23362,1.0,11,-3006.9026416505108,361247
23363,-3.0,19,-3009.9026416505108,361266
23364,-4.75,18,-3014.6526416505108,361284
23365,5.0,15,-3009.6526416505108,361299
23366,-4.0,27,-3013.6526416505108,361326
23367,4.0,15,-3009.6526416505108,361341
23368,4.0,23,-3005.6526416505108,361364
23369,10.083333333333332,25,-2995.5693083171773,361389
23370,1.0,16,-2994.5693083171773,361405
23371,0.0,15,-2994.5693083171773,361420
23372,-1.0,18,-2995.5693083171773,361438
23373,-3.0,14,-2998.5693083171773,361452
23374,-5.0,19,-3003.5693083171773,361471
23375,-0.75,28,-3004.3193083171773,361499
23376,8.0,21,-2996.3193083171773,361520
23377,-9.333333333333334,22,-3005.6526416505108,361542
23378,1.9500000000000002,21,-3003.702641650511,361563
23379,0.0,16,-3003.702641650511,361579
23380,1.333333333333333,27,-3002.3693083171775,361606
23381,2.0,13,-3000.3693083171775,361619
23382,4.142857142857142,36,-2996.22645117432,361655
23383,0.0,25,-2996.22645117432,361680
23384,-8.5,23,-3004.72645117432,361703
23385,5.666666666666667,26,-2999.0597845076536,361729
23386,2.6,24,-2996.4597845076537,361753
23387,2.5,26,-2993.9597845076537,361779
23388,0.8333333333333335,27,-2993.12645117432,361806
23389,-2.0,38,-2995.12645117432,361844
23390,3.333333333333333,22,-2991.7931178409867,361866
23391,0.3571428571428572,50,-2991.435974983844,361916
23392,1.7333333333333332,28,-2989.702641650511,361944
23393,-3.0,60,-2992.702641650511,362004
23394,2.0,25,-2990.702641650511,362029
23395,-1.2666666666666668,21,-2991.969308317178,362050
23396,-0.2666666666666666,35,-2992.2359749838447,362085
23397,0.8666666666666663,44,-2991.369308317178,362129
23398,6.0,22,-2985.369308317178,362151
23399,4.6,11,-2980.769308317178,362162
23400,0.25,21,-2980.519308317178,362183
23401,4.5,19,-2976.019308317178,362202
23402,4.5,11,-2971.519308317178,362213
23403,12.0,35,-2959.519308317178,362248
23404,0.3333333333333333,5,-2959.1859749838445,362253
23405,5.2,30,-2953.9859749838447,362283
23406,3.2,28,-2950.785974983845,362311
23407,-1.5,24,-2952.285974983845,362335
23408,-1.0,7,-2953.285974983845,362342
23409,3.2,21,-2950.085974983845,362363
23410,5.916666666666666,25,-2944.1693083171785,362388
23411,-11.321428571428571,36,-2955.490736888607,362424
23412,-2.0,5,-2957.490736888607,362429
23413,2.25,16,-2955.240736888607,362445
23414,1.0,22,-2954.240736888607,362467
23415,2.0,32,-2952.240736888607,362499
23416,2.5,24,-2949.740736888607,362523
23417,1.6666666666666667,26,-2948.0740702219405,362549
23418,-2.0,7,-2950.0740702219405,362556
23419,0.0,8,-2950.0740702219405,362564
23420,-0.3333333333333333,17,-2950.407403555274,362581
23421,0.0,7,-2950.407403555274,362588
23422,-0.6666666666666666,10,-2951.0740702219405,362598
23423,-5.0,20,-2956.0740702219405,362618
23424,2.333333333333333,29,-2953.740736888607,362647
23425,0.2420634920634921,35,-2953.4986733965434,362682
23426,2.0,10,-2951.4986733965434,362692
23427,-2.8,19,-2954.2986733965436,362711
23428,2.0,7,-2952.2986733965436,362718
23429,4.25,31,-2948.0486733965436,362749
23430,-1.333333333333333,33,-2949.382006729877,362782
23431,-4.825,37,-2954.207006729877,362819
23432,-0.9411764705882355,21,-2955.148183200465,362840
23433,1.4000000000000004,7,-2953.748183200465,362847
23434,8.0,35,-2945.748183200465,362882
23435,-0.25,6,-2945.998183200465,362888
23436,-1.8772727272727274,17,-2947.8754559277377,362905
23437,1.3333333333333333,13,-2946.542122594404,362918
23438,-0.25,4,-2946.792122594404,362922
23439,-0.5,3,-2947.292122594404,362925
23440,-0.5,3,-2947.792122594404,362928
23441,-0.19999999999999996,7,-2947.992122594404,362935
23442,-5.5,16,-2953.492122594404,362951
23443,-6.916666666666668,19,-2960.4087892610705,362970
23444,-0.25,26,-2960.6587892610705,362996
23445,-2.3928571428571423,25,-2963.051646403928,363021
23446,-2.333333333333333,7,-2965.3849797372613,363028
23447,-2.0,2,-2967.3849797372613,363030
23448,9.0,14,-2958.3849797372613,363044
23449,-0.5,7,-2958.8849797372613,363051
23450,5.0,9,-2953.8849797372613,363060
23451,8.0,25,-2945.8849797372613,363085
23452,3.75,9,-2942.1349797372613,363094
23453,3.0,4,-2939.1349797372613,363098
23454,0.0,2,-2939.1349797372613,363100
23455,1.5833333333333333,11,-2937.551646403928,363111
23456,1.75,9,-2935.801646403928,363120
23457,1.3333333333333333,5,-2934.4683130705944,363125
23458,1.5,22,-2932.9683130705944,363147
23459,2.666666666666667,4,-2930.301646403928,363151
23460,6.0,8,-2924.301646403928,363159
23461,3.5,10,-2920.801646403928,363169
23462,-0.8999999999999999,16,-2921.701646403928,363185
23463,-3.5,11,-2925.201646403928,363196
23464,-5.898989898989899,38,-2931.100636302918,363234
23465,-5.0,10,-2936.100636302918,363244
23466,6.666666666666666,34,-2929.4339696362513,363278
23467,-3.0,10,-2932.4339696362513,363288
23468,6.476190476190475,21,-2925.957779160061,363309
23469,-1.4,29,-2927.357779160061,363338
23470,10.416666666666666,32,-2916.9411124933945,363370
23471,6.571428571428571,32,-2910.369683921966,363402
23472,6.0,8,-2904.369683921966,363410
23473,1.0,8,-2903.369683921966,363418
23474,-1.5,16,-2904.869683921966,363434
23475,5.090909090909091,22,-2899.778774831057,363456
23476,-4.0,10,-2903.778774831057,363466
23477,-2.0,13,-2905.778774831057,363479
23478,8.583333333333332,20,-2897.1954414977236,363499
23479,-2.6666666666666665,30,-2899.86210816439,363529
23480,-4.333333333333334,34,-2904.1954414977236,363563
23481,1.5,30,-2902.6954414977236,363593
23482,10.666666666666668,44,-2892.028774831057,363637
23483,6.333333333333334,29,-2885.6954414977236,363666
23484,6.0,12,-2879.6954414977236,363678
23485,1.9230769230769231,26,-2877.7723645746464,363704
23486,-0.33333333333333326,17,-2878.10569790798,363721
23487,2.0,20,-2876.10569790798,363741
23488,2.2,25,-2873.90569790798,363766
23489,-5.0,17,-2878.90569790798,363783
23490,1.0,3,-2877.90569790798,363786
23491,11.25,24,-2866.65569790798,363810
23492,-12.166666666666666,48,-2878.8223645746466,363858
23493,-6.0,11,-2884.8223645746466,363869
23494,4.0,14,-2880.8223645746466,363883
23495,-4.4,14,-2885.2223645746467,363897
23496,-2.833333333333333,16,-2888.05569790798,363913
23497,1.0,4,-2887.05569790798,363917
23498,7.166666666666667,19,-2879.8890312413137,363936
23499,4.333333333333334,17,-2875.55569790798,363953
23500,0.0,5,-2875.55569790798,363958
23501,0.0,11,-2875.55569790798,363969
23502,-2.0,3,-2877.55569790798,363972
23503,2.2619047619047623,23,-2875.2937931460756,363995
23504,-3.9545454545454546,12,-2879.248338600621,364007
23505,6.75,7,-2872.498338600621,364014
23506,1.0,4,-2871.498338600621,364018
23507,0.0,10,-2871.498338600621,364028
23508,2.0,2,-2869.498338600621,364030
23509,-3.0,5,-2872.498338600621,364035
23510,-2.0,7,-2874.498338600621,364042
23511,2.25,22,-2872.248338600621,364064
23512,-3.166666666666667,22,-2875.4150052672876,364086
23513,-3.0,5,-2878.4150052672876,364091
23514,-7.857142857142858,31,-2886.2721481244303,364122
23515,2.3333333333333335,20,-2883.938814791097,364142
23516,-0.6666666666666667,12,-2884.6054814577633,364154
23517,-7.0,31,-2891.6054814577633,364185
23518,-0.75,5,-2892.3554814577633,364190
23519,1.0,2,-2891.3554814577633,364192
23520,1.25,8,-2890.1054814577633,364200
23521,-2.0,11,-2892.1054814577633,364211
23522,0.08333333333333331,8,-2892.02214812443,364219
23523,7.25,26,-2884.77214812443,364245
23524,-2.0,12,-2886.77214812443,364257
23525,0.0,3,-2886.77214812443,364260
23526,-7.454545454545455,18,-2894.2266935789753,364278
23527,-4.0,9,-2898.2266935789753,364287
23528,-8.25,15,-2906.4766935789753,364302
23529,-7.130434782608695,20,-2913.607128361584,364322
23530,-6.0,16,-2919.607128361584,364338
23531,0.5,14,-2919.107128361584,364352
23532,-5.9411764705882355,24,-2925.048304832172,364376
23533,6.333333333333333,24,-2918.7149714988386,364400
23534,-4.0,4,-2922.7149714988386,364404
23535,2.0,4,-2920.7149714988386,364408
23536,6.333333333333333,29,-2914.381638165505,364437
23537,-4.0,5,-2918.381638165505,364442
23538,-14.0,25,-2932.381638165505,364467
23539,1.0,7,-2931.381638165505,364474
23540,-1.0,3,-2932.381638165505,364477
23541,2.0,4,-2930.381638165505,364481
23542,0.0,6,-2930.381638165505,364487
23543,7.6,18,-2922.7816381655052,364505
23544,5.857142857142858,18,-2916.9244953083626,364523
23545,2.0,8,-2914.9244953083626,364531
23546,3.0,7,-2911.9244953083626,364538
23547,4.6,16,-2907.3244953083627,364554
23548,7.416666666666666,9,-2899.907828641696,364563
23549,0.0,1,-2899.907828641696,364564
23550,-5.0,5,-2904.907828641696,364569
23551,0.3333333333333333,5,-2904.5744953083627,364574
23552,-3.0,12,-2907.5744953083627,364586
23553,1.75,13,-2905.8244953083627,364599
23554,7.1,21,-2898.7244953083627,364620
23555,4.75,8,-2893.9744953083627,364628
23556,-3.4,9,-2897.374495308363,364637
23557,1.3333333333333335,19,-2896.0411619750294,364656
23558,1.0,5,-2895.0411619750294,364661
23559,-4.4,28,-2899.4411619750294,364689
23560,7.25,26,-2892.1911619750294,364715
23561,5.2,24,-2886.9911619750296,364739
23562,4.428571428571429,26,-2882.562590546458,364765
23563,-0.6666666666666667,16,-2883.2292572131246,364781
23564,7.5,23,-2875.7292572131246,364804
23565,4.5,33,-2871.2292572131246,364837
23566,-11.333333333333332,28,-2882.562590546458,364865
23567,4.5,26,-2878.062590546458,364891
23568,-2.75,2,-2880.812590546458,364893
23569,2.083333333333333,20,-2878.7292572131246,364913
23570,8.5,27,-2870.2292572131246,364940
23571,3.8571428571428568,13,-2866.372114355982,364953
23572,2.4166666666666665,14,-2863.9554476893154,364967
23573,11.392857142857142,19,-2852.562590546458,364986
23574,1.0,13,-2851.562590546458,364999
23575,-12.8,24,-2864.3625905464583,365023
23576,-5.0,34,-2869.3625905464583,365057
23577,-4.0,14,-2873.3625905464583,365071
23578,-5.333333333333334,27,-2878.6959238797917,365098
23579,2.0,21,-2876.6959238797917,365119
23580,1.3333333333333335,15,-2875.3625905464583,365134
23581,3.0,24,-2872.3625905464583,365158
23582,5.142857142857142,37,-2867.219733403601,365195
23583,0.0,6,-2867.219733403601,365201
23584,5.166666666666666,24,-2862.0530667369344,365225
23585,2.3333333333333335,21,-2859.719733403601,365246
23586,2.0,12,-2857.719733403601,365258
23587,-0.11222910216718152,182,-2857.831962505768,365440
23588,3.5,25,-2854.331962505768,365465
23589,2.5,32,-2851.831962505768,365497
23590,9.375824175824176,36,-2842.4561383299438,365533
23591,9.0,32,-2833.4561383299438,365565
23592,-2.25,27,-2835.7061383299438,365592
23593,0.0,9,-2835.7061383299438,365601
23594,0.0,15,-2835.7061383299438,365616
23595,14.666666666666666,21,-2821.0394716632773,365637
23596,6.142857142857142,34,-2814.89661452042,365671
23597,-0.8571428571428572,30,-2815.7537573775626,365701
23598,-6.800000000000001,15,-2822.5537573775628,365716
23599,0.5,13,-2822.0537573775628,365729
23600,0.0,15,-2822.0537573775628,365744
23601,2.0,6,-2820.0537573775628,365750
23602,9.0,15,-2811.0537573775628,365765
23603,-1.5,34,-2812.5537573775628,365799
23604,3.0,21,-2809.5537573775628,365820
23605,6.555555555555555,21,-2802.998201822007,365841
23606,0.0,5,-2802.998201822007,365846
23607,-12.0,35,-2814.998201822007,365881
23608,-1.0,20,-2815.998201822007,365901
23609,-7.5,20,-2823.498201822007,365921
23610,0.0,3,-2823.498201822007,365924
23611,-2.0,37,-2825.498201822007,365961
23612,-3.0,29,-2828.498201822007,365990
23613,-2.0,16,-2830.498201822007,366006
23614,3.2,10,-2827.2982018220073,366016
23615,-1.0,6,-2828.2982018220073,366022
23616,3.0,6,-2825.2982018220073,366028
23617,9.0,22,-2816.2982018220073,366050
23618,-0.75,23,-2817.0482018220073,366073
23619,2.0,27,-2815.0482018220073,366100
23620,3.0,30,-2812.0482018220073,366130
23621,1.1666666666666665,26,-2810.8815351553408,366156
23622,-5.0,42,-2815.8815351553408,366198
23623,14.166666666666666,23,-2801.7148684886743,366221
23624,4.25,17,-2797.4648684886743,366238
23625,3.0,15,-2794.4648684886743,366253
23626,0.0,8,-2794.4648684886743,366261
23627,14.642857142857142,33,-2779.822011345817,366294
23628,1.0,6,-2778.822011345817,366300
23629,11.291666666666666,50,-2767.5303446791504,366350
23630,19.0,37,-2748.5303446791504,366387
23631,-3.5,18,-2752.0303446791504,366405
23632,-0.1166666666666667,34,-2752.147011345817,366439
23633,-4.166666666666667,22,-2756.3136780124837,366461
23634,-6.333333333333333,13,-2762.647011345817,366474
23635,-6.583333333333333,14,-2769.2303446791507,366488
23636,-14.636363636363637,33,-2783.866708315514,366521
23637,5.416666666666667,27,-2778.4500416488477,366548
23638,-2.0,4,-2780.4500416488477,366552
23639,-2.166666666666666,47,-2782.616708315514,366599
23640,4.0,11,-2778.616708315514,366610
23641,-7.916666666666666,19,-2786.5333749821807,366629
23642,-4.133333333333333,53,-2790.666708315514,366682
23643,-7.8,33,-2798.466708315514,366715
23644,1.5333333333333332,16,-2796.933374982181,366731
23645,0.0,5,-2796.933374982181,366736
23646,18.25,29,-2778.683374982181,366765
23647,-1.1666666666666667,22,-2779.8500416488473,366787
23648,-1.5,27,-2781.3500416488473,366814
23649,1.0,6,-2780.3500416488473,366820
23650,3.25,27,-2777.1000416488473,366847
23651,2.0,10,-2775.1000416488473,366857
23652,-0.6000000000000001,9,-2775.700041648847,366866
23653,0.0,16,-2775.700041648847,366882
23654,1.4820512820512821,30,-2774.217990366796,366912
23655,0.2666666666666666,35,-2773.9513237001293,366947
23656,0.0,7,-2773.9513237001293,366954
23657,2.0,8,-2771.9513237001293,366962
23658,-1.0,20,-2772.9513237001293,366982
23659,-6.366666666666666,47,-2779.317990366796,367029
23660,3.55,60,-2775.767990366796,367089
23661,-1.0,7,-2776.767990366796,367096
23662,2.2666666666666666,24,-2774.501323700129,367120
23663,0.6666666666666667,26,-2773.8346570334625,367146
23664,4.0,11,-2769.8346570334625,367157
23665,-7.0,7,-2776.8346570334625,367164
23666,2.0,24,-2774.8346570334625,367188
23667,0.0,11,-2774.8346570334625,367199
23668,4.0,10,-2770.8346570334625,367209
23669,-9.333333333333332,18,-2780.167990366796,367227
23670,0.0,4,-2780.167990366796,367231
23671,0.5,17,-2779.667990366796,367248
23672,-3.9411764705882355,22,-2783.6091668373842,367270
23673,8.058823529411764,40,-2775.5503433079725,367310
23674,-1.5999999999999999,40,-2777.1503433079724,367350
23675,2.0,5,-2775.1503433079724,367355
23676,4.533333333333333,11,-2770.617009974639,367366
23677,0.0,10,-2770.617009974639,367376
23678,2.5,3,-2768.117009974639,367379
23679,1.0,7,-2767.117009974639,367386
23680,-2.25,12,-2769.367009974639,367398
23681,-1.3333333333333333,9,-2770.7003433079726,367407
23682,-8.0,14,-2778.7003433079726,367421
23683,9.933333333333332,26,-2768.767009974639,367447
23684,2.666666666666667,24,-2766.1003433079727,367471
23685,-0.25,18,-2766.3503433079727,367489
23686,6.285714285714285,36,-2760.0646290222585,367525
23687,1.0,19,-2759.0646290222585,367544
23688,2.0,16,-2757.0646290222585,367560
23689,-5.833333333333333,42,-2762.897962355592,367602
23690,1.333333333333333,34,-2761.5646290222585,367636
23691,-1.0,28,-2762.5646290222585,367664
23692,2.5,39,-2760.0646290222585,367703
23693,4.666666666666667,35,-2755.397962355592,367738
23694,0.0,12,-2755.397962355592,367750
23695,3.0,23,-2752.397962355592,367773
23696,3.5,23,-2748.897962355592,367796
23697,3.0,6,-2745.897962355592,367802
23698,6.533333333333333,24,-2739.3646290222587,367826
23699,1.0,13,-2738.3646290222587,367839
23700,7.166666666666666,37,-2731.197962355592,367876
23701,-1.0,15,-2732.197962355592,367891
23702,-1.1071428571428572,17,-2733.305105212735,367908
23703,-1.0,11,-2734.305105212735,367919
23704,4.785714285714286,11,-2729.5193909270206,367930
23705,3.0,6,-2726.5193909270206,367936
23706,1.0,7,-2725.5193909270206,367943
23707,-5.0,15,-2730.5193909270206,367958
23708,6.6,16,-2723.9193909270207,367974
23709,6.6,18,-2717.319390927021,367992
23710,-4.5,24,-2721.819390927021,368016
23711,-5.571428571428571,27,-2727.390819498449,368043
23712,-4.833333333333333,24,-2732.2241528317827,368067
23713,0.0,4,-2732.2241528317827,368071
23714,0.0,25,-2732.2241528317827,368096
23715,-6.0,13,-2738.2241528317827,368109
23716,0.5,9,-2737.7241528317827,368118
23717,1.1428571428571428,6,-2736.5812956889254,368124
23718,-1.5714285714285712,14,-2738.152724260354,368138
23719,1.0,7,-2737.152724260354,368145
23720,1.0,6,-2736.152724260354,368151
23721,1.0,4,-2735.152724260354,368155
23722,0.1428571428571428,15,-2735.0098671174965,368170
23723,1.0,9,-2734.0098671174965,368179
23724,0.20000000000000018,8,-2733.8098671174967,368187
23725,-1.3333333333333335,14,-2735.14320045083,368201
23726,-3.0,5,-2738.14320045083,368206
23727,6.0,11,-2732.14320045083,368217
23728,-1.0,1,-2733.14320045083,368218
23729,2.0,2,-2731.14320045083,368220
23730,1.0,6,-2730.14320045083,368226
23731,-3.3333333333333335,11,-2733.4765337841636,368237
23732,0.5,18,-2732.9765337841636,368255
23733,-3.0,24,-2735.9765337841636,368279
23734,-2.0,7,-2737.9765337841636,368286
23735,0.0,5,-2737.9765337841636,368291
23736,0.4285714285714286,9,-2737.547962355592,368300
23737,1.6785714285714288,29,-2735.8693909270205,368329
23738,-0.25,6,-2736.1193909270205,368335
23739,4.0,6,-2732.1193909270205,368341
23740,-5.0,13,-2737.1193909270205,368354
23741,1.0,12,-2736.1193909270205,368366
23742,5.5,13,-2730.6193909270205,368379
23743,1.0,11,-2729.6193909270205,368390
23744,1.0,6,-2728.6193909270205,368396
23745,-3.0,3,-2731.6193909270205,368399
23746,2.0,4,-2729.6193909270205,368403
23747,2.0,18,-2727.6193909270205,368421
23748,-3.0,1,-2730.6193909270205,368422
23749,0.0,1,-2730.6193909270205,368423
23750,-2.0,2,-2732.6193909270205,368425
23751,5.2,20,-2727.4193909270207,368445
23752,-1.0,4,-2728.4193909270207,368449
23753,7.833333333333334,9,-2720.586057593687,368458
23754,-3.0,6,-2723.586057593687,368464
23755,-6.333333333333334,9,-2729.9193909270207,368473
23756,-8.25,22,-2738.1693909270207,368495
23757,-1.25,30,-2739.4193909270207,368525
23758,5.2,14,-2734.219390927021,368539
23759,0.0,3,-2734.219390927021,368542
23760,4.0,17,-2730.219390927021,368559
23761,-7.0,27,-2737.219390927021,368586
23762,3.2,13,-2734.019390927021,368599
23763,-2.0,8,-2736.019390927021,368607
23764,0.0,3,-2736.019390927021,368610
23765,-8.0,13,-2744.019390927021,368623
23766,1.5,7,-2742.519390927021,368630
23767,1.3333333333333333,8,-2741.1860575936876,368638
23768,2.0,5,-2739.1860575936876,368643
23769,-3.0,12,-2742.1860575936876,368655
23770,3.0,20,-2739.1860575936876,368675
23771,3.0,14,-2736.1860575936876,368689
23772,-0.6666666666666665,15,-2736.852724260354,368704
23773,-1.0,12,-2737.852724260354,368716
23774,0.0,7,-2737.852724260354,368723
23775,-2.111111111111111,5,-2739.9638353714654,368728
23776,-4.666666666666666,16,-2744.630502038132,368744
23777,6.266666666666667,11,-2738.363835371465,368755
23778,3.2,2,-2735.163835371465,368757
23779,1.0666666666666673,19,-2734.0971687047986,368776
23780,-1.8571428571428572,22,-2735.9543115619413,368798
23781,-6.333333333333334,18,-2742.2876448952748,368816
23782,-4.333333333333333,10,-2746.6209782286082,368826
23783,-2.833333333333333,32,-2749.4543115619417,368858
23784,-4.0,19,-2753.4543115619417,368877
23785,0.0,1,-2753.4543115619417,368878
23786,0.0,2,-2753.4543115619417,368880
23787,2.0,2,-2751.4543115619417,368882
23788,-4.5,7,-2755.9543115619417,368889
23789,2.2,11,-2753.754311561942,368900
23790,3.0,4,-2750.754311561942,368904
23791,-3.857142857142857,13,-2754.6114544190846,368917
23792,-2.8,7,-2757.4114544190847,368924
23793,2.0,4,-2755.4114544190847,368928
23794,-1.0,8,-2756.4114544190847,368936
23795,-2.380952380952381,25,-2758.792406800037,368961
23796,4.642857142857143,19,-2754.1495496571797,368980
23797,-2.0,21,-2756.1495496571797,369001
23798,-8.5,15,-2764.6495496571797,369016
23799,-2.0,8,-2766.6495496571797,369024
23800,3.5,13,-2763.1495496571797,369037
23801,3.0,3,-2760.1495496571797,369040
23802,3.0,19,-2757.1495496571797,369059
23803,-7.5,18,-2764.6495496571797,369077
23804,2.0,11,-2762.6495496571797,369088
23805,-2.0,19,-2764.6495496571797,369107
23806,0.0,2,-2764.6495496571797,369109
23807,3.0,6,-2761.6495496571797,369115
23808,0.0,2,-2761.6495496571797,369117
23809,2.0,1,-2759.6495496571797,369118
23810,0.0,5,-2759.6495496571797,369123
23811,-2.0,9,-2761.6495496571797,369132
23812,-1.0,8,-2762.6495496571797,369140
23813,-3.0,3,-2765.6495496571797,369143
23814,-0.5,39,-2766.1495496571797,369182
23815,2.0,16,-2764.1495496571797,369198
23816,-3.0238095238095237,31,-2767.1733591809893,369229
23817,12.1,29,-2755.0733591809894,369258
23818,2.0,23,-2753.0733591809894,369281
23819,-2.5,9,-2755.5733591809894,369290
23820,0.0,6,-2755.5733591809894,369296
23821,1.0,4,-2754.5733591809894,369300
23822,3.0,4,-2751.5733591809894,369304
23823,-4.0,7,-2755.5733591809894,369311
23824,4.0,5,-2751.5733591809894,369316
23825,0.0,12,-2751.5733591809894,369328
23826,-6.5,27,-2758.0733591809894,369355
23827,-5.25,24,-2763.3233591809894,369379
23828,2.0,13,-2761.3233591809894,369392
23829,-2.0,6,-2763.3233591809894,369398
23830,0.0,6,-2763.3233591809894,369404
23831,-0.5,14,-2763.8233591809894,369418
23832,-2.333333333333333,20,-2766.156692514323,369438
23833,-2.0,10,-2768.156692514323,369448
23834,1.0,10,-2767.156692514323,369458
23835,3.0,15,-2764.156692514323,369473
23836,4.0,8,-2760.156692514323,369481
23837,5.0,9,-2755.156692514323,369490
23838,4.0,12,-2751.156692514323,369502
23839,-6.25,15,-2757.406692514323,369517
23840,-2.0,23,-2759.406692514323,369540
23841,-4.5,20,-2763.906692514323,369560
23842,-5.166666666666667,41,-2769.0733591809894,369601
23843,-4.333333333333334,12,-2773.406692514323,369613
23844,-3.0,3,-2776.406692514323,369616
23845,-3.0,5,-2779.406692514323,369621
23846,2.75,16,-2776.656692514323,369637
23847,-3.0,4,-2779.656692514323,369641
23848,-10.233333333333334,44,-2789.890025847656,369685
23849,-9.237179487179489,31,-2799.1272053348357,369716
23850,0.0,13,-2799.1272053348357,369729
23851,-3.0,39,-2802.1272053348357,369768
23852,1.5,16,-2800.6272053348357,369784
23853,-2.5,12,-2803.1272053348357,369796
23854,-5.071428571428571,7,-2808.198633906264,369803
23855,0.7666666666666666,21,-2807.4319672395973,369824
23856,-3.666666666666666,15,-2811.098633906264,369839
23857,-1.2857142857142856,20,-2812.384348191978,369859
23858,-0.4,13,-2812.784348191978,369872
23859,0.0,10,-2812.784348191978,369882
23860,-2.0,9,-2814.784348191978,369891
23861,1.0,3,-2813.784348191978,369894
23862,-5.571428571428571,7,-2819.3557767634065,369901
23863,0.0,8,-2819.3557767634065,369909
23864,-3.0,1,-2822.3557767634065,369910
23865,-1.0,2,-2823.3557767634065,369912
23866,0.0,5,-2823.3557767634065,369917
23867,1.0,11,-2822.3557767634065,369928
23868,0.0,5,-2822.3557767634065,369933
23869,-1.3333333333333333,5,-2823.68911009674,369938
23870,-8.0,14,-2831.68911009674,369952
23871,-0.7999999999999998,18,-2832.48911009674,369970
23872,-3.0,17,-2835.48911009674,369987
23873,-3.0,15,-2838.48911009674,370002
23874,-2.0,13,-2840.48911009674,370015
23875,-2.0,13,-2842.48911009674,370028
23876,3.3333333333333335,9,-2839.1557767634067,370037
23877,0.0,3,-2839.1557767634067,370040
23878,0.0,11,-2839.1557767634067,370051
23879,-0.8,9,-2839.955776763407,370060
23880,-4.571428571428571,5,-2844.5272053348353,370065
23881,2.0,3,-2842.5272053348353,370068
23882,13.0,39,-2829.5272053348353,370107
23883,1.9333333333333331,11,-2827.593872001502,370118
23884,-1.6538461538461537,13,-2829.247718155348,370131
23885,1.333333333333333,23,-2827.9143848220147,370154
23886,-0.75,27,-2828.6643848220147,370181
23887,-6.8,16,-2835.464384822015,370197
23888,-2.666666666666667,24,-2838.1310514886814,370221
23889,0.75,10,-2837.3810514886814,370231
23890,-0.5,22,-2837.8810514886814,370253
23891,-2.4545454545454546,22,-2840.335596943227,370275
23892,4.428571428571429,28,-2835.9070255146553,370303
23893,2.0,24,-2833.9070255146553,370327
23894,10.666666666666666,23,-2823.240358847989,370350
23895,0.0,9,-2823.240358847989,370359
23896,5.0,9,-2818.240358847989,370368
23897,-2.0,5,-2820.240358847989,370373
23898,4.0285714285714285,40,-2816.2117874194173,370413
23899,0.0,8,-2816.2117874194173,370421
23900,0.33333333333333304,14,-2815.878454086084,370435
23901,0.0,6,-2815.878454086084,370441
23902,1.25,15,-2814.628454086084,370456
23903,2.0,11,-2812.628454086084,370467
23904,-1.5,19,-2814.128454086084,370486
23905,-2.9545454545454546,17,-2817.0829995406293,370503
23906,-2.5,25,-2819.5829995406293,370528
23907,2.5,6,-2817.0829995406293,370534
23908,0.20000000000000018,4,-2816.8829995406295,370538
23909,0.0,5,-2816.8829995406295,370543
23910,-2.0,15,-2818.8829995406295,370558
23911,1.0,3,-2817.8829995406295,370561
23912,5.75,26,-2812.1329995406295,370587
23913,0.0,2,-2812.1329995406295,370589
23914,-3.3333333333333335,9,-2815.466332873963,370598
23915,0.0,3,-2815.466332873963,370601
23916,4.0,14,-2811.466332873963,370615
23917,1.0,7,-2810.466332873963,370622
23918,5.142857142857142,18,-2805.3234757311056,370640
23919,0.5,12,-2804.8234757311056,370652
23920,0.0,7,-2804.8234757311056,370659
23921,-0.7999999999999998,8,-2805.623475731106,370667
23922,3.5,21,-2802.123475731106,370688
23923,0.0,4,-2802.123475731106,370692
23924,1.5,14,-2800.623475731106,370706
23925,0.0,4,-2800.623475731106,370710
23926,1.6,15,-2799.023475731106,370725
23927,0.0,9,-2799.023475731106,370734
23928,-3.7071428571428573,14,-2802.730618588249,370748
23929,-1.0,8,-2803.730618588249,370756
23930,-3.0,15,-2806.730618588249,370771
23931,3.0,12,-2803.730618588249,370783
23932,-0.25,10,-2803.980618588249,370793
23933,1.0,6,-2802.980618588249,370799
23934,8.761904761904763,21,-2794.2187138263444,370820
23935,10.083333333333332,30,-2784.135380493011,370850
23936,-3.0,6,-2787.135380493011,370856
23937,3.428571428571429,27,-2783.7068090644393,370883
23938,4.666666666666666,26,-2779.040142397773,370909
23939,1.0,5,-2778.040142397773,370914
23940,1.0,8,-2777.040142397773,370922
23941,5.333333333333334,20,-2771.7068090644393,370942
23942,-4.0,22,-2775.7068090644393,370964
23943,0.0,8,-2775.7068090644393,370972
23944,0.38095238095238093,18,-2775.325856683487,370990
23945,0.0,17,-2775.325856683487,371007
23946,-4.0,18,-2779.325856683487,371025
23947,0.0,4,-2779.325856683487,371029
23948,0.0,2,-2779.325856683487,371031
23949,-1.0,8,-2780.325856683487,371039
23950,1.5,8,-2778.825856683487,371047
23951,-4.0,22,-2782.825856683487,371069
23952,2.3333333333333335,12,-2780.4925233501535,371081
23953,0.0,5,-2780.4925233501535,371086
23954,-2.0,20,-2782.4925233501535,371106
23955,3.0,9,-2779.4925233501535,371115
23956,2.2,13,-2777.2925233501537,371128
23957,3.0,7,-2774.2925233501537,371135
23958,3.2,16,-2771.092523350154,371151
23959,0.0,4,-2771.092523350154,371155
23960,-0.7857142857142856,17,-2771.878237635868,371172
23961,-4.0,11,-2775.878237635868,371183
23962,1.0,9,-2774.878237635868,371192
23963,-1.0,4,-2775.878237635868,371196
23964,1.0,5,-2774.878237635868,371201
23965,1.1,10,-2773.778237635868,371211
23966,2.0,3,-2771.778237635868,371214
23967,2.3333333333333335,4,-2769.4449043025347,371218
23968,-3.0,5,-2772.4449043025347,371223
23969,1.0,3,-2771.4449043025347,371226
23970,-7.0,30,-2778.4449043025347,371256
23971,-4.466666666666667,16,-2782.9115709692014,371272
23972,0.0,3,-2782.9115709692014,371275
23973,0.0,9,-2782.9115709692014,371284
23974,-1.0,6,-2783.9115709692014,371290
23975,-5.0,10,-2788.9115709692014,371300
23976,-5.0,8,-2793.9115709692014,371308
23977,-1.0,1,-2794.9115709692014,371309
23978,3.0,5,-2791.9115709692014,371314
23979,3.142857142857143,5,-2788.768713826344,371319
23980,2.0,4,-2786.768713826344,371323
23981,2.0,4,-2784.768713826344,371327
23982,4.0,3,-2780.768713826344,371330
23983,2.0,4,-2778.768713826344,371334
23984,-3.0,9,-2781.768713826344,371343
23985,-0.6666666666666665,18,-2782.4353804930106,371361
23986,2.142857142857143,34,-2780.2925233501533,371395
23987,3.0,18,-2777.2925233501533,371413
23988,-2.857142857142857,18,-2780.149666207296,371431
23989,-2.8333333333333335,8,-2782.9829995406294,371439
23990,1.2,19,-2781.7829995406296,371458
23991,4.5,55,-2777.2829995406296,371513
23992,-4.666666666666668,34,-2781.949666207296,371547
23993,-7.0,23,-2788.949666207296,371570
23994,-4.545454545454545,18,-2793.4951207527506,371588
23995,3.0,14,-2790.4951207527506,371602
23996,-5.333333333333333,36,-2795.828454086084,371638
23997,0.0,13,-2795.828454086084,371651
23998,-2.0,12,-2797.828454086084,371663
23999,-4.0,18,-2801.828454086084,371681
24000,2.5333333333333337,5,-2799.295120752751,371686
24001,-2.0,16,-2801.295120752751,371702
24002,2.2,5,-2799.095120752751,371707
24003,4.2,13,-2794.895120752751,371720
24004,-5.0,17,-2799.895120752751,371737
24005,3.0,7,-2796.895120752751,371744
24006,-3.5,12,-2800.395120752751,371756
24007,-2.666666666666667,20,-2803.0617874194177,371776
24008,-0.16666666666666652,33,-2803.228454086084,371809
24009,7.2,25,-2796.0284540860844,371834
24010,-2.0,10,-2798.0284540860844,371844
24011,-1.4,16,-2799.4284540860845,371860
24012,-1.0,1,-2800.4284540860845,371861
24013,2.2,4,-2798.2284540860846,371865
24014,0.0,16,-2798.2284540860846,371881
24015,0.0,5,-2798.2284540860846,371886
24016,-1.0,6,-2799.2284540860846,371892
24017,0.0,3,-2799.2284540860846,371895
24018,1.0,4,-2798.2284540860846,371899
24019,0.0,2,-2798.2284540860846,371901
24020,0.0,7,-2798.2284540860846,371908
24021,2.6666666666666665,6,-2795.561787419418,371914
24022,-1.3333333333333335,14,-2796.8951207527516,371928
24023,2.0,4,-2794.8951207527516,371932
24024,4.0,23,-2790.8951207527516,371955
24025,-1.8,10,-2792.695120752752,371965
24026,-3.0,31,-2795.695120752752,371996
24027,-3.571428571428571,15,-2799.2665493241802,372011
24028,-4.0,16,-2803.2665493241802,372027
24029,-3.904761904761904,22,-2807.171311228942,372049
24030,1.4621212121212122,18,-2805.709190016821,372067
24031,-1.0,19,-2806.709190016821,372086
24032,-2.7999999999999994,25,-2809.5091900168213,372111
24033,-0.1111111111111111,9,-2809.6203011279326,372120
24034,0.0,2,-2809.6203011279326,372122
24035,-2.0,3,-2811.6203011279326,372125
24036,0.0,9,-2811.6203011279326,372134
24037,2.857142857142857,14,-2808.76315827079,372148
24038,-1.0,4,-2809.76315827079,372152
24039,-5.65,22,-2815.41315827079,372174
24040,-1.25,7,-2816.66315827079,372181
24041,-1.6710526315789473,16,-2818.334210902369,372197
24042,-4.0,25,-2822.334210902369,372222
24043,5.5,8,-2816.834210902369,372230
24044,8.0,22,-2808.834210902369,372252
24045,5.5,20,-2803.334210902369,372272
24046,-2.0,6,-2805.334210902369,372278
24047,1.25,32,-2804.084210902369,372310
24048,0.20000000000000018,11,-2803.884210902369,372321
24049,1.0,9,-2802.884210902369,372330
24050,3.3333333333333335,29,-2799.5508775690355,372359
24051,0.09523809523809534,30,-2799.4556394737974,372389
24052,2.0,10,-2797.4556394737974,372399
24053,3.142857142857143,11,-2794.31278233094,372410
24054,3.142857142857143,15,-2791.1699251880827,372425
24055,-1.0,16,-2792.1699251880827,372441
24056,-1.0,15,-2793.1699251880827,372456
24057,-0.5,9,-2793.6699251880827,372465
24058,-0.33333333333333326,14,-2794.0032585214162,372479
24059,0.0,21,-2794.0032585214162,372500
24060,5.5,10,-2788.5032585214162,372510
24061,6.0,30,-2782.5032585214162,372540
24062,-1.0,14,-2783.5032585214162,372554
24063,2.0,6,-2781.5032585214162,372560
24064,0.0,7,-2781.5032585214162,372567
24065,6.0,37,-2775.5032585214162,372604
24066,0.6666666666666667,24,-2774.8365918547497,372628
24067,4.6,14,-2770.23659185475,372642
24068,-1.0,17,-2771.23659185475,372659
24069,2.0,4,-2769.23659185475,372663
24070,-2.0,19,-2771.23659185475,372682
24071,3.0,6,-2768.23659185475,372688
24072,0.0,1,-2768.23659185475,372689
24073,-2.8095238095238093,6,-2771.0461156642737,372695
24074,-2.0,4,-2773.0461156642737,372699
24075,-4.511111111111111,31,-2777.5572267753846,372730
24076,-1.5,8,-2779.0572267753846,372738
24077,-4.0,5,-2783.0572267753846,372743
24078,1.0,3,-2782.0572267753846,372746
24079,3.0,6,-2779.0572267753846,372752
24080,3.5,7,-2775.5572267753846,372759
24081,-2.75,9,-2778.3072267753846,372768
24082,-7.107142857142858,27,-2785.4143696325273,372795
24083,5.0,3,-2780.4143696325273,372798
24084,-1.4,7,-2781.8143696325274,372805
24085,-5.25,15,-2787.0643696325274,372820
24086,0.0,1,-2787.0643696325274,372821
24087,-1.0,1,-2788.0643696325274,372822
24088,-8.25,25,-2796.3143696325274,372847
24089,-2.5,40,-2798.8143696325274,372887
24090,0.75,12,-2798.0643696325274,372899
24091,-0.25,7,-2798.3143696325274,372906
24092,0.0,3,-2798.3143696325274,372909
24093,-2.25,5,-2800.5643696325274,372914
24094,8.7,32,-2791.8643696325275,372946
24095,2.75,20,-2789.1143696325275,372966
24096,3.0,12,-2786.1143696325275,372978
24097,-10.333333333333334,27,-2796.447702965861,373005
24098,2.0,18,-2794.447702965861,373023
24099,1.0,9,-2793.447702965861,373032
24100,0.5833333333333333,18,-2792.8643696325275,373050
24101,8.5,30,-2784.3643696325275,373080
24102,4.5,21,-2779.8643696325275,373101
24103,5.595238095238095,43,-2774.2691315372895,373144
24104,0.0,3,-2774.2691315372895,373147
24105,0.7999999999999998,7,-2773.4691315372893,373154
24106,0.0,4,-2773.4691315372893,373158
24107,-0.5,20,-2773.9691315372893,373178
24108,-1.0,5,-2774.9691315372893,373183
24109,5.0,23,-2769.9691315372893,373206
24110,-0.5,12,-2770.4691315372893,373218
24111,-5.25,13,-2775.7191315372893,373231
24112,4.0,3,-2771.7191315372893,373234
24113,-1.0,7,-2772.7191315372893,373241
24114,-1.0,11,-2773.7191315372893,373252
24115,-1.0,10,-2774.7191315372893,373262
24116,0.20000000000000018,21,-2774.5191315372895,373283
24117,2.2,5,-2772.3191315372896,373288
24118,-2.2,26,-2774.5191315372895,373314
24119,1.125,8,-2773.3941315372895,373322
24120,5.525,13,-2767.8691315372894,373335
24121,4.0,25,-2763.8691315372894,373360
24122,6.2,11,-2757.6691315372896,373371
24123,-1.0,10,-2758.6691315372896,373381
24124,0.0,13,-2758.6691315372896,373394
24125,5.142857142857142,41,-2753.526274394432,373435
24126,-1.0,4,-2754.526274394432,373439
24127,-1.0,17,-2755.526274394432,373456
24128,2.5,12,-2753.026274394432,373468
24129,-2.0,7,-2755.026274394432,373475
24130,-2.0,14,-2757.026274394432,373489
24131,2.2,3,-2754.8262743944324,373492
24132,0.0,8,-2754.8262743944324,373500
24133,6.666666666666667,32,-2748.159607727766,373532
24134,4.6,11,-2743.559607727766,373543
24135,-2.0,10,-2745.559607727766,373553
24136,0.8888888888888888,14,-2744.6707188388773,373567
24137,7.545454545454545,27,-2737.125264293423,373594
24138,-4.0,24,-2741.125264293423,373618
24139,-2.0,13,-2743.125264293423,373631
24140,-1.0,11,-2744.125264293423,373642
24141,3.8095238095238093,22,-2740.315740483899,373664
24142,3.0,25,-2737.315740483899,373689
24143,1.0,5,-2736.315740483899,373694
24144,1.0,9,-2735.315740483899,373703
24145,1.0,5,-2734.315740483899,373708
24146,-3.6999999999999997,11,-2738.0157404838988,373719
24147,-0.5,5,-2738.5157404838988,373724
24148,0.0,2,-2738.5157404838988,373726
24149,-3.5,14,-2742.0157404838988,373740
24150,-1.5259740259740264,22,-2743.5417145098727,373762
24151,10.533333333333333,17,-2733.0083811765394,373779
24152,-4.0,22,-2737.0083811765394,373801
24153,-0.33333333333333326,6,-2737.341714509873,373807
24154,-4.0,16,-2741.341714509873,373823
24155,5.0,23,-2736.341714509873,373846
24156,1.0,12,-2735.341714509873,373858
24157,0.5,7,-2734.841714509873,373865
24158,2.0,7,-2732.841714509873,373872
24159,2.0,8,-2730.841714509873,373880
24160,-7.0,15,-2737.841714509873,373895
24161,2.75,23,-2735.091714509873,373918
24162,0.0,5,-2735.091714509873,373923
24163,1.25,14,-2733.841714509873,373937
24164,7.0,14,-2726.841714509873,373951
24165,0.0,12,-2726.841714509873,373963
24166,0.6666666666666663,14,-2726.1750478432064,373977
24167,0.0,3,-2726.1750478432064,373980
24168,4.083333333333334,20,-2722.091714509873,374000
24169,0.19999999999999996,30,-2721.891714509873,374030
24170,3.0,6,-2718.891714509873,374036
24171,-2.0,22,-2720.891714509873,374058
24172,1.0333333333333337,7,-2719.8583811765398,374065
24173,1.5,4,-2718.3583811765398,374069
24174,-4.5,7,-2722.8583811765398,374076
24175,1.0,8,-2721.8583811765398,374084
24176,3.0,16,-2718.8583811765398,374100
24177,3.5,10,-2715.3583811765398,374110
24178,0.0,3,-2715.3583811765398,374113
24179,3.0,11,-2712.3583811765398,374124
24180,0.0,8,-2712.3583811765398,374132
24181,1.0,7,-2711.3583811765398,374139
24182,-2.0,2,-2713.3583811765398,374141
24183,0.6428571428571428,10,-2712.7155240336824,374151
24184,0.05882352941176472,12,-2712.6567005042707,374163
24185,1.4285714285714286,15,-2711.228129075699,374178
24186,-4.0,4,-2715.228129075699,374182
24187,0.0,5,-2715.228129075699,374187
24188,2.2857142857142856,8,-2712.942414789985,374195
24189,2.6,7,-2710.342414789985,374202
24190,0.19999999999999996,38,-2710.142414789985,374240
24191,0.25,23,-2709.892414789985,374263
24192,-0.5,7,-2710.392414789985,374270
24193,-3.75,18,-2714.142414789985,374288
24194,-1.9333333333333336,21,-2716.0757481233186,374309
24195,-3.666666666666667,22,-2719.742414789985,374331
24196,-6.0,17,-2725.742414789985,374348
24197,-2.571428571428571,32,-2728.3138433614135,374380
24198,1.5,20,-2726.8138433614135,374400
24199,-3.0,54,-2729.8138433614135,374454
24200,-3.2,22,-2733.0138433614134,374476
24201,2.3333333333333335,2,-2730.68051002808,374478
24202,2.333333333333333,4,-2728.3471766947464,374482
24203,-3.0,3,-2731.3471766947464,374485
24204,0.0,3,-2731.3471766947464,374488
24205,0.0,2,-2731.3471766947464,374490
24206,0.0,4,-2731.3471766947464,374494
24207,2.2,3,-2729.1471766947466,374497
24208,-2.4,6,-2731.5471766947467,374503
24209,4.866666666666667,16,-2726.68051002808,374519
24210,-2.0,6,-2728.68051002808,374525
24211,0.0,8,-2728.68051002808,374533
24212,-3.833333333333334,23,-2732.5138433614134,374556
24213,-0.13333333333333286,10,-2732.6471766947466,374566
24214,0.3333333333333333,3,-2732.313843361413,374569
24215,2.0,6,-2730.313843361413,374575
24216,0.0,5,-2730.313843361413,374580
24217,-1.0,21,-2731.313843361413,374601
24218,1.3333333333333335,18,-2729.9805100280796,374619
24219,-1.0,11,-2730.9805100280796,374630
24220,1.0,5,-2729.9805100280796,374635
24221,2.5,15,-2727.4805100280796,374650
24222,-7.0,6,-2734.4805100280796,374656
24223,1.0,8,-2733.4805100280796,374664
24224,3.0,5,-2730.4805100280796,374669
24225,-2.0,5,-2732.4805100280796,374674
24226,-2.75,12,-2735.2305100280796,374686
24227,1.866666666666667,23,-2733.363843361413,374709
24228,-4.0,29,-2737.363843361413,374738
24229,2.0,12,-2735.363843361413,374750
24230,1.0,10,-2734.363843361413,374760
24231,2.0,8,-2732.363843361413,374768
24232,-0.8571428571428572,9,-2733.2209862185555,374777
24233,0.0,1,-2733.2209862185555,374778
24234,1.866666666666667,22,-2731.3543195518887,374800
24235,-1.0,2,-2732.3543195518887,374802
24236,0.75,8,-2731.6043195518887,374810
24237,0.0,4,-2731.6043195518887,374814
24238,-2.0,3,-2733.6043195518887,374817
24239,-2.833333333333333,17,-2736.437652885222,374834
24240,1.4285714285714286,23,-2735.0090814566506,374857
24241,1.0,9,-2734.0090814566506,374866
24242,2.0,2,-2732.0090814566506,374868
24243,-1.0,2,-2733.0090814566506,374870
24244,0.0,2,-2733.0090814566506,374872
24245,0.0,4,-2733.0090814566506,374876
24246,-1.0,7,-2734.0090814566506,374883
24247,-1.5,6,-2735.5090814566506,374889
24248,-2.0,6,-2737.5090814566506,374895
24249,4.25,23,-2733.2590814566506,374918
24250,0.8333333333333333,19,-2732.425748123317,374937
24251,0,0,-2732.425748123317,374937
24252,0,0,-2732.425748123317,374937
24253,0,0,-2732.425748123317,374937
24254,-2.0,4,-2734.425748123317,374941
24255,-1.6666666666666665,17,-2736.0924147899836,374958
24256,3.2,18,-2732.892414789984,374976
24257,2.5,14,-2730.392414789984,374990
24258,2.0,13,-2728.392414789984,375003
24259,0.0,11,-2728.392414789984,375014
24260,0.0,19,-2728.392414789984,375033
24261,-4.0,20,-2732.392414789984,375053
24262,4.0,11,-2728.392414789984,375064
24263,-4.0,7,-2732.392414789984,375071
24264,0.0,2,-2732.392414789984,375073
24265,2.333333333333333,13,-2730.0590814566503,375086
24266,0.0,4,-2730.0590814566503,375090
24267,-3.0,10,-2733.0590814566503,375100
24268,4.5,15,-2728.5590814566503,375115
24269,-1.0,5,-2729.5590814566503,375120
24270,2.2,12,-2727.3590814566505,375132
24271,0.0,9,-2727.3590814566505,375141
24272,-3.0,3,-2730.3590814566505,375144
24273,-0.5,10,-2730.8590814566505,375154
24274,2.3846153846153846,13,-2728.4744660720353,375167
24275,-2.0,7,-2730.4744660720353,375174
24276,-5.0,5,-2735.4744660720353,375179
24277,-2.0,5,-2737.4744660720353,375184
24278,0.0,8,-2737.4744660720353,375192
24279,0.7142857142857142,11,-2736.7601803577495,375203
24280,0.0,8,-2736.7601803577495,375211
24281,3.0,7,-2733.7601803577495,375218
24282,-4.0,11,-2737.7601803577495,375229
24283,3.5,9,-2734.2601803577495,375238
24284,0.0,4,-2734.2601803577495,375242
24285,2.0,5,-2732.2601803577495,375247
24286,1.0,3,-2731.2601803577495,375250
24287,-2.5,7,-2733.7601803577495,375257
24288,-0.5,9,-2734.2601803577495,375266
24289,1.0,11,-2733.2601803577495,375277
24290,0.0,17,-2733.2601803577495,375294
24291,-1.0,12,-2734.2601803577495,375306
24292,0.0,9,-2734.2601803577495,375315
24293,-2.8,12,-2737.0601803577497,375327
24294,-0.6666666666666666,7,-2737.726847024416,375334
24295,-2.25,6,-2739.976847024416,375340
24296,-2.0,2,-2741.976847024416,375342
24297,0.0,7,-2741.976847024416,375349
24298,0.5,19,-2741.476847024416,375368
24299,0.0,12,-2741.476847024416,375380
24300,4.0,10,-2737.476847024416,375390
24301,-4.333333333333333,16,-2741.8101803577497,375406
24302,-1.5,19,-2743.3101803577497,375425
24303,2.0,5,-2741.3101803577497,375430
24304,2.0,12,-2739.3101803577497,375442
24305,-1.0,12,-2740.3101803577497,375454
24306,-8.333333333333332,22,-2748.643513691083,375476
24307,1.0000000000000004,15,-2747.643513691083,375491
24308,3.0,9,-2744.643513691083,375500
24309,-1.0,2,-2745.643513691083,375502
24310,3.5,11,-2742.143513691083,375513
24311,-4.0,12,-2746.143513691083,375525
24312,-3.0,3,-2749.143513691083,375528
24313,0.0,4,-2749.143513691083,375532
24314,1.0,12,-2748.143513691083,375544
24315,-2.0,7,-2750.143513691083,375551
24316,0.4285714285714286,11,-2749.7149422625116,375562
24317,0.0,2,-2749.7149422625116,375564
24318,2.428571428571429,14,-2747.28637083394,375578
24319,-2.9411764705882355,12,-2750.2275473045283,375590
24320,-0.7714285714285716,23,-2750.998975875957,375613
24321,0.0,4,-2750.998975875957,375617
24322,-0.5,10,-2751.498975875957,375627
24323,7.928571428571429,18,-2743.5704044473855,375645
24324,6.261904761904762,28,-2737.308499685481,375673
24325,-2.571428571428571,35,-2739.8799282569094,375708
24326,3.0,14,-2736.8799282569094,375722
24327,2.0,6,-2734.8799282569094,375728
24328,-1.6666666666666665,31,-2736.546594923576,375759
24329,2.0,4,-2734.546594923576,375763
24330,1.0,10,-2733.546594923576,375773
24331,2.0,30,-2731.546594923576,375803
24332,11.023809523809524,27,-2720.5227853997662,375830
24333,-0.5,10,-2721.0227853997662,375840
24334,-1.5714285714285714,7,-2722.5942139711947,375847
24335,1.4285714285714286,16,-2721.165642542623,375863
24336,-0.6428571428571428,21,-2721.8084996854805,375884
24337,1.3888888888888888,32,-2720.4196107965918,375916
24338,8.5,12,-2711.9196107965918,375928
24339,6.5,19,-2705.4196107965918,375947
24340,0.0,7,-2705.4196107965918,375954
24341,6.2,7,-2699.219610796592,375961
24342,-0.33333333333333326,13,-2699.5529441299254,375974
24343,0.5333333333333333,11,-2699.019610796592,375985
24344,1.5,19,-2697.519610796592,376004
24345,-6.0,6,-2703.519610796592,376010
24346,6.0,20,-2697.519610796592,376030
24347,-0.1428571428571428,18,-2697.6624679394495,376048
24348,-4.904761904761904,12,-2702.5672298442114,376060
24349,11.928571428571429,22,-2690.63865841564,376082
24350,5.166666666666666,16,-2685.4719917489733,376098
24351,2.0,4,-2683.4719917489733,376102
24352,-2.0,18,-2685.4719917489733,376120
24353,1.342857142857143,44,-2684.129134606116,376164
24354,1.7999999999999998,12,-2682.329134606116,376176
24355,-1.333333333333333,22,-2683.6624679394495,376198
24356,3.0,3,-2680.6624679394495,376201
24357,-1.0,7,-2681.6624679394495,376208
24358,10.7,46,-2670.9624679394497,376254
24359,-2.0,6,-2672.9624679394497,376260
24360,-3.5,11,-2676.4624679394497,376271
24361,-3.0,31,-2679.4624679394497,376302
24362,-2.0,6,-2681.4624679394497,376308
24363,0.25,19,-2681.2124679394497,376327
24364,-0.5,11,-2681.7124679394497,376338
24365,3.0,17,-2678.7124679394497,376355
24366,-2.4,13,-2681.1124679394497,376368
24367,2.666666666666666,29,-2678.4458012727832,376397
24368,1.0,18,-2677.4458012727832,376415
24369,0.5,12,-2676.9458012727832,376427
24370,3.0,14,-2673.9458012727832,376441
24371,3.0,4,-2670.9458012727832,376445
24372,2.0,8,-2668.9458012727832,376453
24373,-1.5714285714285714,7,-2670.5172298442117,376460
24374,0.0,1,-2670.5172298442117,376461
24375,6.428571428571429,25,-2664.08865841564,376486
24376,0.5,20,-2663.58865841564,376506
24377,-5.0,13,-2668.58865841564,376519
24378,-9.333333333333332,15,-2677.9219917489736,376534
24379,-10.6,39,-2688.5219917489735,376573
24380,-4.0,19,-2692.5219917489735,376592
24381,-5.333333333333334,35,-2697.855325082307,376627
24382,0.5,10,-2697.355325082307,376637
24383,0.0,3,-2697.355325082307,376640
24384,2.0,14,-2695.355325082307,376654
24385,-0.5,23,-2695.855325082307,376677
24386,6.0,33,-2689.855325082307,376710
24387,0.5,10,-2689.355325082307,376720
24388,0.9285714285714286,13,-2688.4267536537354,376733
24389,4.2,16,-2684.2267536537356,376749
24390,-2.730434782608696,7,-2686.9571884363445,376756
24391,1.0,11,-2685.9571884363445,376767
24392,-2.0,9,-2687.9571884363445,376776
24393,2.0,4,-2685.9571884363445,376780
24394,-3.666666666666667,19,-2689.623855103011,376799
24395,-3.666666666666666,25,-2693.2905217696775,376824
24396,1.0,16,-2692.2905217696775,376840
24397,-12.8,31,-2705.0905217696777,376871
24398,0.0,26,-2705.0905217696777,376897
24399,-2.0,23,-2707.0905217696777,376920
24400,2.742857142857143,19,-2704.3476646268205,376939
24401,4.833333333333333,21,-2699.514331293487,376960
24402,-2.500000000000001,26,-2702.014331293487,376986
24403,2.0,7,-2700.014331293487,376993
24404,6.45,31,-2693.564331293487,377024
24405,0.0,4,-2693.564331293487,377028
24406,2.7,30,-2690.8643312934873,377058
24407,3.0,30,-2687.8643312934873,377088
24408,-4.0,42,-2691.8643312934873,377130
24409,-0.6666666666666667,7,-2692.530997960154,377137
24410,-3.5,14,-2696.030997960154,377151
24411,-6.575757575757576,38,-2702.6067555359114,377189
24412,0.0,28,-2702.6067555359114,377217
24413,-1.0,6,-2703.6067555359114,377223
24414,4.0,14,-2699.6067555359114,377237
24415,3.888888888888889,54,-2695.7178666470227,377291
24416,0.20000000000000018,26,-2695.517866647023,377317
24417,-5.8,37,-2701.317866647023,377354
24418,-6.444444444444445,32,-2707.7623110914674,377386
24419,-11.085714285714285,38,-2718.848025377182,377424
24420,-5.857142857142858,13,-2724.7051682343244,377437
24421,0.2857142857142856,12,-2724.41945394861,377449
24422,0.1428571428571428,13,-2724.276596805753,377462
24423,-3.6999999999999993,36,-2727.9765968057527,377498
24424,2.0,14,-2725.9765968057527,377512
24425,-6.333333333333332,25,-2732.309930139086,377537
24426,1.25,24,-2731.059930139086,377561
24427,-2.5,21,-2733.559930139086,377582
24428,1.0,6,-2732.559930139086,377588
24429,-2.0,13,-2734.559930139086,377601
24430,-3.25,25,-2737.809930139086,377626
24431,-6.583333333333333,25,-2744.3932634724197,377651
24432,-3.0,19,-2747.3932634724197,377670
24433,8.0,11,-2739.3932634724197,377681
24434,3.5,11,-2735.8932634724197,377692
24435,-6.041666666666666,43,-2741.934930139086,377735
24436,2.142857142857143,27,-2739.792072996229,377762
24437,1.0,24,-2738.792072996229,377786
24438,1.0,5,-2737.792072996229,377791
24439,1.0,7,-2736.792072996229,377798
24440,-0.6666666666666665,26,-2737.4587396628954,377824
24441,-0.8,36,-2738.2587396628956,377860
24442,-1.8333333333333335,23,-2740.092072996229,377883
24443,3.333333333333333,31,-2736.7587396628956,377914
24444,3.0,19,-2733.7587396628956,377933
24445,3.5,22,-2730.2587396628956,377955
24446,3.0,31,-2727.2587396628956,377986
24447,-2.0,6,-2729.2587396628956,377992
24448,4.0,11,-2725.2587396628956,378003
24449,4.190476190476191,36,-2721.0682634724194,378039
24450,5.8,31,-2715.268263472419,378070
24451,-5.8,15,-2721.0682634724194,378085
24452,3.0,15,-2718.0682634724194,378100
24453,-3.3750000000000004,41,-2721.4432634724194,378141
24454,1.0,22,-2720.4432634724194,378163
24455,1.0,4,-2719.4432634724194,378167
24456,0.0,4,-2719.4432634724194,378171
24457,0.0,6,-2719.4432634724194,378177
24458,0.0,3,-2719.4432634724194,378180
24459,-1.0,3,-2720.4432634724194,378183
24460,-0.5,11,-2720.9432634724194,378194
24461,-6.5,15,-2727.4432634724194,378209
24462,-4.0,11,-2731.4432634724194,378220
24463,6.90909090909091,47,-2724.5341725633284,378267
24464,-2.5,10,-2727.0341725633284,378277
24465,-7.1,12,-2734.1341725633283,378289
24466,-2.0,7,-2736.1341725633283,378296
24467,0.5,8,-2735.6341725633283,378304
24468,8.0,15,-2727.6341725633283,378319
24469,2.2,1,-2725.4341725633285,378320
24470,-2.0,4,-2727.4341725633285,378324
24471,-2.0,11,-2729.4341725633285,378335
24472,-3.3,18,-2732.7341725633287,378353
24473,2.2,1,-2730.534172563329,378354
24474,2.0,11,-2728.534172563329,378365
24475,-3.0,9,-2731.534172563329,378374
24476,1.0,10,-2730.534172563329,378384
24477,1.333333333333334,30,-2729.2008392299954,378414
24478,4.5,11,-2724.7008392299954,378425
24479,-0.7777777777777778,17,-2725.478617007773,378442
24480,1.6666666666666667,13,-2723.8119503411067,378455
24481,-2.0,20,-2725.8119503411067,378475
24482,-1.0,2,-2726.8119503411067,378477
24483,-2.0,4,-2728.8119503411067,378481
24484,-3.0,3,-2731.8119503411067,378484
24485,-4.0,5,-2735.8119503411067,378489
24486,2.0,19,-2733.8119503411067,378508
24487,0.5,7,-2733.3119503411067,378515
24488,-1.25,34,-2734.5619503411067,378549
24489,1.5,19,-2733.0619503411067,378568
24490,4.6761904761904765,25,-2728.385759864916,378593
24491,2.2,1,-2726.1857598649162,378594
24492,0.0,9,-2726.1857598649162,378603
24493,-6.0,8,-2732.1857598649162,378611
24494,0.0,11,-2732.1857598649162,378622
24495,0.1428571428571428,18,-2732.042902722059,378640
24496,6.5,17,-2725.542902722059,378657
24497,-3.0,14,-2728.542902722059,378671
24498,-10.285714285714285,12,-2738.828617007773,378683
24499,-2.0,8,-2740.828617007773,378691
24500,1.7000000000000002,25,-2739.1286170077733,378716
24501,-2.0,1,-2741.1286170077733,378717
24502,0.0,1,-2741.1286170077733,378718
24503,-1.0,11,-2742.1286170077733,378729
24504,-0.25,9,-2742.3786170077733,378738
24505,-1.0,8,-2743.3786170077733,378746
24506,0.0,33,-2743.3786170077733,378779
24507,-5.666666666666667,18,-2749.04528367444,378797
24508,0.2,7,-2748.84528367444,378804
24509,-0.5,11,-2749.34528367444,378815
24510,4.0,25,-2745.34528367444,378840
24511,0.0,4,-2745.34528367444,378844
24512,0.0,4,-2745.34528367444,378848
24513,2.388888888888889,9,-2742.9563947855513,378857
24514,0.045454545454545414,18,-2742.910940240097,378875
24515,2.0,10,-2740.910940240097,378885
24516,2.2,1,-2738.710940240097,378886
24517,-1.25,7,-2739.960940240097,378893
24518,3.0,7,-2736.960940240097,378900
24519,-0.5,8,-2737.460940240097,378908
24520,-5.071428571428571,32,-2742.5323688115254,378940
24521,2.2,26,-2740.3323688115256,378966
24522,0.2954545454545454,33,-2740.036914266071,378999
24523,5.5,23,-2734.536914266071,379022
24524,-2.0,13,-2736.536914266071,379035
24525,-3.5,28,-2740.036914266071,379063
24526,-5.0,3,-2745.036914266071,379066
24527,-1.0,11,-2746.036914266071,379077
24528,2.5,10,-2743.536914266071,379087
24529,9.0,19,-2734.536914266071,379106
24530,1.8333333333333333,10,-2732.7035809327376,379116
24531,-1.0,17,-2733.7035809327376,379133
24532,5.5,20,-2728.2035809327376,379153
24533,4.0,17,-2724.2035809327376,379170
24534,5.5,10,-2718.7035809327376,379180
24535,-5.800000000000001,28,-2724.503580932738,379208
24536,-2.0,6,-2726.503580932738,379214
24537,7.875,30,-2718.628580932738,379244
24538,0.5,10,-2718.128580932738,379254
24539,-3.0,14,-2721.128580932738,379268
24540,0.0,1,-2721.128580932738,379269
24541,-1.0,5,-2722.128580932738,379274
24542,-4.4,7,-2726.528580932738,379281
24543,-1.4,10,-2727.928580932738,379291
24544,-3.0,8,-2730.928580932738,379299
24545,-0.5,2,-2731.428580932738,379301
24546,-0.5,2,-2731.928580932738,379303
24547,3.5,6,-2728.428580932738,379309
24548,-0.5,8,-2728.928580932738,379317
24549,1.7000000000000002,9,-2727.228580932738,379326
24550,0.0,6,-2727.228580932738,379332
24551,-4.0,8,-2731.228580932738,379340
24552,0.9090909090909091,17,-2730.319490023647,379357
24553,3.0,1,-2727.319490023647,379358
24554,0.0,1,-2727.319490023647,379359
24555,5.0,6,-2722.319490023647,379365
24556,1.0,21,-2721.319490023647,379386
24557,0.0,1,-2721.319490023647,379387
24558,0.0,7,-2721.319490023647,379394
24559,0.0,8,-2721.319490023647,379402
24560,-3.0,4,-2724.319490023647,379406
24561,8.0,17,-2716.319490023647,379423
24562,5.0,11,-2711.319490023647,379434
24563,4.0,35,-2707.319490023647,379469
24564,1.2000000000000002,14,-2706.1194900236474,379483
24565,-5.0,16,-2711.1194900236474,379499
24566,1.7000000000000002,20,-2709.4194900236475,379519
24567,-4.8,23,-2714.2194900236477,379542
24568,1.3666666666666663,33,-2712.852823356981,379575
24569,2.333333333333333,39,-2710.5194900236474,379614
24570,4.2,21,-2706.3194900236476,379635
24571,-3.888888888888889,12,-2710.2083789125363,379647
24572,-4.0,20,-2714.2083789125363,379667
24573,8.5,29,-2705.7083789125363,379696
24574,3.5,18,-2702.2083789125363,379714
24575,-5.333333333333333,26,-2707.54171224587,379740
24576,-0.3333333333333335,24,-2707.8750455792033,379764
24577,3.5,14,-2704.3750455792033,379778
24578,-2.0,20,-2706.3750455792033,379798
24579,-3.6,8,-2709.975045579203,379806
24580,4.666666666666667,20,-2705.3083789125367,379826
24581,-7.238095238095238,19,-2712.546474150632,379845
24582,-7.666666666666667,23,-2720.2131408172986,379868
24583,-6.916666666666666,19,-2727.129807483965,379887
24584,-0.8500000000000001,10,-2727.979807483965,379897
24585,1.5,13,-2726.479807483965,379910
24586,-2.375,23,-2728.854807483965,379933
24587,1.3333333333333333,28,-2727.5214741506315,379961
24588,-2.3333333333333335,20,-2729.854807483965,379981
24589,-0.07142857142857117,20,-2729.9262360553935,380001
24590,-0.25,8,-2730.1762360553935,380009
24591,-1.0,24,-2731.1762360553935,380033
24592,-2.0,8,-2733.1762360553935,380041
24593,-0.833333333333333,20,-2734.009569388727,380061
24594,-1.0,18,-2735.009569388727,380079
24595,2.0,27,-2733.009569388727,380106
24596,0.0,18,-2733.009569388727,380124
24597,-0.3333333333333335,32,-2733.3429027220604,380156
24598,-3.5999999999999996,13,-2736.9429027220604,380169
24599,0.17142857142857149,25,-2736.771474150632,380194
24600,0.0,27,-2736.771474150632,380221
24601,-0.6363636363636362,29,-2737.4078377869955,380250
24602,-2.833333333333334,28,-2740.241171120329,380278
24603,3.5,8,-2736.741171120329,380286
24604,-0.4,14,-2737.141171120329,380300
24605,3.2,32,-2733.9411711203293,380332
24606,2.5,23,-2731.4411711203293,380355
24607,3.5,25,-2727.9411711203293,380380
24608,-1.0,6,-2728.9411711203293,380386
24609,-1.6666666666666667,19,-2730.607837786996,380405
24610,-0.8333333333333333,21,-2731.4411711203293,380426
24611,6.2,19,-2725.2411711203295,380445
24612,-3.5,35,-2728.7411711203295,380480
24613,-3.9444444444444446,13,-2732.685615564774,380493
24614,4.0,34,-2728.685615564774,380527
24615,-1.6666666666666665,15,-2730.3522822314403,380542
24616,0.5,11,-2729.8522822314403,380553
24617,11.666666666666668,34,-2718.185615564774,380587
24618,-4.4,28,-2722.585615564774,380615
24619,-0.4444444444444444,5,-2723.0300600092182,380620
24620,-4.541176470588235,7,-2727.5712364798064,380627
24621,0.5,11,-2727.0712364798064,380638
24622,0.0,3,-2727.0712364798064,380641
24623,0.0,2,-2727.0712364798064,380643
24624,1.0,7,-2726.0712364798064,380650
24625,-0.5,4,-2726.5712364798064,380654
24626,-1.25,6,-2727.8212364798064,380660
24627,3.0,4,-2724.8212364798064,380664
24628,0.6666666666666667,16,-2724.15456981314,380680
24629,-2.25,5,-2726.40456981314,380685
24630,0.0,10,-2726.40456981314,380695
24631,0.0,3,-2726.40456981314,380698
24632,2.0,22,-2724.40456981314,380720
24633,-8.321428571428571,32,-2732.7259983845684,380752
24634,0.0,9,-2732.7259983845684,380761
24635,2.0,5,-2730.7259983845684,380766
24636,1.0,2,-2729.7259983845684,380768
24637,1.0,2,-2728.7259983845684,380770
24638,0.0,2,-2728.7259983845684,380772
24639,0.0,3,-2728.7259983845684,380775
24640,2.2,2,-2726.5259983845685,380777
24641,4.0,14,-2722.5259983845685,380791
24642,-0.5714285714285712,13,-2723.097426955997,380804
24643,-7.333333333333333,23,-2730.4307602893305,380827
24644,1.3333333333333333,16,-2729.097426955997,380843
24645,4.6,12,-2724.497426955997,380855
24646,2.0,17,-2722.497426955997,380872
24647,-4.071428571428571,11,-2726.5688555274255,380883
24648,-2.2,5,-2728.7688555274253,380888
24649,4.055555555555555,14,-2724.7132999718697,380902
24650,-2.0,8,-2726.7132999718697,380910
24651,1.75,8,-2724.9632999718697,380918
24652,-2.85,13,-2727.8132999718696,380931
24653,-2.0,9,-2729.8132999718696,380940
24654,0.5,15,-2729.3132999718696,380955
24655,-0.6153846153846154,9,-2729.9286845872543,380964
24656,-3.0,14,-2732.9286845872543,380978
24657,0.5,11,-2732.4286845872543,380989
24658,-2.0,1,-2734.4286845872543,380990
24659,-4.0,3,-2738.4286845872543,380993
24660,-2.0,9,-2740.4286845872543,381002
24661,-3.0,23,-2743.4286845872543,381025
24662,-3.75,25,-2747.1786845872543,381050
24663,-2.0,4,-2749.1786845872543,381054
24664,6.833333333333333,24,-2742.345351253921,381078
24665,0.0,9,-2742.345351253921,381087
24666,3.2,13,-2739.145351253921,381100
24667,8.5,19,-2730.645351253921,381119
24668,-2.0,8,-2732.645351253921,381127
24669,8.0,14,-2724.645351253921,381141
24670,-1.0,11,-2725.645351253921,381152
24671,3.333333333333333,22,-2722.3120179205876,381174
24672,-4.0,15,-2726.3120179205876,381189
24673,2.5,17,-2723.8120179205876,381206
24674,-0.5,12,-2724.3120179205876,381218
24675,-5.375,26,-2729.6870179205876,381244
24676,-3.6,15,-2733.2870179205875,381259
24677,4.105555555555555,25,-2729.181462365032,381284
24678,0.33333333333333326,13,-2728.8481290316986,381297
24679,3.0,26,-2725.8481290316986,381323
24680,7.0,19,-2718.8481290316986,381342
24681,-3.75,14,-2722.5981290316986,381356
24682,-1.0,4,-2723.5981290316986,381360
24683,-3.0,1,-2726.5981290316986,381361
24684,3.0,3,-2723.5981290316986,381364
24685,-2.0,2,-2725.5981290316986,381366
24686,-2.0,6,-2727.5981290316986,381372
24687,-2.3,13,-2729.8981290316988,381385
24688,4.5,15,-2725.3981290316988,381400
24689,1.0,13,-2724.3981290316988,381413
24690,-1.5833333333333333,23,-2725.9814623650323,381436
24691,-8.866666666666667,33,-2734.848129031699,381469
24692,-2.3333333333333335,32,-2737.1814623650325,381501
24693,7.0,22,-2730.1814623650325,381523
24694,2.166666666666667,23,-2728.014795698366,381546
24695,5.0,25,-2723.014795698366,381571
24696,0.20000000000000018,28,-2722.814795698366,381599
24697,0.5454545454545454,17,-2722.2693411529117,381616
24698,-1.5,7,-2723.7693411529117,381623
24699,4.071428571428571,17,-2719.6979125814833,381640
24700,6.0,12,-2713.6979125814833,381652
24701,-0.6666666666666665,31,-2714.3645792481498,381683
24702,1.1666666666666667,36,-2713.1979125814833,381719
24703,7.0,10,-2706.1979125814833,381729
24704,5.0,19,-2701.1979125814833,381748
24705,-1.0,11,-2702.1979125814833,381759
24706,2.2,10,-2699.9979125814834,381769
24707,-3.75,27,-2703.7479125814834,381796
24708,3.0,12,-2700.7479125814834,381808
24709,2.5,21,-2698.2479125814834,381829
24710,-1.0,3,-2699.2479125814834,381832
24711,1.0,14,-2698.2479125814834,381846
24712,-0.23809523809523814,19,-2698.486007819579,381865
24713,3.7333333333333334,30,-2694.7526744862457,381895
24714,-5.4,30,-2700.152674486246,381925
24715,-1.2,16,-2701.3526744862456,381941
24716,2.0,1,-2699.3526744862456,381942
24717,0.0,6,-2699.3526744862456,381948
24718,-2.0,2,-2701.3526744862456,381950
24719,2.0,7,-2699.3526744862456,381957
24720,4.0,2,-2695.3526744862456,381959
24721,0.0,4,-2695.3526744862456,381963
24722,1.25,29,-2694.1026744862456,381992
24723,-3.0,14,-2697.1026744862456,382006
24724,-2.25,17,-2699.3526744862456,382023
24725,-8.25,17,-2707.6026744862456,382040
24726,-2.0,8,-2709.6026744862456,382048
24727,3.0,6,-2706.6026744862456,382054
24728,0.0,13,-2706.6026744862456,382067
24729,2.0,6,-2704.6026744862456,382073
24730,0.0,10,-2704.6026744862456,382083
24731,-0.5,10,-2705.1026744862456,382093
24732,-2.333333333333333,22,-2707.436007819579,382115
24733,-0.7999999999999998,15,-2708.2360078195793,382130
24734,-6.5,27,-2714.7360078195793,382157
24735,2.5,18,-2712.2360078195793,382175
24736,3.0,11,-2709.2360078195793,382186
24737,-2.25,12,-2711.4860078195793,382198
24738,2.0,22,-2709.4860078195793,382220
24739,4.0,14,-2705.4860078195793,382234
24740,-6.0,13,-2711.4860078195793,382247
24741,0.3333333333333335,15,-2711.152674486246,382262
24742,-6.5,15,-2717.652674486246,382277
24743,-4.5,8,-2722.152674486246,382285
24744,-0.666666666666667,17,-2722.8193411529123,382302
24745,8.0,17,-2714.8193411529123,382319
24746,3.5,30,-2711.3193411529123,382349
24747,6.5,19,-2704.8193411529123,382368
24748,-1.0,22,-2705.8193411529123,382390
24749,2.0,1,-2703.8193411529123,382391
24750,0.3333333333333333,5,-2703.486007819579,382396
24751,0.0,3,-2703.486007819579,382399
24752,-5.0,11,-2708.486007819579,382410
24753,4.6,20,-2703.886007819579,382430
24754,0.0,18,-2703.886007819579,382448
24755,-1.3333333333333333,5,-2705.2193411529124,382453
24756,-4.999999999999999,31,-2710.2193411529124,382484
24757,1.4285714285714286,8,-2708.790769724341,382492
24758,-1.0,2,-2709.790769724341,382494
24759,6.0,14,-2703.790769724341,382508
24760,-3.142857142857143,10,-2706.933626867198,382518
24761,7.4,27,-2699.533626867198,382545
24762,6.666666666666667,6,-2692.8669602005316,382551
24763,0.8571428571428572,7,-2692.009817343389,382558
24764,-3.666666666666667,11,-2695.6764840100554,382569
24765,-0.6666666666666667,14,-2696.343150676722,382583
24766,-0.9428571428571426,15,-2697.286007819579,382598
24767,-1.0,10,-2698.286007819579,382608
24768,0,0,-2698.286007819579,382608
24769,0,0,-2698.286007819579,382608
24770,0,0,-2698.286007819579,382608
24771,2.0,5,-2696.286007819579,382613
24772,-1.0,12,-2697.286007819579,382625
24773,-1.0,20,-2698.286007819579,382645
24774,4.7,17,-2693.586007819579,382662
24775,-1.25,16,-2694.836007819579,382678
24776,2.4444444444444446,29,-2692.391563375135,382707
24777,2.0,11,-2690.391563375135,382718
24778,2.5,16,-2687.891563375135,382734
24779,1.9285714285714286,16,-2685.9629919465633,382750
24780,2.0,10,-2683.9629919465633,382760
24781,0.0,15,-2683.9629919465633,382775
24782,-6.6,45,-2690.562991946563,382820
24783,-0.8666666666666669,21,-2691.42965861323,382841
24784,1.75,16,-2689.67965861323,382857
24785,-4.0,12,-2693.67965861323,382869
24786,7.266666666666667,33,-2686.412991946563,382902
24787,1.5952380952380951,13,-2684.817753851325,382915
24788,-2.166666666666666,33,-2686.9844205179916,382948
24789,1.0,11,-2685.9844205179916,382959
24790,-1.1428571428571428,11,-2687.127277660849,382970
24791,4.0,3,-2683.127277660849,382973
24792,0.6666666666666661,29,-2682.4606109941824,383002
24793,-3.4210526315789473,28,-2685.881663625761,383030
24794,9.333333333333332,51,-2676.5483302924276,383081
24795,9.0,18,-2667.5483302924276,383099
24796,-0.7878787878787876,31,-2668.3362090803066,383130
24797,0.0,3,-2668.3362090803066,383133
24798,0.625,23,-2667.7112090803066,383156
24799,-2.571428571428571,12,-2670.282637651735,383168
24800,-1.75,33,-2672.032637651735,383201
24801,0.4285714285714286,9,-2671.6040662231635,383210
24802,0.0,16,-2671.6040662231635,383226
24803,-3.375,28,-2674.9790662231635,383254
24804,7.333333333333334,27,-2667.64573288983,383281
24805,-2.0,12,-2669.64573288983,383293
24806,-0.25,16,-2669.89573288983,383309
24807,0.0,3,-2669.89573288983,383312
24808,-2.0,3,-2671.89573288983,383315
24809,0.5,10,-2671.39573288983,383325
24810,-3.0,10,-2674.39573288983,383335
24811,4.0,6,-2670.39573288983,383341
24812,1.0,14,-2669.39573288983,383355
24813,1.0,8,-2668.39573288983,383363
24814,1.0,5,-2667.39573288983,383368
24815,0.0,5,-2667.39573288983,383373
24816,4.5,34,-2662.89573288983,383407
24817,-2.0,6,-2664.89573288983,383413
24818,-3.9722222222222228,58,-2668.867955112052,383471
24819,1.0,3,-2667.867955112052,383474
24820,0.0,7,-2667.867955112052,383481
24821,8.5,16,-2659.367955112052,383497
24822,2.0,7,-2657.367955112052,383504
24823,13.166666666666666,24,-2644.2012884453857,383528
24824,3.1904761904761907,21,-2641.0108122549095,383549
24825,8.0,12,-2633.0108122549095,383561
24826,-9.5,19,-2642.5108122549095,383580
24827,-3.0,23,-2645.5108122549095,383603
24828,10.61111111111111,30,-2634.899701143798,383633
24829,2.0,3,-2632.899701143798,383636
24830,1.4285714285714286,6,-2631.4711297152267,383642
24831,5.2979797979797985,22,-2626.173149917247,383664
24832,-2.5,17,-2628.673149917247,383681
24833,-1.0,12,-2629.673149917247,383693
24834,-2.5,6,-2632.173149917247,383699
24835,3.5,18,-2628.673149917247,383717
24836,1.2000000000000002,15,-2627.473149917247,383732
24837,-1.25,7,-2628.723149917247,383739
24838,1.0461538461538462,19,-2627.6769960710935,383758
24839,1.0,4,-2626.6769960710935,383762
24840,4.75,9,-2621.9269960710935,383771
24841,8.516666666666666,20,-2613.4103294044266,383791
24842,10.85,25,-2602.5603294044267,383816
24843,-4.666666666666668,42,-2607.2269960710933,383858
24844,1.75,14,-2605.4769960710933,383872
24845,1.0,10,-2604.4769960710933,383882
24846,4.0,9,-2600.4769960710933,383891
24847,4.166666666666666,18,-2596.3103294044267,383909
24848,-4.4,8,-2600.710329404427,383917
24849,12.083333333333334,17,-2588.6269960710933,383934
24850,0.0,10,-2588.6269960710933,383944
24851,3.1428571428571432,22,-2585.484138928236,383966
24852,3.5,19,-2581.984138928236,383985
24853,13.333333333333334,27,-2568.6508055949025,384012
24854,-4.666666666666667,13,-2573.317472261569,384025
24855,1.0,2,-2572.317472261569,384027
24856,4.75,8,-2567.567472261569,384035
24857,0.0,5,-2567.567472261569,384040
24858,1.3333333333333333,13,-2566.2341389282356,384053
24859,0.5,24,-2565.7341389282356,384077
24860,-2.1666666666666665,27,-2567.900805594902,384104
24861,-7.333333333333334,18,-2575.2341389282356,384122
24862,-5.8277777777777775,44,-2581.061916706013,384166
24863,1.0,14,-2580.061916706013,384180
24864,2.0,16,-2578.061916706013,384196
24865,-1.0,9,-2579.061916706013,384205
24866,6.0,10,-2573.061916706013,384215
24867,-0.5,20,-2573.561916706013,384235
24868,2.3499999999999996,17,-2571.211916706013,384252
24869,1.0,5,-2570.211916706013,384257
24870,4.0,10,-2566.211916706013,384267
24871,2.0,17,-2564.211916706013,384284
24872,4.666666666666667,24,-2559.5452500393467,384308
24873,0.0,9,-2559.5452500393467,384317
24874,4.5,9,-2555.0452500393467,384326
24875,5.428571428571429,18,-2549.616678610775,384344
24876,-1.0,10,-2550.616678610775,384354
24877,4.666666666666667,33,-2545.9500119441086,384387
24878,2.0,7,-2543.9500119441086,384394
24879,0.0,4,-2543.9500119441086,384398
24880,0.0,5,-2543.9500119441086,384403
24881,0.0,3,-2543.9500119441086,384406
24882,-2.0,5,-2545.9500119441086,384411
24883,-1.5,14,-2547.4500119441086,384425
24884,-2.833333333333333,22,-2550.283345277442,384447
24885,0.3666666666666667,17,-2549.9166786107753,384464
24886,4.0,21,-2545.9166786107753,384485
24887,-2.0,6,-2547.9166786107753,384491
24888,-1.0,16,-2548.9166786107753,384507
24889,-3.0,5,-2551.9166786107753,384512
24890,-1.0,12,-2552.9166786107753,384524
24891,6.5,5,-2546.4166786107753,384529
24892,2.0,25,-2544.4166786107753,384554
24893,2.0,2,-2542.4166786107753,384556
24894,1.0,14,-2541.4166786107753,384570
24895,-1.0,2,-2542.4166786107753,384572
24896,-0.16666666666666607,12,-2542.583345277442,384584
24897,0.0,3,-2542.583345277442,384587
24898,12.333333333333332,22,-2530.2500119441083,384609
24899,0.2,9,-2530.0500119441085,384618
24900,3.75,8,-2526.3000119441085,384626
24901,-5.619047619047619,23,-2531.919059563156,384649
24902,-4.5,8,-2536.419059563156,384657
24903,-4.5,8,-2540.919059563156,384665
24904,-6.0,8,-2546.919059563156,384673
24905,0.0,3,-2546.919059563156,384676
24906,-1.0,20,-2547.919059563156,384696
24907,-1.0,2,-2548.919059563156,384698
24908,0.0,12,-2548.919059563156,384710
24909,0.75,8,-2548.169059563156,384718
24910,5.25,12,-2542.919059563156,384730
24911,3.0,4,-2539.919059563156,384734
24912,1.8928571428571428,10,-2538.026202420299,384744
24913,-0.8571428571428572,7,-2538.8833452774415,384751
24914,0.75,6,-2538.1333452774415,384757
24915,-2.0,5,-2540.1333452774415,384762
24916,0.0,5,-2540.1333452774415,384767
24917,0.0,5,-2540.1333452774415,384772
24918,1.0,16,-2539.1333452774415,384788
24919,1.0,12,-2538.1333452774415,384800
24920,-1.7999999999999998,24,-2539.9333452774417,384824
24921,-0.1071428571428572,24,-2540.0404881345844,384848
24922,0.2666666666666666,24,-2539.7738214679175,384872
24923,-1.0,6,-2540.7738214679175,384878
24924,1.0,5,-2539.7738214679175,384883
24925,-2.5,9,-2542.2738214679175,384892
24926,1.7000000000000002,14,-2540.5738214679177,384906
24927,11.142857142857142,27,-2529.4309643250604,384933
24928,2.0,15,-2527.4309643250604,384948
24929,1.0,5,-2526.4309643250604,384953
24930,-0.5,5,-2526.9309643250604,384958
24931,-1.5,8,-2528.4309643250604,384966
24932,-0.4411764705882355,25,-2528.8721407956486,384991
24933,6.0,31,-2522.8721407956486,385022
24934,1.0,5,-2521.8721407956486,385027
24935,-0.5,11,-2522.3721407956486,385038
24936,1.5999999999999996,23,-2520.7721407956487,385061
24937,1.6666666666666663,31,-2519.105474128982,385092
24938,4.0,7,-2515.105474128982,385099
24939,0.3333333333333333,10,-2514.7721407956487,385109
24940,5.0,11,-2509.7721407956487,385120
24941,2.75,7,-2507.0221407956487,385127
24942,2.0,6,-2505.0221407956487,385133
24943,1.75,8,-2503.2721407956487,385141
24944,4.0,7,-2499.2721407956487,385148
24945,7.375,16,-2491.8971407956487,385164
24946,-5.0,5,-2496.8971407956487,385169
24947,2.0,12,-2494.8971407956487,385181
24948,-1.1538461538461537,9,-2496.050986949495,385190
24949,4.0,13,-2492.050986949495,385203
24950,-5.0,8,-2497.050986949495,385211
24951,7.5,9,-2489.550986949495,385220
24952,-2.0,7,-2491.550986949495,385227
24953,10.11111111111111,17,-2481.4398758383836,385244
24954,0.0,9,-2481.4398758383836,385253
24955,3.75,19,-2477.6898758383836,385272
24956,1.0,20,-2476.6898758383836,385292
24957,-1.5,14,-2478.1898758383836,385306
24958,-5.333333333333333,11,-2483.523209171717,385317
24959,2.2,20,-2481.3232091717173,385337
24960,0.33333333333333326,17,-2480.989875838384,385354
24961,1.3333333333333333,4,-2479.6565425050503,385358
24962,2.0,12,-2477.6565425050503,385370
24963,-1.0,12,-2478.6565425050503,385382
24964,-1.0,14,-2479.6565425050503,385396
24965,3.666666666666667,38,-2475.989875838384,385434
24966,5.555555555555555,23,-2470.434320282828,385457
24967,10.5,46,-2459.934320282828,385503
24968,-1.0,25,-2460.934320282828,385528
24969,-3.4333333333333336,36,-2464.3676536161615,385564
24970,1.7166666666666663,58,-2462.650986949495,385622
24971,-3.0,19,-2465.650986949495,385641
24972,3.0,21,-2462.650986949495,385662
24973,1.0,30,-2461.650986949495,385692
24974,-2.5,12,-2464.150986949495,385704
24975,0.0,4,-2464.150986949495,385708
24976,3.0,11,-2461.150986949495,385719
24977,6.0,9,-2455.150986949495,385728
24978,-2.0,5,-2457.150986949495,385733
24979,4.0,6,-2453.150986949495,385739
24980,4.0,5,-2449.150986949495,385744
24981,5.0,10,-2444.150986949495,385754
24982,2.0,12,-2442.150986949495,385766
24983,4.0,5,-2438.150986949495,385771
24984,-0.6666666666666666,13,-2438.8176536161614,385784
24985,-1.5,34,-2440.3176536161614,385818
24986,7.033333333333335,27,-2433.284320282828,385845
24987,1.9333333333333333,13,-2431.3509869494947,385858
24988,2.333333333333333,11,-2429.017653616161,385869
24989,-3.500000000000001,20,-2432.517653616161,385889
24990,-2.0,7,-2434.517653616161,385896
24991,-2.6666666666666665,7,-2437.1843202828277,385903
24992,3.0303030303030303,15,-2434.1540172525247,385918
24993,0.0,5,-2434.1540172525247,385923
24994,0.0,5,-2434.1540172525247,385928
24995,3.5833333333333335,9,-2430.570683919191,385937
24996,2.0,5,-2428.570683919191,385942
24997,7.0,14,-2421.570683919191,385956
24998,0.3333333333333339,16,-2421.2373505858577,385972
24999,3.75,10,-2417.4873505858577,385982
25000,-1.3333333333333333,3,-2418.820683919191,385985
25001,-0.7999999999999998,23,-2419.6206839191914,386008
25002,1.0,25,-2418.6206839191914,386033
25003,3.0,8,-2415.6206839191914,386041
25004,-1.5,14,-2417.1206839191914,386055
25005,0.0,5,-2417.1206839191914,386060
25006,0.0,11,-2417.1206839191914,386071
25007,-2.05,15,-2419.1706839191916,386086
25008,-4.833333333333334,22,-2424.004017252525,386108
25009,13.0,35,-2411.004017252525,386143
25010,-7.0,25,-2418.004017252525,386168
25011,-1.8,25,-2419.8040172525252,386193
25012,-1.0,11,-2420.8040172525252,386204
25013,1.0,10,-2419.8040172525252,386214
25014,7.0,20,-2412.8040172525252,386234
25015,0.8333333333333335,18,-2411.9706839191917,386252
25016,1.4285714285714286,18,-2410.54211249062,386270
25017,-0.38888888888888884,14,-2410.931001379509,386284
25018,-8.0,12,-2418.931001379509,386296
25019,0.0,15,-2418.931001379509,386311
25020,-1.0,9,-2419.931001379509,386320
25021,-1.0,20,-2420.931001379509,386340
25022,-4.0,5,-2424.931001379509,386345
25023,0.75,10,-2424.181001379509,386355
25024,-1.208333333333333,31,-2425.3893347128424,386386
25025,-0.7999999999999998,31,-2426.1893347128425,386417
25026,0.75,10,-2425.4393347128425,386427
25027,1.666666666666667,18,-2423.772668046176,386445
25028,0.0,2,-2423.772668046176,386447
25029,-2.333333333333333,16,-2426.1060013795095,386463
25030,0.0,5,-2426.1060013795095,386468
25031,0.0,7,-2426.1060013795095,386475
25032,5.0,29,-2421.1060013795095,386504
25033,-2.0,27,-2423.1060013795095,386531
25034,4.5,7,-2418.6060013795095,386538
25035,-2.0,10,-2420.6060013795095,386548
25036,-0.5,10,-2421.1060013795095,386558
25037,3.0,16,-2418.1060013795095,386574
25038,3.0,9,-2415.1060013795095,386583
25039,3.0,7,-2412.1060013795095,386590
25040,-2.0,7,-2414.1060013795095,386597
25041,-3.0,19,-2417.1060013795095,386616
25042,0.2,12,-2416.9060013795097,386628
25043,3.5,8,-2413.4060013795097,386636
25044,2.333333333333334,59,-2411.072668046176,386695
25045,0.0,2,-2411.072668046176,386697
25046,0.0,1,-2411.072668046176,386698
25047,0.6666666666666667,15,-2410.4060013795097,386713
25048,4.533333333333333,29,-2405.8726680461764,386742
25049,6.75,14,-2399.1226680461764,386756
25050,1.583333333333333,16,-2397.539334712843,386772
25051,1.5,27,-2396.039334712843,386799
25052,-7.0,17,-2403.039334712843,386816
25053,-0.5,8,-2403.539334712843,386824
25054,-1.3333333333333333,6,-2404.8726680461764,386830
25055,-0.33333333333333315,25,-2405.20600137951,386855
25056,0.0,3,-2405.20600137951,386858
25057,-1.0,14,-2406.20600137951,386872
25058,-6.0,18,-2412.20600137951,386890
25059,-1.1666666666666667,27,-2413.3726680461764,386917
25060,-0.5,8,-2413.8726680461764,386925
25061,-1.0,2,-2414.8726680461764,386927
25062,2.0,8,-2412.8726680461764,386935
25063,-1.0,8,-2413.8726680461764,386943
25064,-3.0,9,-2416.8726680461764,386952
25065,-9.0,14,-2425.8726680461764,386966
25066,-12.416666666666668,13,-2438.289334712843,386979
25067,0.0,3,-2438.289334712843,386982
25068,0.0,4,-2438.289334712843,386986
25069,-0.5,5,-2438.789334712843,386991
25070,2.0,8,-2436.789334712843,386999
25071,-1.0,9,-2437.789334712843,387008
25072,0.0,6,-2437.789334712843,387014
25073,-2.657142857142857,24,-2440.4464775699857,387038
25074,6.0,12,-2434.4464775699857,387050
25075,-3.0,24,-2437.4464775699857,387074
25076,-7.0,11,-2444.4464775699857,387085
25077,-4.0,8,-2448.4464775699857,387093
25078,0.0,8,-2448.4464775699857,387101
25079,-2.0,15,-2450.4464775699857,387116
25080,-1.0,13,-2451.4464775699857,387129
25081,-5.333333333333334,17,-2456.7798109033192,387146
25082,1.2,21,-2455.5798109033194,387167
25083,0.5,7,-2455.0798109033194,387174
25084,-0.5714285714285714,16,-2455.651239474748,387190
25085,-3.8095238095238098,17,-2459.4607632842717,387207
25086,-1.0,16,-2460.4607632842717,387223
25087,3.0,7,-2457.4607632842717,387230
25088,-3.6666666666666665,11,-2461.127429950938,387241
25089,-1.3571428571428572,25,-2462.484572808081,387266
25090,-3.0,6,-2465.484572808081,387272
25091,2.0,19,-2463.484572808081,387291
25092,-0.44444444444444464,11,-2463.9290172525252,387302
25093,3.2222222222222223,23,-2460.706795030303,387325
25094,0.9333333333333333,3,-2459.7734616969697,387328
25095,0.0,4,-2459.7734616969697,387332
25096,8.75,29,-2451.0234616969697,387361
25097,-0.33333333333333326,19,-2451.356795030303,387380
25098,3.2,10,-2448.1567950303033,387390
25099,-2.0,4,-2450.1567950303033,387394
25100,-2.0,10,-2452.1567950303033,387404
25101,-1.0,16,-2453.1567950303033,387420
25102,5.25,10,-2447.9067950303033,387430
25103,0.9166666666666666,10,-2446.990128363637,387440
25104,-2.0,19,-2448.990128363637,387459
25105,1.0,8,-2447.990128363637,387467
25106,-1.0,5,-2448.990128363637,387472
25107,-0.6000000000000001,10,-2449.5901283636367,387482
25108,-0.4,8,-2449.990128363637,387490
25109,0.0,6,-2449.990128363637,387496
25110,0.0,6,-2449.990128363637,387502
25111,0.0,9,-2449.990128363637,387511
25112,-1.0,7,-2450.990128363637,387518
25113,1.4,5,-2449.5901283636367,387523
25114,-0.33333333333333326,7,-2449.92346169697,387530
25115,-3.333333333333333,8,-2453.2567950303037,387538
25116,-5.6,13,-2458.8567950303036,387551
25117,-7.0,9,-2465.8567950303036,387560
25118,-0.5,2,-2466.3567950303036,387562
25119,-1.3333333333333335,6,-2467.690128363637,387568
25120,-1.0444444444444445,16,-2468.7345728080813,387584
25121,-2.5,11,-2471.2345728080813,387595
25122,1.0,8,-2470.2345728080813,387603
25123,1.75,11,-2468.4845728080813,387614
25124,-1.5714285714285714,6,-2470.05600137951,387620
25125,-1.0,5,-2471.05600137951,387625
25126,-3.0,5,-2474.05600137951,387630
25127,-1.0,5,-2475.05600137951,387635
25128,1.75,2,-2473.30600137951,387637
25129,2.0,6,-2471.30600137951,387643
25130,2.0,5,-2469.30600137951,387648
25131,-4.0,21,-2473.30600137951,387669
25132,-4.0,7,-2477.30600137951,387676
25133,1.75,2,-2475.55600137951,387678
25134,6.666666666666667,14,-2468.8893347128433,387692
25135,-1.6,5,-2470.489334712843,387697
25136,1.6666666666666667,5,-2468.8226680461767,387702
25137,-2.0,9,-2470.8226680461767,387711
25138,2.333333333333333,24,-2468.489334712843,387735
25139,-4.0,16,-2472.489334712843,387751
25140,-5.571428571428571,22,-2478.0607632842716,387773
25141,0.0,4,-2478.0607632842716,387777
25142,1.0,6,-2477.0607632842716,387783
25143,-2.0,4,-2479.0607632842716,387787
25144,-0.25,4,-2479.3107632842716,387791
25145,-2.0,8,-2481.3107632842716,387799
25146,-3.0,5,-2484.3107632842716,387804
25147,-5.844444444444445,23,-2490.155207728716,387827
25148,-4.0,21,-2494.155207728716,387848
25149,-3.0,4,-2497.155207728716,387852
25150,-4.0,4,-2501.155207728716,387856
25151,0.0,6,-2501.155207728716,387862
25152,-4.333333333333333,5,-2505.4885410620495,387867
25153,-6.666666666666666,29,-2512.155207728716,387896
25154,-2.0,15,-2514.155207728716,387911
25155,-0.30000000000000004,10,-2514.4552077287162,387921
25156,1.0,3,-2513.4552077287162,387924
25157,0.0,4,-2513.4552077287162,387928
25158,-0.5,7,-2513.9552077287162,387935
25159,3.0,23,-2510.9552077287162,387958
25160,-8.8,12,-2519.7552077287164,387970
25161,0.45238095238095233,14,-2519.3028267763357,387984
25162,-1.0,7,-2520.3028267763357,387991
25163,2.428571428571429,14,-2517.874255347764,388005
25164,1.3333333333333333,7,-2516.5409220144306,388012
25165,1.2,5,-2515.340922014431,388017
25166,-5.653846153846153,13,-2520.994768168277,388030
25167,-3.3333333333333335,24,-2524.3281015016105,388054
25168,0.0,16,-2524.3281015016105,388070
25169,0.3333333333333333,5,-2523.994768168277,388075
25170,0.4285714285714286,10,-2523.5661967397054,388085
25171,-6.333333333333333,12,-2529.899530073039,388097
25172,1.8787878787878787,29,-2528.020742194251,388126
25173,-2.333333333333334,13,-2530.3540755275844,388139
25174,-1.0,8,-2531.3540755275844,388147
25175,-2.666666666666667,19,-2534.020742194251,388166
25176,-2.0,4,-2536.020742194251,388170
25177,2.7333333333333334,16,-2533.287408860918,388186
25178,0.0,2,-2533.287408860918,388188
25179,-14.6,27,-2547.8874088609177,388215
25180,-2.0,3,-2549.8874088609177,388218
25181,2.0,10,-2547.8874088609177,388228
25182,-2.0,7,-2549.8874088609177,388235
25183,3.666666666666667,18,-2546.220742194251,388253
25184,7.0,17,-2539.220742194251,388270
25185,0.0,6,-2539.220742194251,388276
25186,1.0,16,-2538.220742194251,388292
25187,-4.333333333333332,19,-2542.5540755275847,388311
25188,-3.0,3,-2545.5540755275847,388314
25189,3.0,3,-2542.5540755275847,388317
25190,-2.1666666666666665,12,-2544.720742194251,388329
25191,1.3333333333333335,8,-2543.3874088609177,388337
25192,-1.0,4,-2544.3874088609177,388341
25193,-1.0,4,-2545.3874088609177,388345
25194,1.3333333333333333,5,-2544.0540755275842,388350
25195,-3.0,6,-2547.0540755275842,388356
25196,-0.6666666666666667,4,-2547.7207421942508,388360
25197,-0.5,28,-2548.2207421942508,388388
25198,-2.5,10,-2550.7207421942508,388398
25199,0.0,6,-2550.7207421942508,388404
25200,-0.33333333333333326,9,-2551.0540755275842,388413
25201,-4.0,18,-2555.0540755275842,388431
25202,2.0,11,-2553.0540755275842,388442
25203,-2.25,2,-2555.3040755275842,388444
25204,3.666666666666667,22,-2551.6374088609177,388466
25205,1.0,9,-2550.6374088609177,388475
25206,-0.8999999999999999,15,-2551.537408860918,388490
25207,0.0,4,-2551.537408860918,388494
25208,2.0,7,-2549.537408860918,388501
25209,-4.0,4,-2553.537408860918,388505
25210,2.0588235294117645,22,-2551.478585331506,388527
25211,1.0,36,-2550.478585331506,388563
25212,-2.571428571428571,6,-2553.0500139029346,388569
25213,4.2,8,-2548.8500139029347,388577
25214,0.666666666666667,13,-2548.183347236268,388590
25215,3.5,18,-2544.683347236268,388608
25216,1.4999999999999998,10,-2543.183347236268,388618
25217,1.8333333333333333,27,-2541.3500139029347,388645
25218,-2.8333333333333335,25,-2544.183347236268,388670
25219,-2.4871794871794872,12,-2546.670526723448,388682
25220,5.75,12,-2540.920526723448,388694
25221,-1.0,5,-2541.920526723448,388699
25222,2.0,9,-2539.920526723448,388708
25223,0.5,5,-2539.420526723448,388713
25224,-2.357142857142857,20,-2541.7776695805906,388733
25225,-1.25,18,-2543.0276695805906,388751
25226,0.0,3,-2543.0276695805906,388754
25227,0.0,12,-2543.0276695805906,388766
25228,-6.0,18,-2549.0276695805906,388784
25229,2.142857142857143,10,-2546.884812437733,388794
25230,-9.903846153846153,34,-2556.7886585915794,388828
25231,-10.333333333333334,23,-2567.121991924913,388851
25232,1.0,22,-2566.121991924913,388873
25233,2.0,6,-2564.121991924913,388879
25234,5.0,7,-2559.121991924913,388886
25235,-3.3333333333333335,9,-2562.4553252582464,388895
25236,0.0,4,-2562.4553252582464,388899
25237,1.0,6,-2561.4553252582464,388905
25238,1.0,15,-2560.4553252582464,388920
25239,2.888888888888889,19,-2557.5664363693577,388939
25240,-1.0,20,-2558.5664363693577,388959
25241,1.0,20,-2557.5664363693577,388979
25242,2.2,6,-2555.366436369358,388985
25243,-6.0,18,-2561.366436369358,389003
25244,-2.0,17,-2563.366436369358,389020
25245,-5.0,33,-2568.366436369358,389053
25246,-0.4166666666666665,14,-2568.7831030360244,389067
25247,-4.5,56,-2573.2831030360244,389123
25248,-6.666666666666667,17,-2579.949769702691,389140
25249,-1.5,13,-2581.449769702691,389153
25250,-11.0,28,-2592.449769702691,389181
25251,0.0,12,-2592.449769702691,389193
25252,3.0,9,-2589.449769702691,389202
25253,5.0,18,-2584.449769702691,389220
25254,-5.833333333333334,25,-2590.2831030360244,389245
25255,-0.4444444444444444,28,-2590.7275474804687,389273
25256,1.1666666666666665,6,-2589.560880813802,389279
25257,-0.9444444444444444,18,-2590.5053252582466,389297
25258,0.0,6,-2590.5053252582466,389303
25259,2.0,10,-2588.5053252582466,389313
25260,0.5,18,-2588.0053252582466,389331
25261,0.0,8,-2588.0053252582466,389339
25262,2.0,14,-2586.0053252582466,389353
25263,-12.833333333333334,34,-2598.83865859158,389387
25264,0.6666666666666665,21,-2598.1719919249135,389408
25265,2.0,14,-2596.1719919249135,389422
25266,1.0,22,-2595.1719919249135,389444
25267,-1.333333333333333,14,-2596.505325258247,389458
25268,0.0,4,-2596.505325258247,389462
25269,0.0,3,-2596.505325258247,389465
25270,0.16666666666666652,11,-2596.3386585915805,389476
25271,4.0,11,-2592.3386585915805,389487
25272,-1.5,22,-2593.8386585915805,389509
25273,5.166666666666667,36,-2588.671991924914,389545
25274,-3.4,16,-2592.071991924914,389561
25275,-2.3333333333333335,18,-2594.4053252582476,389579
25276,-3.666666666666667,15,-2598.071991924914,389594
25277,0.0,10,-2598.071991924914,389604
25278,0.23888888888888893,32,-2597.833103036025,389636
25279,-4.0,18,-2601.833103036025,389654
25280,1.0,10,-2600.833103036025,389664
25281,-3.566666666666667,21,-2604.3997697026916,389685
25282,-1.0,9,-2605.3997697026916,389694
25283,-1.0,11,-2606.3997697026916,389705
25284,-2.0,15,-2608.3997697026916,389720
25285,3.0,16,-2605.3997697026916,389736
25286,-3.8095238095238093,28,-2609.2092935122155,389764
25287,2.0,23,-2607.2092935122155,389787
25288,-1.0,28,-2608.2092935122155,389815
25289,-2.0,24,-2610.2092935122155,389839
25290,0.0,6,-2610.2092935122155,389845
25291,3.0,9,-2607.2092935122155,389854
25292,2.0,9,-2605.2092935122155,389863
25293,1.0,13,-2604.2092935122155,389876
25294,-0.5,15,-2604.7092935122155,389891
25295,-0.7999999999999998,6,-2605.5092935122157,389897
25296,0.2,2,-2605.309293512216,389899
25297,-2.0,13,-2607.309293512216,389912
25298,1.2,9,-2606.109293512216,389921
25299,0.6666666666666666,5,-2605.4426268455495,389926
25300,1.0,6,-2604.4426268455495,389932
25301,5.0,14,-2599.4426268455495,389946
25302,0.0,22,-2599.4426268455495,389968
25303,0.0,12,-2599.4426268455495,389980
25304,-5.133333333333333,8,-2604.5759601788827,389988
25305,2.0,6,-2602.5759601788827,389994
25306,3.0,24,-2599.5759601788827,390018
25307,2.0,4,-2597.5759601788827,390022
25308,5.033333333333333,37,-2592.5426268455494,390059
25309,-6.333333333333333,14,-2598.875960178883,390073
25310,5.5,18,-2593.375960178883,390091
25311,-4.071428571428571,12,-2597.4473887503113,390103
25312,-2.5,16,-2599.9473887503113,390119
25313,-2.071428571428571,9,-2602.01881732174,390128
25314,-1.0,2,-2603.01881732174,390130
25315,-7.5,34,-2610.51881732174,390164
25316,0.0,19,-2610.51881732174,390183
25317,-4.0,17,-2614.51881732174,390200
25318,-3.0,14,-2617.51881732174,390214
25319,2.15,22,-2615.3688173217397,390236
25320,1.0,31,-2614.3688173217397,390267
25321,-6.857142857142858,32,-2621.2259601788824,390299
25322,-3.0,10,-2624.2259601788824,390309
25323,-3.4,23,-2627.6259601788825,390332
25324,0.5,18,-2627.1259601788825,390350
25325,6.5,30,-2620.6259601788825,390380
25326,3.1666666666666665,10,-2617.459293512216,390390
25327,-6.0,17,-2623.459293512216,390407
25328,3.0,7,-2620.459293512216,390414
25329,-2.0,37,-2622.459293512216,390451
25330,4.0,4,-2618.459293512216,390455
25331,1.0,4,-2617.459293512216,390459
25332,0.0,2,-2617.459293512216,390461
25333,2.1666666666666665,4,-2615.2926268455494,390465
25334,-4.0,13,-2619.2926268455494,390478
25335,-2.6666666666666665,21,-2621.959293512216,390499
25336,-1.0,2,-2622.959293512216,390501
25337,-1.0,3,-2623.959293512216,390504
25338,4.0,11,-2619.959293512216,390515
25339,4.5,30,-2615.459293512216,390545
25340,0.0,27,-2615.459293512216,390572
25341,-1.0,10,-2616.459293512216,390582
25342,-2.0,11,-2618.459293512216,390593
25343,1.0,14,-2617.459293512216,390607
25344,2.0,8,-2615.459293512216,390615
25345,2.5,15,-2612.959293512216,390630
25346,4.5,24,-2608.459293512216,390654
25347,5.2,14,-2603.259293512216,390668
25348,0.0,7,-2603.259293512216,390675
25349,-3.0,17,-2606.259293512216,390692
25350,2.0,9,-2604.259293512216,390701
25351,1.5,8,-2602.759293512216,390709
25352,7.583333333333332,56,-2595.1759601788826,390765
25353,0.16666666666666652,4,-2595.009293512216,390769
25354,3.0,8,-2592.009293512216,390777
25355,3.0,13,-2589.009293512216,390790
25356,0.0,2,-2589.009293512216,390792
25357,0.0,2,-2589.009293512216,390794
25358,-7.711111111111112,31,-2596.7204046233273,390825
25359,-6.5,23,-2603.2204046233273,390848
25360,1.7666666666666666,8,-2601.4537379566605,390856
25361,-1.0,4,-2602.4537379566605,390860
25362,2.7254901960784315,14,-2599.7282477605822,390874
25363,-5.666666666666667,11,-2605.3949144272488,390885
25364,-3.0,6,-2608.3949144272488,390891
25365,-3.0,16,-2611.3949144272488,390907
25366,1.6,8,-2609.794914427249,390915
25367,-1.5909090909090908,16,-2611.385823518158,390931
25368,-4.4,23,-2615.785823518158,390954
25369,2.428571428571429,15,-2613.3572520895864,390969
25370,5.25,12,-2608.1072520895864,390981
25371,-5.8,26,-2613.9072520895866,391007
25372,0.0,4,-2613.9072520895866,391011
25373,-2.0,13,-2615.9072520895866,391024
25374,-1.7999999999999998,29,-2617.7072520895867,391053
25375,3.0,18,-2614.7072520895867,391071
25376,-3.0,14,-2617.7072520895867,391085
25377,-1.0,25,-2618.7072520895867,391110
25378,-2.0,5,-2620.7072520895867,391115
25379,-0.30000000000000004,5,-2621.007252089587,391120
25380,1.0,20,-2620.007252089587,391140
25381,6.0,8,-2614.007252089587,391148
25382,-2.0,8,-2616.007252089587,391156
25383,2.0,8,-2614.007252089587,391164
25384,-1.0,19,-2615.007252089587,391183
25385,-3.166666666666666,17,-2618.1739187562534,391200
25386,2.5,22,-2615.6739187562534,391222
25387,1.0,7,-2614.6739187562534,391229
25388,-4.0,10,-2618.6739187562534,391239
25389,-9.0,24,-2627.6739187562534,391263
25390,-3.0,7,-2630.6739187562534,391270
25391,-2.5,11,-2633.1739187562534,391281
25392,-5.0,9,-2638.1739187562534,391290
25393,3.0,2,-2635.1739187562534,391292
25394,-0.5,15,-2635.6739187562534,391307
25395,0.0,10,-2635.6739187562534,391317
25396,-4.0,11,-2639.6739187562534,391328
25397,1.0,10,-2638.6739187562534,391338
25398,5.0,16,-2633.6739187562534,391354
25399,0.0,14,-2633.6739187562534,391368
25400,0.0,2,-2633.6739187562534,391370
25401,0.0,10,-2633.6739187562534,391380
25402,-1.0,3,-2634.6739187562534,391383
25403,-1.0,4,-2635.6739187562534,391387
25404,5.0,14,-2630.6739187562534,391401
25405,-2.0,5,-2632.6739187562534,391406
25406,-7.666666666666666,10,-2640.34058542292,391416
25407,-2.571428571428571,12,-2642.9120139943484,391428
25408,4.0,23,-2638.9120139943484,391451
25409,-2.0,3,-2640.9120139943484,391454
25410,0.0,2,-2640.9120139943484,391456
25411,0.0,3,-2640.9120139943484,391459
25412,2.0,8,-2638.9120139943484,391467
25413,0.0,2,-2638.9120139943484,391469
25414,-2.0,8,-2640.9120139943484,391477
25415,2.5,9,-2638.4120139943484,391486
25416,-1.0,8,-2639.4120139943484,391494
25417,-0.5,7,-2639.9120139943484,391501
25418,0.0,3,-2639.9120139943484,391504
25419,-0.5,4,-2640.4120139943484,391508
25420,1.7000000000000002,9,-2638.7120139943486,391517
25421,1.8333333333333335,8,-2636.878680661015,391525
25422,0.0,18,-2636.878680661015,391543
25423,1.0,11,-2635.878680661015,391554
25424,1.0,9,-2634.878680661015,391563
25425,-0.33333333333333326,3,-2635.2120139943486,391566
25426,0.3333333333333335,8,-2634.878680661015,391574
25427,1.0,5,-2633.878680661015,391579
25428,8.0,6,-2625.878680661015,391585
25429,-5.833333333333333,8,-2631.7120139943486,391593
25430,-2.0,7,-2633.7120139943486,391600
25431,-1.0,11,-2634.7120139943486,391611
25432,1.0,6,-2633.7120139943486,391617
25433,-1.5,19,-2635.2120139943486,391636
25434,-3.333333333333334,13,-2638.545347327682,391649
25435,4.0,3,-2634.545347327682,391652
25436,0.0,4,-2634.545347327682,391656
25437,4.0,13,-2630.545347327682,391669
25438,4.0,11,-2626.545347327682,391680
25439,4.0,14,-2622.545347327682,391694
25440,-4.0,10,-2626.545347327682,391704
25441,-0.5,10,-2627.045347327682,391714
25442,1.166666666666666,14,-2625.8786806610156,391728
25443,0.0,15,-2625.8786806610156,391743
25444,-4.5,5,-2630.3786806610156,391748
25445,3.1666666666666665,25,-2627.212013994349,391773
25446,2.0,9,-2625.212013994349,391782
25447,-5.8,9,-2631.012013994349,391791
25448,-1.0,3,-2632.012013994349,391794
25449,0.0,9,-2632.012013994349,391803
25450,-2.0,6,-2634.012013994349,391809
25451,-0.25,12,-2634.262013994349,391821
25452,0.0,7,-2634.262013994349,391828
25453,7.1,27,-2627.1620139943493,391855
25454,2.5,24,-2624.6620139943493,391879
25455,2.3333333333333335,25,-2622.328680661016,391904
25456,-5.0,2,-2627.328680661016,391906
25457,1.0,33,-2626.328680661016,391939
25458,13.444444444444443,27,-2612.8842362165715,391966
25459,1.0,14,-2611.8842362165715,391980
25460,4.0,27,-2607.8842362165715,392007
25461,-2.5,9,-2610.3842362165715,392016
25462,0,0,-2610.3842362165715,392016
25463,0,0,-2610.3842362165715,392016
25464,0,0,-2610.3842362165715,392016
25465,-1.333333333333333,15,-2611.717569549905,392031
25466,-1.75,10,-2613.467569549905,392041
25467,4.0,11,-2609.467569549905,392052
25468,-2.525,13,-2611.992569549905,392065
25469,2.6666666666666665,28,-2609.3259028832385,392093
25470,3.0,6,-2606.3259028832385,392099
25471,0.0,4,-2606.3259028832385,392103
25472,-2.0,5,-2608.3259028832385,392108
25473,0.0,8,-2608.3259028832385,392116
25474,-2.0,8,-2610.3259028832385,392124
25475,-1.2666666666666666,14,-2611.5925695499054,392138
25476,-1.0,8,-2612.5925695499054,392146
25477,-3.357142857142857,10,-2615.949712407048,392156
25478,-11.766666666666666,20,-2627.716379073715,392176
25479,-3.5,21,-2631.216379073715,392197
25480,-2.0,11,-2633.216379073715,392208
25481,-2.071428571428571,17,-2635.2878076451434,392225
25482,-0.5,14,-2635.7878076451434,392239
25483,0.16666666666666652,19,-2635.621140978477,392258
25484,-10.0,9,-2645.621140978477,392267
25485,-0.283333333333333,17,-2645.90447431181,392284
25486,-11.651515151515152,18,-2657.555989463325,392302
25487,-1.6666666666666667,11,-2659.2226561299917,392313
25488,-7.6,50,-2666.8226561299916,392363
25489,-0.1904761904761907,33,-2667.013132320468,392396
25490,0.6666666666666667,16,-2666.3464656538013,392412
25491,-7.0,23,-2673.3464656538013,392435
25492,-1.0,11,-2674.3464656538013,392446
25493,-2.2,31,-2676.546465653801,392477
25494,-6.20952380952381,29,-2682.755989463325,392506
25495,-0.5714285714285712,33,-2683.3274180347535,392539
25496,-0.03333333333333299,34,-2683.3607513680868,392573
25497,-1.083333333333333,29,-2684.4440847014203,392602
25498,1.0,6,-2683.4440847014203,392608
25499,-2.5,27,-2685.9440847014203,392635
25500,0.7333333333333334,20,-2685.210751368087,392655
25501,-7.4,17,-2692.610751368087,392672
25502,-11.033333333333333,20,-2703.6440847014205,392692
25503,-3.0,16,-2706.6440847014205,392708
25504,3.857142857142857,15,-2702.786941844278,392723
25505,4.0,14,-2698.786941844278,392737
25506,-9.297101449275363,41,-2708.0840432935533,392778
25507,3.0,3,-2705.0840432935533,392781
25508,2.0,14,-2703.0840432935533,392795
25509,-1.375,22,-2704.4590432935533,392817
25510,1.0,22,-2703.4590432935533,392839
25511,1.5,10,-2701.9590432935533,392849
25512,0.023809523809523725,24,-2701.9352337697437,392873
25513,8.0,10,-2693.9352337697437,392883
25514,0.5,19,-2693.4352337697437,392902
25515,1.1428571428571428,10,-2692.2923766268864,392912
25516,-2.7928571428571427,28,-2695.0852337697434,392940
25517,1.5555555555555554,29,-2693.5296782141877,392969
25518,1.0,8,-2692.5296782141877,392977
25519,0.0,3,-2692.5296782141877,392980
25520,-1.8571428571428572,9,-2694.3868210713304,392989
25521,0.0,17,-2694.3868210713304,393006
25522,-1.1111111111111112,23,-2695.4979321824417,393029
25523,2.0,5,-2693.4979321824417,393034
25524,-4.111111111111111,17,-2697.609043293553,393051
25525,-1.8333333333333333,10,-2699.4423766268865,393061
25526,-1.833333333333333,31,-2701.27570996022,393092
25527,-7.333333333333333,18,-2708.6090432935534,393110
25528,0.0,7,-2708.6090432935534,393117
25529,2.25,13,-2706.3590432935534,393130
25530,-0.4,12,-2706.7590432935535,393142
25531,-1.0,10,-2707.7590432935535,393152
25532,-0.5,4,-2708.2590432935535,393156
25533,-3.0,7,-2711.2590432935535,393163
25534,-4.0,13,-2715.2590432935535,393176
25535,2.155555555555556,16,-2713.103487737998,393192
25536,-6.5,20,-2719.603487737998,393212
25537,-6.0,8,-2725.603487737998,393220
25538,4.5,25,-2721.103487737998,393245
25539,-3.5,13,-2724.603487737998,393258
25540,1.3333333333333333,22,-2723.2701544046645,393280
25541,4.0,11,-2719.2701544046645,393291
25542,-1.3333333333333333,15,-2720.603487737998,393306
25543,-1.6666666666666667,17,-2722.2701544046645,393323
25544,-3.0,12,-2725.2701544046645,393335
25545,1.0,9,-2724.2701544046645,393344
25546,1.0,23,-2723.2701544046645,393367
25547,6.0,28,-2717.2701544046645,393395
25548,0.0,5,-2717.2701544046645,393400
25549,-0.5,8,-2717.7701544046645,393408
25550,1.5,9,-2716.2701544046645,393417
25551,-1.0,6,-2717.2701544046645,393423
25552,3.5,15,-2713.7701544046645,393438
25553,0.0,4,-2713.7701544046645,393442
25554,-2.1666666666666665,18,-2715.936821071331,393460
25555,0.0,6,-2715.936821071331,393466
25556,0.0,5,-2715.936821071331,393471
25557,-1.0,8,-2716.936821071331,393479
25558,-1.3333333333333333,6,-2718.2701544046645,393485
25559,4.0,3,-2714.2701544046645,393488
25560,1.0,6,-2713.2701544046645,393494
25561,-0.5,8,-2713.7701544046645,393502
25562,-1.3333333333333333,10,-2715.103487737998,393512
25563,-2.4,5,-2717.503487737998,393517
25564,-2.0,5,-2719.503487737998,393522
25565,-2.1666666666666665,9,-2721.6701544046646,393531
25566,-1.8,21,-2723.4701544046648,393552
25567,-8.928571428571429,14,-2732.3987258332363,393566
25568,-2.0,22,-2734.3987258332363,393588
25569,0.16666666666666674,10,-2734.23205916657,393598
25570,-2.633333333333333,22,-2736.865392499903,393620
25571,-2.0,10,-2738.865392499903,393630
25572,-1.0,6,-2739.865392499903,393636
25573,-0.5,9,-2740.365392499903,393645
25574,0.5,7,-2739.865392499903,393652
25575,1.7000000000000002,5,-2738.165392499903,393657
25576,17.333333333333332,34,-2720.8320591665697,393691
25577,-3.4000000000000004,18,-2724.23205916657,393709
25578,0.0,2,-2724.23205916657,393711
25579,-1.0,9,-2725.23205916657,393720
25580,-1.0,11,-2726.23205916657,393731
25581,-3.0,2,-2729.23205916657,393733
25582,1.0,10,-2728.23205916657,393743
25583,0.0,5,-2728.23205916657,393748
25584,2.0,21,-2726.23205916657,393769
25585,-0.6666666666666665,20,-2726.8987258332363,393789
25586,-3.0,15,-2729.8987258332363,393804
25587,-1.5,9,-2731.3987258332363,393813
25588,4.0,20,-2727.3987258332363,393833
25589,-2.0,7,-2729.3987258332363,393840
25590,3.0,6,-2726.3987258332363,393846
25591,0.0,1,-2726.3987258332363,393847
25592,0.0,5,-2726.3987258332363,393852
25593,1.0,11,-2725.3987258332363,393863
25594,1.0,5,-2724.3987258332363,393868
25595,3.892857142857143,20,-2720.505868690379,393888
25596,-4.0,17,-2724.505868690379,393905
25597,0.3333333333333333,3,-2724.1725353570455,393908
25598,4.2,14,-2719.9725353570457,393922
25599,1.5,25,-2718.4725353570457,393947
25600,-0.6666666666666666,9,-2719.139202023712,393956
25601,-6.0,12,-2725.139202023712,393968
25602,-10.071428571428571,40,-2735.2106305951406,394008
25603,0.75,13,-2734.4606305951406,394021
25604,1.0,16,-2733.4606305951406,394037
25605,0.0,6,-2733.4606305951406,394043
25606,-2.0,3,-2735.4606305951406,394046
25607,0.0,4,-2735.4606305951406,394050
25608,-1.75,15,-2737.2106305951406,394065
25609,-3.0,3,-2740.2106305951406,394068
25610,-2.25,2,-2742.4606305951406,394070
25611,-3.0,3,-2745.4606305951406,394073
25612,1.4285714285714286,3,-2744.032059166569,394076
25613,-1.0,9,-2745.032059166569,394085
25614,0.0,3,-2745.032059166569,394088
25615,1.5,27,-2743.532059166569,394115
25616,6.5,10,-2737.032059166569,394125
25617,-2.0,11,-2739.032059166569,394136
25618,-5.0,14,-2744.032059166569,394150
25619,1.6,13,-2742.432059166569,394163
25620,-2.333333333333333,3,-2744.7653924999026,394166
25621,2.428571428571429,4,-2742.336821071331,394170
25622,2.0,9,-2740.336821071331,394179
25623,5.961904761904762,15,-2734.374916309426,394194
25624,2.125,4,-2732.249916309426,394198
25625,0.0,1,-2732.249916309426,394199
25626,5.545454545454545,7,-2726.7044617639717,394206
25627,-2.083333333333333,9,-2728.787795097305,394215
25628,2.2,5,-2726.5877950973054,394220
25629,-1.8,10,-2728.3877950973056,394230
25630,0.0,5,-2728.3877950973056,394235
25631,1.5454545454545454,14,-2726.842340551851,394249
25632,0.0,4,-2726.842340551851,394253
25633,-4.054545454545454,53,-2730.8968860063965,394306
25634,-8.633333333333333,17,-2739.5302193397297,394323
25635,-1.8095238095238095,12,-2741.3397431492535,394335
25636,-5.0,16,-2746.3397431492535,394351
25637,5.2,16,-2741.1397431492537,394367
25638,2.0,4,-2739.1397431492537,394371
25639,1.0454545454545454,20,-2738.094288603799,394391
25640,0.0,8,-2738.094288603799,394399
25641,1.5,26,-2736.594288603799,394425
25642,4.0,4,-2732.594288603799,394429
25643,1.2000000000000002,13,-2731.3942886037994,394442
25644,-2.8095238095238093,23,-2734.2038124133232,394465
25645,-5.0,2,-2739.2038124133232,394467
25646,2.0,27,-2737.2038124133232,394494
25647,-2.5,15,-2739.7038124133232,394509
25648,-1.333333333333333,18,-2741.0371457466567,394527
25649,-2.0833333333333335,19,-2743.12047907999,394546
25650,6.5,19,-2736.62047907999,394565
25651,0.0,4,-2736.62047907999,394569
25652,0.5,12,-2736.12047907999,394581
25653,10.0,11,-2726.12047907999,394592
25654,4.416666666666667,37,-2721.7038124133237,394629
25655,0.2,18,-2721.503812413324,394647
25656,2.0,31,-2719.503812413324,394678
25657,1.0,14,-2718.503812413324,394692
25658,2.5,15,-2716.003812413324,394707
25659,11.256410256410257,30,-2704.7474021569137,394737
25660,0.5,42,-2704.2474021569137,394779
25661,-1.0,14,-2705.2474021569137,394793
25662,0.0,3,-2705.2474021569137,394796
25663,-1.0,5,-2706.2474021569137,394801
25664,-3.9411764705882355,21,-2710.188578627502,394822
25665,-7.0,18,-2717.188578627502,394840
25666,3.7142857142857144,33,-2713.4742929132162,394873
25667,-0.11111111111111072,36,-2713.5854040243275,394909
25668,0.5,15,-2713.0854040243275,394924
25669,5.05,18,-2708.0354040243274,394942
25670,-3.0,32,-2711.0354040243274,394974
25671,4.333333333333333,23,-2706.702070690994,394997
25672,2.5,25,-2704.202070690994,395022
25673,-2.666666666666667,42,-2706.8687373576604,395064
25674,0.0,34,-2706.8687373576604,395098
25675,2.0,14,-2704.8687373576604,395112
25676,-0.5,8,-2705.3687373576604,395120
25677,-2.0,18,-2707.3687373576604,395138
25678,15.666666666666666,31,-2691.702070690994,395169
25679,-0.5,35,-2692.202070690994,395204
25680,-2.7857142857142856,36,-2694.987784976708,395240
25681,1.0588235294117647,18,-2693.9289614472964,395258
25682,-6.0,20,-2699.9289614472964,395278
25683,0.5666666666666664,30,-2699.36229478063,395308
25684,-1.8333333333333335,13,-2701.1956281139633,395321
25685,-0.16666666666666652,25,-2701.36229478063,395346
25686,3.466666666666667,20,-2697.895628113963,395366
25687,-5.0,17,-2702.895628113963,395383
25688,-3.0,30,-2705.895628113963,395413
25689,-6.0,8,-2711.895628113963,395421
25690,-3.0,8,-2714.895628113963,395429
25691,-0.5,17,-2715.395628113963,395446
25692,0,0,-2715.395628113963,395446
25693,0,0,-2715.395628113963,395446
25694,-1.25,5,-2716.645628113963,395451
25695,-12.683333333333334,52,-2729.3289614472965,395503
25696,-1.0,5,-2730.3289614472965,395508
25697,5.0,5,-2725.3289614472965,395513
25698,-7.2,24,-2732.5289614472963,395537
25699,-9.37142857142857,23,-2741.900390018725,395560
25700,1.7454545454545456,44,-2740.1549354732706,395604
25701,0.8333333333333334,29,-2739.321602139937,395633
25702,-2.666666666666667,42,-2741.9882688066036,395675
25703,-5.0,23,-2746.9882688066036,395698
25704,4.0,13,-2742.9882688066036,395711
25705,0.0,22,-2742.9882688066036,395733
25706,-2.133333333333333,22,-2745.121602139937,395755
25707,-0.0714285714285714,28,-2745.1930307113653,395783
25708,4.5,17,-2740.6930307113653,395800
25709,2.0,10,-2738.6930307113653,395810
25710,0.11111111111111116,11,-2738.581919600254,395821
25711,1.0,18,-2737.581919600254,395839
25712,0.0,4,-2737.581919600254,395843
25713,0.5,16,-2737.081919600254,395859
25714,6.333333333333333,20,-2730.7485862669205,395879
25715,-4.5,20,-2735.2485862669205,395899
25716,-2.0,10,-2737.2485862669205,395909
25717,0.0,18,-2737.2485862669205,395927
25718,2.0,4,-2735.2485862669205,395931
25719,2.0,8,-2733.2485862669205,395939
25720,1.0,8,-2732.2485862669205,395947
25721,-1.75,14,-2733.9985862669205,395961
25722,-2.0,15,-2735.9985862669205,395976
25723,1.0,8,-2734.9985862669205,395984
25724,1.5,10,-2733.4985862669205,395994
25725,3.0,15,-2730.4985862669205,396009
25726,-2.0,5,-2732.4985862669205,396014
25727,4.111111111111111,9,-2728.387475155809,396023
25728,0.0,9,-2728.387475155809,396032
25729,2.0,17,-2726.387475155809,396049
25730,-4.0,9,-2730.387475155809,396058
25731,-5.130434782608695,28,-2735.5179099384177,396086
25732,-0.871428571428571,16,-2736.3893385098463,396102
25733,-0.9411764705882353,5,-2737.3305149804346,396107
25734,-2.0,7,-2739.3305149804346,396114
25735,2.25,35,-2737.0805149804346,396149
25736,-3.0,8,-2740.0805149804346,396157
25737,-0.2999999999999998,30,-2740.380514980435,396187
25738,-0.33333333333333337,8,-2740.7138483137683,396195
25739,0,0,-2740.7138483137683,396195
25740,0,0,-2740.7138483137683,396195
25741,0,0,-2740.7138483137683,396195
25742,-6.0,32,-2746.7138483137683,396227
25743,-9.941176470588236,14,-2756.6550247843566,396241
25744,5.166666666666666,20,-2751.48835811769,396261
25745,0.0,5,-2751.48835811769,396266
25746,10.916666666666668,26,-2740.5716914510235,396292
25747,4.5,20,-2736.0716914510235,396312
25748,-1.833333333333334,38,-2737.905024784357,396350
25749,-0.03333333333333366,9,-2737.9383581176903,396359
25750,-0.3999999999999999,20,-2738.3383581176904,396379
25751,9.0,20,-2729.3383581176904,396399
25752,4.0,13,-2725.3383581176904,396412
25753,4.055555555555555,46,-2721.2828025621347,396458
25754,-2.166666666666666,27,-2723.4494692288013,396485
25755,4.0,14,-2719.4494692288013,396499
25756,-3.0,11,-2722.4494692288013,396510
25757,1.5362318840579716,43,-2720.9132373447433,396553
25758,-2.5,17,-2723.4132373447433,396570
25759,1.0,26,-2722.4132373447433,396596
25760,0.1428571428571428,28,-2722.270380201886,396624
25761,-4.8,14,-2727.070380201886,396638
25762,-7.9,15,-2734.970380201886,396653
25763,0.0,2,-2734.970380201886,396655
25764,0.0,2,-2734.970380201886,396657
25765,-5.111111111111111,20,-2740.0814913129975,396677
25766,-2.0,12,-2742.0814913129975,396689
25767,0.5,14,-2741.5814913129975,396703
25768,-1.0,8,-2742.5814913129975,396711
25769,2.0,8,-2740.5814913129975,396719
25770,3.428571428571429,18,-2737.152919884426,396737
25771,-3.0,16,-2740.152919884426,396753
25772,1.619047619047619,17,-2738.5338722653782,396770
25773,0.5,11,-2738.0338722653782,396781
25774,0.0,30,-2738.0338722653782,396811
25775,3.0,7,-2735.0338722653782,396818
25776,1.0,11,-2734.0338722653782,396829
25777,1.0,10,-2733.0338722653782,396839
25778,0.0,22,-2733.0338722653782,396861
25779,6.25,43,-2726.7838722653782,396904
25780,-1.0,6,-2727.7838722653782,396910
25781,0.0,9,-2727.7838722653782,396919
25782,-0.06666666666666665,20,-2727.850538932045,396939
25783,0.916666666666667,25,-2726.9338722653783,396964
25784,-1.0,8,-2727.9338722653783,396972
25785,-1.4666666666666666,25,-2729.400538932045,396997
25786,7.933333333333333,19,-2721.4672055987116,397016
25787,0.7666666666666666,36,-2720.7005389320448,397052
25788,-7.533333333333333,17,-2728.233872265378,397069
25789,-2.3,20,-2730.5338722653782,397089
25790,1.0,29,-2729.5338722653782,397118
25791,0.0,14,-2729.5338722653782,397132
25792,0.875,26,-2728.6588722653782,397158
25793,1.0,11,-2727.6588722653782,397169
25794,-0.3999999999999999,11,-2728.0588722653783,397180
25795,-0.16666666666666696,22,-2728.225538932045,397202
25796,-5.75,26,-2733.975538932045,397228
25797,1.0,19,-2732.975538932045,397247
25798,-2.5,23,-2735.475538932045,397270
25799,-1.0,2,-2736.475538932045,397272
25800,1.0,24,-2735.475538932045,397296
25801,-4.0,14,-2739.475538932045,397310
25802,3.5,17,-2735.975538932045,397327
25803,0.666666666666667,26,-2735.3088722653783,397353
25804,0.0,10,-2735.3088722653783,397363
25805,-2.0,12,-2737.3088722653783,397375
25806,-4.333333333333334,12,-2741.642205598712,397387
25807,0.666666666666667,22,-2740.9755389320453,397409
25808,-0.8,10,-2741.7755389320455,397419
25809,-6.0,5,-2747.7755389320455,397424
25810,-0.3333333333333335,12,-2748.108872265379,397436
25811,-4.3,23,-2752.408872265379,397459
25812,2.0,7,-2750.408872265379,397466
25813,-10.8,36,-2761.2088722653793,397502
25814,1.2,27,-2760.0088722653795,397529
25815,0.0,13,-2760.0088722653795,397542
25816,4.142857142857142,28,-2755.866015122522,397570
25817,0.3333333333333335,35,-2755.5326817891887,397605
25818,2.0,39,-2753.5326817891887,397644
25819,8.11111111111111,20,-2745.4215706780774,397664
25820,0.5454545454545454,32,-2744.876116132623,397696
25821,-2.9,30,-2747.776116132623,397726
25822,-5.0,43,-2752.776116132623,397769
25823,2.0,11,-2750.776116132623,397780
25824,5.2,17,-2745.576116132623,397797
25825,-3.0,37,-2748.576116132623,397834
25826,-4.0,10,-2752.576116132623,397844
25827,11.666666666666666,32,-2740.9094494659566,397876
25828,1.0,10,-2739.9094494659566,397886
25829,0.25,19,-2739.6594494659566,397905
25830,-2.9411764705882355,11,-2742.600625936545,397916
25831,-0.6666666666666667,5,-2743.2672926032114,397921
25832,5.083333333333333,26,-2738.183959269878,397947
25833,5.0,33,-2733.183959269878,397980
25834,-1.25,21,-2734.433959269878,398001
25835,5.1,28,-2729.333959269878,398029
25836,0.0,4,-2729.333959269878,398033
25837,-2.1999999999999997,26,-2731.533959269878,398059
25838,0.0,20,-2731.533959269878,398079
25839,3.0,24,-2728.533959269878,398103
25840,-8.085714285714285,28,-2736.6196735555923,398131
25841,7.0,20,-2729.6196735555923,398151
25842,0.0,29,-2729.6196735555923,398180
25843,-1.166666666666666,24,-2730.786340222259,398204
25844,1.7000000000000002,12,-2729.086340222259,398216
25845,-2.142857142857144,42,-2731.2291973651163,398258
25846,0.5,16,-2730.7291973651163,398274
25847,2.012820512820513,40,-2728.716376852296,398314
25848,-2.166666666666667,27,-2730.8830435189625,398341
25849,4.0,15,-2726.8830435189625,398356
25850,4.123809523809523,21,-2722.759233995153,398377
25851,-5.066666666666666,41,-2727.8259006618196,398418
25852,2.0,25,-2725.8259006618196,398443
25853,13.083333333333332,24,-2712.742567328486,398467
25854,-2.0,11,-2714.742567328486,398478
25855,1.8333333333333335,37,-2712.9092339951526,398515
25856,-4.333333333333333,18,-2717.242567328486,398533
25857,-1.8333333333333333,14,-2719.0759006618196,398547
25858,-1.0,10,-2720.0759006618196,398557
25859,-0.16666666666666652,16,-2720.242567328486,398573
25860,4.366666666666667,28,-2715.8759006618193,398601
25861,-4.55,43,-2720.4259006618195,398644
25862,6.0,23,-2714.4259006618195,398667
25863,-2.0,41,-2716.4259006618195,398708
25864,-2.0,11,-2718.4259006618195,398719
25865,-1.3333333333333333,7,-2719.759233995153,398726
25866,2.666666666666667,16,-2717.0925673284864,398742
25867,-5.2,24,-2722.2925673284863,398766
25868,-6.0,11,-2728.2925673284863,398777
25869,-2.357142857142857,32,-2730.649710185629,398809
25870,-5.0,32,-2735.649710185629,398841
25871,0.3333333333333335,11,-2735.3163768522954,398852
25872,2.5,19,-2732.8163768522954,398871
25873,0.0,5,-2732.8163768522954,398876
25874,1.0,18,-2731.8163768522954,398894
25875,-9.444444444444445,32,-2741.26082129674,398926
25876,0.0588235294117645,28,-2741.201997767328,398954
25877,-14.60873015873016,36,-2755.810727926058,398990
25878,-1.0,11,-2756.810727926058,399001
25879,3.0,7,-2753.810727926058,399008
25880,0.0,20,-2753.810727926058,399028
25881,-1.0,13,-2754.810727926058,399041
25882,0.0,7,-2754.810727926058,399048
25883,-2.0,10,-2756.810727926058,399058
25884,-1.5,26,-2758.310727926058,399084
25885,-2.0,5,-2760.310727926058,399089
25886,0.7999999999999998,17,-2759.510727926058,399106
25887,5.611111111111111,27,-2753.8996168149465,399133
25888,2.6666666666666665,23,-2751.23295014828,399156
25889,0.0,1,-2751.23295014828,399157
25890,-1.5,15,-2752.73295014828,399172
25891,-8.383333333333333,65,-2761.116283481613,399237
25892,1.0,8,-2760.116283481613,399245
25893,-2.0,6,-2762.116283481613,399251
25894,-4.0,7,-2766.116283481613,399258
25895,-4.0,12,-2770.116283481613,399270
25896,-7.5,26,-2777.616283481613,399296
25897,7.0,23,-2770.616283481613,399319
25898,-3.0,6,-2773.616283481613,399325
25899,-1.25,6,-2774.866283481613,399331
25900,9.0,14,-2765.866283481613,399345
25901,5.083333333333333,35,-2760.7829501482797,399380
25902,7.5,10,-2753.2829501482797,399390
25903,-1.5,37,-2754.7829501482797,399427
25904,1.0,25,-2753.7829501482797,399452
25905,0.0,16,-2753.7829501482797,399468
25906,1.583333333333334,56,-2752.1996168149462,399524
25907,1.8333333333333333,12,-2750.3662834816128,399536
25908,1.5,20,-2748.8662834816128,399556
25909,-4.5,27,-2753.3662834816128,399583
25910,-1.0,5,-2754.3662834816128,399588
25911,-0.25,13,-2754.6162834816128,399601
25912,4.0,19,-2750.6162834816128,399620
25913,1.0,12,-2749.6162834816128,399632
25914,11.0,13,-2738.6162834816128,399645
25915,2.6666666666666665,13,-2735.9496168149462,399658
25916,3.0,8,-2732.9496168149462,399666
25917,-1.3,17,-2734.2496168149464,399683
25918,1.5,24,-2732.7496168149464,399707
25919,-5.033333333333333,17,-2737.7829501482797,399724
25920,9.0,23,-2728.7829501482797,399747
25921,-0.5714285714285714,16,-2729.354378719708,399763
25922,-2.0,6,-2731.354378719708,399769
25923,2.0,10,-2729.354378719708,399779
25924,2.0,6,-2727.354378719708,399785
25925,5.0,23,-2722.354378719708,399808
25926,4.0,18,-2718.354378719708,399826
25927,7.333333333333334,7,-2711.0210453863747,399833
25928,-0.19047619047619047,10,-2711.211521576851,399843
25929,-1.0,5,-2712.211521576851,399848
25930,8.142857142857142,19,-2704.0686644339935,399867
25931,1.1428571428571428,12,-2702.925807291136,399879
25932,2.5,32,-2700.425807291136,399911
25933,2.25,20,-2698.175807291136,399931
25934,7.0,17,-2691.175807291136,399948
25935,3.0,4,-2688.175807291136,399952
25936,2.5,10,-2685.675807291136,399962
25937,6.166666666666666,26,-2679.5091406244696,399988
25938,3.0,8,-2676.5091406244696,399996
25939,-0.6666666666666665,37,-2677.175807291136,400033
25940,5.5,26,-2671.675807291136,400059
25941,2.666666666666667,20,-2669.0091406244696,400079
25942,3.0,5,-2666.0091406244696,400084
25943,3.0,11,-2663.0091406244696,400095
25944,3.0,8,-2660.0091406244696,400103
25945,7.5,26,-2652.5091406244696,400129
25946,-0.9411764705882353,20,-2653.450317095058,400149
25947,-2.0,10,-2655.450317095058,400159
25948,-3.333333333333333,20,-2658.7836504283914,400179
25949,5.5,38,-2653.2836504283914,400217
25950,-4.5,27,-2657.7836504283914,400244
25951,-0.6666666666666667,23,-2658.450317095058,400267
25952,-7.833333333333333,50,-2666.2836504283914,400317
25953,3.1666666666666665,23,-2663.116983761725,400340
25954,-1.0,4,-2664.116983761725,400344
25955,1.0,16,-2663.116983761725,400360
25956,7.0,18,-2656.116983761725,400378
25957,-12.0,27,-2668.116983761725,400405
25958,-3.666666666666667,11,-2671.7836504283914,400416
25959,1.5,35,-2670.2836504283914,400451
25960,0.0,1,-2670.2836504283914,400452
25961,2.0,25,-2668.2836504283914,400477
25962,1.0,15,-2667.2836504283914,400492
25963,0.0,3,-2667.2836504283914,400495
25964,14.4,26,-2652.8836504283913,400521
25965,-0.3333333333333335,19,-2653.216983761725,400540
25966,-2.3333333333333335,5,-2655.5503170950583,400545
25967,2.0,9,-2653.5503170950583,400554
25968,-5.111111111111111,8,-2658.6614282061696,400562
25969,-1.333333333333333,12,-2659.994761539503,400574
25970,-1.4,22,-2661.394761539503,400596
25971,-3.0,6,-2664.394761539503,400602
25972,-1.5,24,-2665.894761539503,400626
25973,-1.5833333333333335,27,-2667.4780948728367,400653
25974,-1.0,9,-2668.4780948728367,400662
25975,-4.0,16,-2672.4780948728367,400678
25976,5.333333333333333,24,-2667.144761539503,400702
25977,0.0,16,-2667.144761539503,400718
25978,-1.5,18,-2668.644761539503,400736
25979,0.8999999999999997,9,-2667.744761539503,400745
25980,3.0,18,-2664.744761539503,400763
25981,0.0,3,-2664.744761539503,400766
25982,3.5,16,-2661.244761539503,400782
25983,5.261904761904762,28,-2655.9828567775985,400810
25984,1.0666666666666664,19,-2654.916190110932,400829
25985,-2.0,7,-2656.916190110932,400836
25986,1.0,7,-2655.916190110932,400843
25987,3.0,20,-2652.916190110932,400863
25988,3.0,11,-2649.916190110932,400874
25989,5.0,16,-2644.916190110932,400890
25990,0.0,4,-2644.916190110932,400894
25991,-5.0,9,-2649.916190110932,400903
25992,-2.0,5,-2651.916190110932,400908
25993,-3.0,12,-2654.916190110932,400920
25994,3.0,27,-2651.916190110932,400947
25995,0.0,12,-2651.916190110932,400959
25996,-5.0,10,-2656.916190110932,400969
25997,1.0,11,-2655.916190110932,400980
25998,-1.5714285714285714,8,-2657.4876186823603,400988
25999,-1.5714285714285714,9,-2659.059047253789,400997
26000,-13.583333333333332,41,-2672.6423805871223,401038
26001,0.6666666666666667,24,-2671.9757139204557,401062
26002,-2.2,18,-2674.1757139204556,401080
26003,0.0,34,-2674.1757139204556,401114
26004,1.4285714285714286,10,-2672.747142491884,401124
26005,-7.333333333333333,13,-2680.0804758252175,401137
26006,-5.383333333333334,32,-2685.4638091585507,401169
26007,0.0,1,-2685.4638091585507,401170
26008,0.0,3,-2685.4638091585507,401173
26009,6.2,6,-2679.263809158551,401179
26010,0.0,1,-2679.263809158551,401180
26011,-1.0,19,-2680.263809158551,401199
26012,-0.2999999999999998,12,-2680.563809158551,401211
26013,1.0,15,-2679.563809158551,401226
26014,-5.912698412698413,18,-2685.4765075712494,401244
26015,-2.0,2,-2687.4765075712494,401246
26016,-3.3333333333333335,8,-2690.809840904583,401254
26017,-0.5,6,-2691.309840904583,401260
26018,1.0,11,-2690.309840904583,401271
26019,1.0,12,-2689.309840904583,401283
26020,3.0,13,-2686.309840904583,401296
26021,-12.2,20,-2698.5098409045827,401316
26022,0.0,1,-2698.5098409045827,401317
26023,1.0,8,-2697.5098409045827,401325
26024,0.0,1,-2697.5098409045827,401326
26025,-2.0,5,-2699.5098409045827,401331
26026,5.0,18,-2694.5098409045827,401349
26027,6.0,18,-2688.5098409045827,401367
26028,-9.333333333333334,26,-2697.843174237916,401393
26029,1.5,6,-2696.343174237916,401399
26030,2.0,5,-2694.343174237916,401404
26031,0.0,4,-2694.343174237916,401408
26032,0.06666666666666643,17,-2694.2765075712496,401425
26033,-2.9444444444444446,24,-2697.220952015694,401449
26034,-10.333333333333334,34,-2707.5542853490274,401483
26035,-4.1,12,-2711.6542853490273,401495
26036,-7.083333333333333,18,-2718.737618682361,401513
26037,-6.8,17,-2725.537618682361,401530
26038,-6.0,23,-2731.537618682361,401553
26039,-11.0,18,-2742.537618682361,401571
26040,-4.009803921568627,16,-2746.5474226039296,401587
26041,-7.651493930905696,57,-2754.1989165348355,401644
26042,1.0,7,-2753.1989165348355,401651
26043,-2.3571428571428568,32,-2755.556059391978,401683
26044,0.0,15,-2755.556059391978,401698
26045,-5.5,20,-2761.056059391978,401718
26046,1.8928571428571428,13,-2759.163202249121,401731
26047,-1.8571428571428572,14,-2761.0203451062634,401745
26048,-7.0,13,-2768.0203451062634,401758
26049,-3.0,21,-2771.0203451062634,401779
26050,2.833333333333334,28,-2768.18701177293,401807
26051,0.1428571428571428,11,-2768.0441546300726,401818
26052,-1.0,15,-2769.0441546300726,401833
26053,-12.1,41,-2781.1441546300725,401874
26054,-0.666666666666667,17,-2781.810821296739,401891
26055,-9.571428571428571,37,-2791.3822498681675,401928
26056,-12.4,30,-2803.7822498681676,401958
26057,5.6000000000000005,33,-2798.1822498681677,401991
26058,-1.0,8,-2799.1822498681677,401999
26059,-2.8,18,-2801.982249868168,402017
26060,0.0,11,-2801.982249868168,402028
26061,2.0,10,-2799.982249868168,402038
26062,0.0,9,-2799.982249868168,402047
26063,0.0,11,-2799.982249868168,402058
26064,5.2,17,-2794.782249868168,402075
26065,-9.0,19,-2803.782249868168,402094
26066,0.8571428571428572,6,-2802.9251070110254,402100
26067,1.866666666666667,26,-2801.0584403443586,402126
26068,0.0,4,-2801.0584403443586,402130
26069,-10.015873015873016,47,-2811.074313360232,402177
26070,0.0,8,-2811.074313360232,402185
26071,2.0,4,-2809.074313360232,402189
26072,3.4,40,-2805.6743133602317,402229
26073,2.142857142857143,9,-2803.5314562173744,402238
26074,0.0,4,-2803.5314562173744,402242
26075,-5.285714285714286,34,-2808.8171705030886,402276
26076,-5.0,27,-2813.8171705030886,402303
26077,-3.5,27,-2817.3171705030886,402330
26078,-0.5,13,-2817.8171705030886,402343
26079,-7.5,17,-2825.3171705030886,402360
26080,-1.0,8,-2826.3171705030886,402368
26081,-2.4545454545454546,27,-2828.771715957634,402395
26082,4.666666666666667,14,-2824.1050492909676,402409
26083,1.3333333333333333,11,-2822.771715957634,402420
26084,-4.804761904761905,24,-2827.576477862396,402444
26085,-8.45,35,-2836.026477862396,402479
26086,-3.0,20,-2839.026477862396,402499
26087,-5.0,18,-2844.026477862396,402517
26088,2.0,8,-2842.026477862396,402525
26089,4.166666666666667,24,-2837.8598111957294,402549
26090,-4.5,21,-2842.3598111957294,402570
26091,-5.333333333333334,20,-2847.693144529063,402590
26092,-3.0,3,-2850.693144529063,402593
26093,-1.0,2,-2851.693144529063,402595
26094,2.0,4,-2849.693144529063,402599
26095,4.0,12,-2845.693144529063,402611
26096,-1.0,29,-2846.693144529063,402640
26097,1.2,21,-2845.493144529063,402661
26098,-5.4,9,-2850.893144529063,402670
26099,-7.0,15,-2857.893144529063,402685
26100,-3.0,30,-2860.893144529063,402715
26101,0.25,16,-2860.643144529063,402731
26102,-1.3333333333333333,16,-2861.9764778623967,402747
26103,-1.5,37,-2863.4764778623967,402784
26104,-1.3333333333333335,9,-2864.80981119573,402793
26105,0.0,1,-2864.80981119573,402794
26106,0.0,1,-2864.80981119573,402795
26107,0.0,1,-2864.80981119573,402796
26108,0.3785714285714288,6,-2864.431239767159,402802
26109,0.8,48,-2863.6312397671586,402850
26110,4.0,16,-2859.6312397671586,402866
26111,-3.1500000000000004,53,-2862.7812397671587,402919
26112,4.0,13,-2858.7812397671587,402932
26113,0.0,2,-2858.7812397671587,402934
26114,1.0,7,-2857.7812397671587,402941
26115,0.0,4,-2857.7812397671587,402945
26116,0.0,1,-2857.7812397671587,402946
26117,-0.033333333333333215,25,-2857.814573100492,402971
26118,-11.0,35,-2868.814573100492,403006
26119,0.0,4,-2868.814573100492,403010
26120,1.0,10,-2867.814573100492,403020
26121,0.0,4,-2867.814573100492,403024
26122,1.0,4,-2866.814573100492,403028
26123,-0.6666666666666667,5,-2867.4812397671585,403033
26124,-1.0,1,-2868.4812397671585,403034
26125,1.0,3,-2867.4812397671585,403037
26126,0.0,4,-2867.4812397671585,403041
26127,-1.0,6,-2868.4812397671585,403047
26128,0.0,4,-2868.4812397671585,403051
26129,0.6,10,-2867.8812397671586,403061
26130,-6.2,9,-2874.0812397671584,403070
26131,0.0,9,-2874.0812397671584,403079
26132,-5.857142857142858,21,-2879.938382624301,403100
26133,2.142857142857143,12,-2877.7955254814437,403112
26134,1.1428571428571428,5,-2876.6526683385864,403117
26135,-1.5,13,-2878.1526683385864,403130
26136,-2.357142857142857,15,-2880.509811195729,403145
26137,3.0,25,-2877.509811195729,403170
26138,1.6428571428571428,24,-2875.8669540528717,403194
26139,0,0,-2875.8669540528717,403194
26140,0,0,-2875.8669540528717,403194
26141,0,0,-2875.8669540528717,403194
26142,0.5,6,-2875.3669540528717,403200
26143,-5.0,10,-2880.3669540528717,403210
26144,-2.3333333333333335,13,-2882.700287386205,403223
26145,0.0,4,-2882.700287386205,403227
26146,5.0,6,-2877.700287386205,403233
26147,0.0,6,-2877.700287386205,403239
26148,-10.066666666666666,25,-2887.766954052872,403264
26149,2.2619047619047623,39,-2885.5050492909672,403303
26150,0.0,5,-2885.5050492909672,403308
26151,-7.0,16,-2892.5050492909672,403324
26152,-4.0,20,-2896.5050492909672,403344
26153,-3.9411764705882355,17,-2900.4462257615555,403361
26154,-6.071428571428571,9,-2906.517654332984,403370
26155,1.0,7,-2905.517654332984,403377
26156,0.0,4,-2905.517654332984,403381
26157,-4.5,17,-2910.017654332984,403398
26158,-1.0,6,-2911.017654332984,403404
26159,-1.0,6,-2912.017654332984,403410
26160,-8.257142857142856,24,-2920.2747971901267,403434
26161,0.6761904761904765,9,-2919.598606713936,403443
26162,-6.5,16,-2926.098606713936,403459
26163,0.0,10,-2926.098606713936,403469
26164,2.0,8,-2924.098606713936,403477
26165,-1.5,5,-2925.598606713936,403482
26166,6.0,19,-2919.598606713936,403501
26167,-4.0,26,-2923.598606713936,403527
26168,-4.0,5,-2927.598606713936,403532
26169,0.0,6,-2927.598606713936,403538
26170,0.0,1,-2927.598606713936,403539
26171,0.0,1,-2927.598606713936,403540
26172,0.0,3,-2927.598606713936,403543
26173,0.0,2,-2927.598606713936,403545
26174,0.0,2,-2927.598606713936,403547
26175,-3.666666666666666,18,-2931.2652733806026,403565
26176,0.0,7,-2931.2652733806026,403572
26177,-3.0,4,-2934.2652733806026,403576
26178,3.0,8,-2931.2652733806026,403584
26179,6.0,15,-2925.2652733806026,403599
26180,-0.5,7,-2925.7652733806026,403606
26181,-7.0,6,-2932.7652733806026,403612
26182,2.85,13,-2929.9152733806027,403625
26183,1.25,4,-2928.6652733806027,403629
26184,3.0,5,-2925.6652733806027,403634
26185,0.5,3,-2925.1652733806027,403637
26186,3.666666666666666,26,-2921.498606713936,403663
26187,2.0,19,-2919.498606713936,403682
26188,-4.2333333333333325,40,-2923.7319400472693,403722
26189,-3.896825396825397,22,-2927.628765444095,403744
26190,3.888888888888889,14,-2923.739876555206,403758
26191,1.0,6,-2922.739876555206,403764
26192,1.0,13,-2921.739876555206,403777
26193,4.0,7,-2917.739876555206,403784
26194,2.5,9,-2915.239876555206,403793
26195,1.0,7,-2914.239876555206,403800
26196,-2.0,15,-2916.239876555206,403815
26197,0.3785714285714288,6,-2915.8613051266348,403821
26198,0.0,3,-2915.8613051266348,403824
26199,-1.0,3,-2916.8613051266348,403827
26200,0.3785714285714288,6,-2916.4827336980634,403833
26201,-2.0,18,-2918.4827336980634,403851
26202,-3.6500000000000004,22,-2922.1327336980635,403873
26203,-1.0,26,-2923.1327336980635,403899
26204,-3.571428571428571,10,-2926.704162269492,403909
26205,-13.666666666666668,35,-2940.3708289361584,403944
26206,-4.0,31,-2944.3708289361584,403975
26207,0.0,39,-2944.3708289361584,404014
26208,-3.6666666666666665,8,-2948.037495602825,404022
26209,0.0,8,-2948.037495602825,404030
26210,0.0,4,-2948.037495602825,404034
26211,-5.916666666666667,42,-2953.9541622694915,404076
26212,-3.166666666666666,25,-2957.120828936158,404101
26213,-5.0,17,-2962.120828936158,404118
26214,4.0,20,-2958.120828936158,404138
26215,-2.5,31,-2960.620828936158,404169
26216,-5.8,25,-2966.420828936158,404194
26217,-3.0,7,-2969.420828936158,404201
26218,-0.6666666666666667,24,-2970.0874956028247,404225
26219,-0.13333333333333308,27,-2970.220828936158,404252
26220,4.0,32,-2966.220828936158,404284
26221,-1.0,13,-2967.220828936158,404297
26222,0.0,19,-2967.220828936158,404316
26223,3.0,16,-2964.220828936158,404332
26224,3.0,20,-2961.220828936158,404352
26225,2.333333333333333,18,-2958.8874956028244,404370
26226,-0.8333333333333333,3,-2959.720828936158,404373
26227,1.0,1,-2958.720828936158,404374
26228,4.0,8,-2954.720828936158,404382
26229,1.3333333333333335,18,-2953.3874956028244,404400
26230,-0.7999999999999998,19,-2954.1874956028246,404419
26231,2.5,16,-2951.6874956028246,404435
26232,2.0,5,-2949.6874956028246,404440
26233,1.0,5,-2948.6874956028246,404445
26234,-0.5714285714285714,14,-2949.258924174253,404459
26235,0.43333333333333357,19,-2948.8255908409196,404478
26236,-2.6,25,-2951.4255908409195,404503
26237,-0.4545454545454546,14,-2951.880136295465,404517
26238,-1.3333333333333335,10,-2953.2134696287985,404527
26239,2.0,2,-2951.2134696287985,404529
26240,-2.0,7,-2953.2134696287985,404536
26241,-4.0,10,-2957.2134696287985,404546
26242,-1.3333333333333333,6,-2958.546802962132,404552
26243,2.0,3,-2956.546802962132,404555
26244,0.0,1,-2956.546802962132,404556
26245,0.0,2,-2956.546802962132,404558
26246,2.0,3,-2954.546802962132,404561
26247,-2.5,7,-2957.046802962132,404568
26248,-6.0,13,-2963.046802962132,404581
26249,6.666666666666668,23,-2956.3801362954655,404604
26250,-5.0,14,-2961.3801362954655,404618
26251,1.0,20,-2960.3801362954655,404638
26252,-2.5,22,-2962.8801362954655,404660
26253,0.0,13,-2962.8801362954655,404673
26254,1.25,35,-2961.6301362954655,404708
26255,-3.0,2,-2964.6301362954655,404710
26256,1.0,1,-2963.6301362954655,404711
26257,2.0,9,-2961.6301362954655,404720
26258,2.0,2,-2959.6301362954655,404722
26259,3.0,9,-2956.6301362954655,404731
26260,-1.5,7,-2958.1301362954655,404738
26261,6.0,6,-2952.1301362954655,404744
26262,6.0,25,-2946.1301362954655,404769
26263,-2.5,7,-2948.6301362954655,404776
26264,-4.25,27,-2952.8801362954655,404803
26265,-4.0,7,-2956.8801362954655,404810
26266,1.0,6,-2955.8801362954655,404816
26267,0.8,10,-2955.0801362954653,404826
26268,1.0,2,-2954.0801362954653,404828
26269,-0.5,6,-2954.5801362954653,404834
26270,-2.0,8,-2956.5801362954653,404842
26271,4.5,7,-2952.0801362954653,404849
26272,12.0,14,-2940.0801362954653,404863
26273,-0.25,17,-2940.3301362954653,404880
26274,1.0,10,-2939.3301362954653,404890
26275,-5.0,30,-2944.3301362954653,404920
26276,2.0,3,-2942.3301362954653,404923
26277,-3.0,11,-2945.3301362954653,404934
26278,1.0,9,-2944.3301362954653,404943
26279,-1.4,17,-2945.7301362954654,404960
26280,-1.0,8,-2946.7301362954654,404968
26281,-1.8333333333333333,8,-2948.563469628799,404976
26282,3.333333333333333,20,-2945.2301362954654,404996
26283,2.6666666666666665,24,-2942.563469628799,405020
26284,0.0,15,-2942.563469628799,405035
26285,0.0,18,-2942.563469628799,405053
26286,-1.0,12,-2943.563469628799,405065
26287,4.0,12,-2939.563469628799,405077
26288,3.0,6,-2936.563469628799,405083
26289,-5.0,8,-2941.563469628799,405091
26290,1.0,4,-2940.563469628799,405095
26291,-2.5,21,-2943.063469628799,405116
26292,4.5,11,-2938.563469628799,405127
26293,0,0,-2938.563469628799,405127
26294,0,0,-2938.563469628799,405127
26295,0,0,-2938.563469628799,405127
26296,1.0,4,-2937.563469628799,405131
26297,3.2,5,-2934.363469628799,405136
26298,1.0,11,-2933.363469628799,405147
26299,2.666666666666667,18,-2930.6968029621326,405165
26300,1.0,16,-2929.6968029621326,405181
26301,-3.1999999999999997,31,-2932.8968029621324,405212
26302,8.0,13,-2924.8968029621324,405225
26303,0.6666666666666666,9,-2924.230136295466,405234
26304,0.0,3,-2924.230136295466,405237
26305,4.0,6,-2920.230136295466,405243
26306,-1.0,7,-2921.230136295466,405250
26307,0.0,17,-2921.230136295466,405267
26308,0.0,9,-2921.230136295466,405276
26309,-1.0,7,-2922.230136295466,405283
26310,-3.0,10,-2925.230136295466,405293
26311,0.0,1,-2925.230136295466,405294
26312,2.0,2,-2923.230136295466,405296
26313,0.0,3,-2923.230136295466,405299
26314,1.8666666666666667,19,-2921.363469628799,405318
26315,0.33333333333333326,13,-2921.0301362954656,405331
26316,1.5,11,-2919.5301362954656,405342
26317,3.2,15,-2916.3301362954658,405357
26318,2.0,6,-2914.3301362954658,405363
26319,5.2,9,-2909.130136295466,405372
26320,2.5,7,-2906.630136295466,405379
26321,1.5,8,-2905.130136295466,405387
26322,2.0,2,-2903.130136295466,405389
26323,-7.0,14,-2910.130136295466,405403
26324,2.0,5,-2908.130136295466,405408
26325,-3.0,4,-2911.130136295466,405412
26326,2.0,7,-2909.130136295466,405419
26327,-2.0,6,-2911.130136295466,405425
26328,-0.5,11,-2911.630136295466,405436
26329,-1.0,14,-2912.630136295466,405450
26330,-0.5,2,-2913.130136295466,405452
26331,0.5,12,-2912.630136295466,405464
26332,-1.9411764705882353,18,-2914.5713127660542,405482
26333,2.0,14,-2912.5713127660542,405496
26334,-0.3555555555555554,38,-2912.9268683216096,405534
26335,-1.5,24,-2914.4268683216096,405558
26336,-1.0,4,-2915.4268683216096,405562
26337,2.0,4,-2913.4268683216096,405566
26338,0.0,6,-2913.4268683216096,405572
26339,1.3333333333333333,10,-2912.093534988276,405582
26340,2.2,7,-2909.8935349882763,405589
26341,-2.0,23,-2911.8935349882763,405612
26342,-8.0,14,-2919.8935349882763,405626
26343,0.2571428571428571,13,-2919.6363921311336,405639
26344,2.2,1,-2917.4363921311337,405640
26345,1.5,13,-2915.9363921311337,405653
26346,7.116666666666667,17,-2908.819725464467,405670
26347,3.0,6,-2905.819725464467,405676
26348,6.533333333333332,18,-2899.2863921311337,405694
26349,9.0,21,-2890.2863921311337,405715
26350,0.0,3,-2890.2863921311337,405718
26351,2.0,14,-2888.2863921311337,405732
26352,2.0,11,-2886.2863921311337,405743
26353,7.09090909090909,10,-2879.1954830402246,405753
26354,0.0,1,-2879.1954830402246,405754
26355,-3.0,3,-2882.1954830402246,405757
26356,3.0,5,-2879.1954830402246,405762
26357,3.0,7,-2876.1954830402246,405769
26358,-2.4333333333333336,23,-2878.628816373558,405792
26359,-4.0,11,-2882.628816373558,405803
26360,2.0,3,-2880.628816373558,405806
26361,2.0,15,-2878.628816373558,405821
26362,-5.0,8,-2883.628816373558,405829
26363,3.0,16,-2880.628816373558,405845
26364,0.0,1,-2880.628816373558,405846
26365,-1.85,12,-2882.478816373558,405858
26366,13.0,19,-2869.478816373558,405877
26367,1.0,10,-2868.478816373558,405887
26368,-3.0,7,-2871.478816373558,405894
26369,2.5,9,-2868.978816373558,405903
26370,-1.8333333333333333,22,-2870.8121497068914,405925
26371,3.333333333333333,36,-2867.478816373558,405961
26372,-6.583333333333333,47,-2874.0621497068914,406008
26373,-4.5,51,-2878.5621497068914,406059
26374,0.0,5,-2878.5621497068914,406064
26375,2.0,13,-2876.5621497068914,406077
26376,1.0,16,-2875.5621497068914,406093
26377,11.0,37,-2864.5621497068914,406130
26378,8.0,18,-2856.5621497068914,406148
26379,6.666666666666667,16,-2849.895483040225,406164
26380,1.0,10,-2848.895483040225,406174
26381,-5.425974025974027,28,-2854.321457066199,406202
26382,-3.071428571428571,29,-2857.3928856376274,406231
26383,1.25,18,-2856.1428856376274,406249
26384,4.5,18,-2851.6428856376274,406267
26385,-7.0,9,-2858.6428856376274,406276
26386,2.0,13,-2856.6428856376274,406289
26387,2.5,13,-2854.1428856376274,406302
26388,5.333333333333334,26,-2848.809552304294,406328
26389,2.0,20,-2846.809552304294,406348
26390,6.0,10,-2840.809552304294,406358
26391,0.0,8,-2840.809552304294,406366
26392,-4.0,10,-2844.809552304294,406376
26393,-1.5666666666666667,13,-2846.3762189709605,406389
26394,0.16666666666666674,12,-2846.209552304294,406401
26395,0.0,10,-2846.209552304294,406411
26396,4.0,13,-2842.209552304294,406424
26397,-1.0,28,-2843.209552304294,406452
26398,1.1666666666666665,9,-2842.0428856376275,406461
26399,3.0,5,-2839.0428856376275,406466
26400,1.0833333333333333,27,-2837.959552304294,406493
26401,0.7999999999999998,21,-2837.159552304294,406514
26402,3.5,23,-2833.659552304294,406537
26403,-4.738095238095237,31,-2838.397647542389,406568
26404,-1.0,16,-2839.397647542389,406584
26405,0.0,8,-2839.397647542389,406592
26406,8.0,17,-2831.397647542389,406609
26407,5.0,26,-2826.397647542389,406635
26408,6.0,13,-2820.397647542389,406648
26409,-0.25,15,-2820.647647542389,406663
26410,3.75,26,-2816.897647542389,406689
26411,1.2,13,-2815.6976475423894,406702
26412,2.5,4,-2813.1976475423894,406706
26413,-1.0,14,-2814.1976475423894,406720
26414,-3.0,16,-2817.1976475423894,406736
26415,-11.190476190476192,30,-2828.3881237328656,406766
26416,-0.5,9,-2828.8881237328656,406775
26417,0.0,18,-2828.8881237328656,406793
26418,-0.4242424242424243,18,-2829.312366157108,406811
26419,2.0,8,-2827.312366157108,406819
26420,1.2000000000000002,6,-2826.112366157108,406825
26421,1.8928571428571428,14,-2824.219509014251,406839
26422,-7.6,15,-2831.819509014251,406854
26423,0.666666666666667,51,-2831.1528423475843,406905
26424,3.342857142857143,13,-2827.809985204727,406918
26425,1.0,4,-2826.809985204727,406922
26426,0.0,2,-2826.809985204727,406924
26427,1.0833333333333333,9,-2825.7266518713936,406933
26428,0.0,5,-2825.7266518713936,406938
26429,1.2000000000000002,12,-2824.526651871394,406950
26430,-3.8,19,-2828.326651871394,406969
26431,4.0,10,-2824.326651871394,406979
26432,1.366666666666667,8,-2822.959985204727,406987
26433,3.5588235294117645,21,-2819.4011616753155,407008
26434,-3.75,10,-2823.1511616753155,407018
26435,5.25,14,-2817.9011616753155,407032
26436,-2.0,6,-2819.9011616753155,407038
26437,-1.5,5,-2821.4011616753155,407043
26438,0.8333333333333335,14,-2820.567828341982,407057
26439,-0.3571428571428572,21,-2820.9249711991247,407078
26440,-3.5,15,-2824.4249711991247,407093
26441,-3.0,1,-2827.4249711991247,407094
26442,-0.25,8,-2827.6749711991247,407102
26443,-0.5,7,-2828.1749711991247,407109
26444,-0.9,9,-2829.074971199125,407118
26445,0.0,2,-2829.074971199125,407120
26446,5.2,29,-2823.874971199125,407149
26447,1.5,14,-2822.374971199125,407163
26448,4.333333333333334,7,-2818.0416378657915,407170
26449,1.3333333333333333,6,-2816.708304532458,407176
26450,4.0,10,-2812.708304532458,407186
26451,5.0,22,-2807.708304532458,407208
26452,2.2,6,-2805.508304532458,407214
26453,-3.75,25,-2809.258304532458,407239
26454,2.25,13,-2807.008304532458,407252
26455,0.0,3,-2807.008304532458,407255
26456,-0.5,3,-2807.508304532458,407258
26457,2.0,8,-2805.508304532458,407266
26458,-2.5,12,-2808.008304532458,407278
26459,2.666666666666667,28,-2805.3416378657917,407306
26460,6.199999999999999,41,-2799.141637865792,407347
26461,-6.5,32,-2805.641637865792,407379
26462,-3.166666666666667,6,-2808.8083045324584,407385
26463,1.0,1,-2807.8083045324584,407386
26464,-3.0,10,-2810.8083045324584,407396
26465,2.0,10,-2808.8083045324584,407406
26466,2.7,10,-2806.1083045324585,407416
26467,-2.3,47,-2808.4083045324587,407463
26468,0.0,8,-2808.4083045324587,407471
26469,0.0,2,-2808.4083045324587,407473
26470,2.0,6,-2806.4083045324587,407479
26471,3.0,24,-2803.4083045324587,407503
26472,0.0,4,-2803.4083045324587,407507
26473,-4.0,6,-2807.4083045324587,407513
26474,-2.0,3,-2809.4083045324587,407516
26475,-2.0,13,-2811.4083045324587,407529
26476,3.75,17,-2807.6583045324587,407546
26477,-4.738095238095238,21,-2812.396399770554,407567
26478,5.0,25,-2807.396399770554,407592
26479,-4.333333333333333,21,-2811.7297331038876,407613
26480,-0.33333333333333326,22,-2812.063066437221,407635
26481,-1.0,7,-2813.063066437221,407642
26482,-4.333333333333333,34,-2817.3963997705546,407676
26483,-1.5,24,-2818.8963997705546,407700
26484,-3.2222222222222228,17,-2822.1186219927768,407717
26485,-7.844444444444445,40,-2829.963066437221,407757
26486,1.045454545454545,20,-2828.9176118917667,407777
26487,-4.0,3,-2832.9176118917667,407780
26488,-2.0,3,-2834.9176118917667,407783
26489,0.0,7,-2834.9176118917667,407790
26490,4.0,20,-2830.9176118917667,407810
26491,-2.0,8,-2832.9176118917667,407818
26492,-2.0,7,-2834.9176118917667,407825
26493,2.0,14,-2832.9176118917667,407839
26494,-0.5,7,-2833.4176118917667,407846
26495,-1.5,25,-2834.9176118917667,407871
26496,-2.0,12,-2836.9176118917667,407883
26497,-3.0,13,-2839.9176118917667,407896
26498,0.0,8,-2839.9176118917667,407904
26499,-1.0,2,-2840.9176118917667,407906
26500,0.0,1,-2840.9176118917667,407907
26501,-1.3333333333333333,7,-2842.2509452251,407914
26502,1.5,5,-2840.7509452251,407919
26503,-2.333333333333333,14,-2843.0842785584337,407933
26504,-2.0,14,-2845.0842785584337,407947
26505,-0.08787878787878789,28,-2845.1721573463124,407975
26506,-1.5909090909090908,40,-2846.7630664372214,408015
26507,2.5,15,-2844.2630664372214,408030
26508,-1.666666666666667,29,-2845.929733103888,408059
26509,-10.790476190476191,27,-2856.720209294364,408086
26510,2.3073593073593073,44,-2854.412849987005,408130
26511,4.333333333333333,29,-2850.0795166536714,408159
26512,-1.5,37,-2851.5795166536714,408196
26513,3.25,16,-2848.3295166536714,408212
26514,5.0,27,-2843.3295166536714,408239
26515,-2.0,3,-2845.3295166536714,408242
26516,-4.5,19,-2849.8295166536714,408261
26517,2.0,8,-2847.8295166536714,408269
26518,2.0,12,-2845.8295166536714,408281
26519,2.0,12,-2843.8295166536714,408293
26520,1.0,4,-2842.8295166536714,408297
26521,1.0,10,-2841.8295166536714,408307
26522,4.62857142857143,18,-2837.2009452251,408325
26523,3.6666666666666665,16,-2833.5342785584335,408341
26524,-0.5,6,-2834.0342785584335,408347
26525,1.6666666666666667,15,-2832.367611891767,408362
26526,-3.0,5,-2835.367611891767,408367
26527,-2.0,2,-2837.367611891767,408369
26528,-5.25,18,-2842.617611891767,408387
26529,0.0,7,-2842.617611891767,408394
26530,1.0,2,-2841.617611891767,408396
26531,0.0,3,-2841.617611891767,408399
26532,0.7121212121212119,39,-2840.905490679646,408438
26533,-1.0,32,-2841.905490679646,408470
26534,-5.25,15,-2847.155490679646,408485
26535,-5.0,5,-2852.155490679646,408490
26536,-3.0,6,-2855.155490679646,408496
26537,0.666666666666667,28,-2854.4888240129794,408524
26538,2.5,9,-2851.9888240129794,408533
26539,2.2,2,-2849.7888240129796,408535
26540,0.2,5,-2849.58882401298,408540
26541,0.0,3,-2849.58882401298,408543
26542,-1.0,13,-2850.58882401298,408556
26543,0.33333333333333337,4,-2850.2554906796463,408560
26544,5.0,14,-2845.2554906796463,408574
26545,-2.0,10,-2847.2554906796463,408584
26546,-9.4,15,-2856.6554906796464,408599
26547,-3.0,4,-2859.6554906796464,408603
26548,-3.0,4,-2862.6554906796464,408607
26549,-2.875,19,-2865.5304906796464,408626
26550,0.0,5,-2865.5304906796464,408631
26551,-3.3333333333333335,8,-2868.86382401298,408639
26552,-0.5,9,-2869.36382401298,408648
26553,0.20000000000000018,16,-2869.16382401298,408664
26554,3.0,10,-2866.16382401298,408674
26555,-5.0,18,-2871.16382401298,408692
26556,-3.5,12,-2874.66382401298,408704
26557,-0.21818181818181803,20,-2874.8820058311617,408724
26558,1.0,3,-2873.8820058311617,408727
26559,2.0,17,-2871.8820058311617,408744
26560,1.0,7,-2870.8820058311617,408751
26561,1.0,9,-2869.8820058311617,408760
26562,-7.0,15,-2876.8820058311617,408775
26563,-3.75,12,-2880.6320058311617,408787
26564,-1.0,10,-2881.6320058311617,408797
26565,-2.0,5,-2883.6320058311617,408802
26566,7.0,19,-2876.6320058311617,408821
26567,4.25,8,-2872.3820058311617,408829
26568,2.5,17,-2869.8820058311617,408846
26569,-2.0,9,-2871.8820058311617,408855
26570,1.0,8,-2870.8820058311617,408863
26571,3.0,3,-2867.8820058311617,408866
26572,9.833333333333334,23,-2858.048672497828,408889
26573,-4.833333333333334,38,-2862.8820058311617,408927
26574,1.5,14,-2861.3820058311617,408941
26575,0.8666666666666667,54,-2860.515339164495,408995
26576,0.0,13,-2860.515339164495,409008
26577,-5.4,26,-2865.915339164495,409034
26578,-2.0,11,-2867.915339164495,409045
26579,2.0,7,-2865.915339164495,409052
26580,0.0,8,-2865.915339164495,409060
26581,5.0,16,-2860.915339164495,409076
26582,-2.0,4,-2862.915339164495,409080
26583,-6.0,8,-2868.915339164495,409088
26584,0.3333333333333333,3,-2868.5820058311615,409091
26585,1.5,6,-2867.0820058311615,409097
26586,0.09999999999999998,10,-2866.9820058311616,409107
26587,4.095238095238095,43,-2862.8867677359235,409150
26588,1.0,12,-2861.8867677359235,409162
26589,-0.7999999999999998,13,-2862.6867677359237,409175
26590,0.3333333333333333,5,-2862.35343440259,409180
26591,9.0,9,-2853.35343440259,409189
26592,6.357142857142858,14,-2846.9962915454475,409203
26593,5.357142857142858,19,-2841.639148688305,409222
26594,1.5500000000000003,11,-2840.0891486883047,409233
26595,-1.5,2,-2841.5891486883047,409235
26596,-1.0,2,-2842.5891486883047,409237
26597,-4.0,15,-2846.5891486883047,409252
26598,0.0,6,-2846.5891486883047,409258
26599,-4.0,9,-2850.5891486883047,409267
26600,5.35,13,-2845.239148688305,409280
26601,1.0,4,-2844.239148688305,409284
26602,-2.916666666666667,18,-2847.1558153549713,409302
26603,-6.0,23,-2853.1558153549713,409325
26604,-0.3999999999999999,13,-2853.5558153549714,409338
26605,0.0,6,-2853.5558153549714,409344
26606,1.0,25,-2852.5558153549714,409369
26607,-0.6666666666666667,7,-2853.222482021638,409376
26608,5.0,23,-2848.222482021638,409399
26609,8.0,22,-2840.222482021638,409421
26610,6.800000000000001,22,-2833.4224820216377,409443
26611,-6.0,27,-2839.4224820216377,409470
26612,3.916666666666667,31,-2835.505815354971,409501
26613,4.25,10,-2831.255815354971,409511
26614,1.0,23,-2830.255815354971,409534
26615,8.0,25,-2822.255815354971,409559
26616,7.0,17,-2815.255815354971,409576
26617,8.11111111111111,24,-2807.14470424386,409600
26618,3.0,15,-2804.14470424386,409615
26619,-7.0,36,-2811.14470424386,409651
26620,5.309523809523809,29,-2805.835180434336,409680
26621,-1.6666666666666667,14,-2807.5018471010026,409694
26622,-4.333333333333333,18,-2811.835180434336,409712
26623,2.0,21,-2809.835180434336,409733
26624,0.0,17,-2809.835180434336,409750
26625,1.0,15,-2808.835180434336,409765
26626,-2.0,31,-2810.835180434336,409796
26627,0.0,9,-2810.835180434336,409805
26628,1.5,11,-2809.335180434336,409816
26629,3.0,11,-2806.335180434336,409827
26630,-1.916666666666667,36,-2808.2518471010026,409863
26631,1.5,32,-2806.7518471010026,409895
26632,-0.5238095238095236,20,-2807.275656624812,409915
26633,-3.238095238095238,32,-2810.5137518629076,409947
26634,1.0,13,-2809.5137518629076,409960
26635,-0.75,6,-2810.2637518629076,409966
26636,-3.55,20,-2813.813751862908,409986
26637,0.05555555555555558,17,-2813.758196307352,410003
26638,-6.0,8,-2819.758196307352,410011
26639,-1.0,7,-2820.758196307352,410018
26640,0.0,4,-2820.758196307352,410022
26641,-1.75,15,-2822.508196307352,410037
26642,-1.0,2,-2823.508196307352,410039
26643,2.0,8,-2821.508196307352,410047
26644,4.0,10,-2817.508196307352,410057
26645,-2.0,6,-2819.508196307352,410063
26646,11.166666666666666,30,-2808.3415296406856,410093
26647,-8.8,36,-2817.141529640686,410129
26648,3.5,31,-2813.641529640686,410160
26649,-1.5476190476190477,12,-2815.189148688305,410172
26650,2.0,26,-2813.189148688305,410198
26651,-1.6666666666666665,31,-2814.8558153549716,410229
26652,-7.0,18,-2821.8558153549716,410247
26653,1.0,13,-2820.8558153549716,410260
26654,5.333333333333333,16,-2815.522482021638,410276
26655,-3.7333333333333334,17,-2819.255815354971,410293
26656,0.3333333333333333,12,-2818.9224820216377,410305
26657,3.0,4,-2815.9224820216377,410309
26658,2.0,7,-2813.9224820216377,410316
26659,0.0,3,-2813.9224820216377,410319
26660,1.6,8,-2812.322482021638,410327
26661,1.25,26,-2811.072482021638,410353
26662,-5.25,20,-2816.322482021638,410373
26663,4.5,15,-2811.822482021638,410388
26664,1.25,24,-2810.572482021638,410412
26665,0.2,17,-2810.372482021638,410429
26666,0.0,2,-2810.372482021638,410431
26667,0.0,4,-2810.372482021638,410435
26668,9.5,31,-2800.872482021638,410466
26669,3.2,9,-2797.672482021638,410475
26670,4.0,9,-2793.672482021638,410484
26671,3.0,12,-2790.672482021638,410496
26672,1.05,16,-2789.622482021638,410512
26673,-12.333333333333334,12,-2801.9558153549715,410524
26674,2.0,7,-2799.9558153549715,410531
26675,1.25,5,-2798.7058153549715,410536
26676,1.6,15,-2797.1058153549716,410551
26677,1.0,7,-2796.1058153549716,410558
26678,-4.0,7,-2800.1058153549716,410565
26679,3.0,26,-2797.1058153549716,410591
26680,1.0,8,-2796.1058153549716,410599
26681,6.233333333333333,36,-2789.8724820216385,410635
26682,-4.571428571428571,18,-2794.443910593067,410653
26683,-1.75,33,-2796.193910593067,410686
26684,6.888888888888889,28,-2789.305021704178,410714
26685,0.0,20,-2789.305021704178,410734
26686,2.5833333333333335,7,-2786.7216883708447,410741
26687,3.0,14,-2783.7216883708447,410755
26688,2.428571428571429,13,-2781.293116942273,410768
26689,0.0,11,-2781.293116942273,410779
26690,-1.0,3,-2782.293116942273,410782
26691,1.6666666666666665,4,-2780.6264502756067,410786
26692,0.0,9,-2780.6264502756067,410795
26693,-2.8,10,-2783.426450275607,410805
26694,4.75,22,-2778.676450275607,410827
26695,-5.5,20,-2784.176450275607,410847
26696,7.5,22,-2776.676450275607,410869
26697,4.583333333333333,23,-2772.0931169422734,410892
26698,-5.083333333333333,8,-2777.176450275607,410900
26699,0.0,1,-2777.176450275607,410901
26700,-2.083333333333333,8,-2779.2597836089403,410909
26701,0.0,9,-2779.2597836089403,410918
26702,3.0,12,-2776.2597836089403,410930
26703,-1.6666666666666667,20,-2777.926450275607,410950
26704,8.0,13,-2769.926450275607,410963
26705,1.9166666666666665,32,-2768.0097836089403,410995
26706,2.1666666666666665,7,-2765.843116942274,411002
26707,-1.0,5,-2766.843116942274,411007
26708,1.0,18,-2765.843116942274,411025
26709,1.3333333333333335,15,-2764.5097836089403,411040
26710,0.0,5,-2764.5097836089403,411045
26711,-1.0,4,-2765.5097836089403,411049
26712,1.0,9,-2764.5097836089403,411058
26713,1.8787878787878787,14,-2762.6309957301523,411072
26714,5.033333333333333,6,-2757.597662396819,411078
26715,-1.0,9,-2758.597662396819,411087
26716,-1.0666666666666667,7,-2759.6643290634856,411094
26717,-2.966666666666667,29,-2762.6309957301523,411123
26718,-4.75,20,-2767.3809957301523,411143
26719,-1.6666666666666667,11,-2769.047662396819,411154
26720,3.333333333333333,21,-2765.7143290634854,411175
26721,-1.7777777777777775,20,-2767.492106841263,411195
26722,1.5,27,-2765.992106841263,411222
26723,8.0,7,-2757.992106841263,411229
26724,1.0,5,-2756.992106841263,411234
26725,3.0,10,-2753.992106841263,411244
26726,0.0,1,-2753.992106841263,411245
26727,-4.083333333333333,17,-2758.0754401745967,411262
26728,0.0,11,-2758.0754401745967,411273
26729,-7.0,23,-2765.0754401745967,411296
26730,1.0,12,-2764.0754401745967,411308
26731,4.5,15,-2759.5754401745967,411323
26732,-8.071428571428571,15,-2767.646868746025,411338
26733,1.0,20,-2766.646868746025,411358
26734,3.3,16,-2763.346868746025,411374
26735,4.666666666666666,17,-2758.6802020793584,411391
26736,0.833333333333333,24,-2757.846868746025,411415
26737,-2.0,5,-2759.846868746025,411420
26738,0.0,4,-2759.846868746025,411424
26739,2.8666666666666667,34,-2756.980202079358,411458
26740,0.0,19,-2756.980202079358,411477
26741,10.2,23,-2746.7802020793583,411500
26742,16.333333333333332,29,-2730.446868746025,411529
26743,8.0,46,-2722.446868746025,411575
26744,-0.11111111111111072,25,-2722.557979857136,411600
26745,-4.0,21,-2726.557979857136,411621
26746,-9.4,8,-2735.9579798571363,411629
26747,-4.0,20,-2739.9579798571363,411649
26748,1.0,12,-2738.9579798571363,411661
26749,-2.0,14,-2740.9579798571363,411675
26750,-3.9411764705882355,27,-2744.8991563277245,411702
26751,-0.4444444444444444,30,-2745.343600772169,411732
26752,3.0,5,-2742.343600772169,411737
26753,-5.0,5,-2747.343600772169,411742
26754,-2.6666666666666665,22,-2750.0102674388354,411764
26755,2.0,7,-2748.0102674388354,411771
26756,-0.8,7,-2748.8102674388356,411778
26757,-5.8,22,-2754.6102674388358,411800
26758,-1.333333333333333,16,-2755.9436007721692,411816
26759,-2.5,22,-2758.4436007721692,411838
26760,0.36363636363636354,28,-2758.0799644085328,411866
26761,-11.2,25,-2769.2799644085326,411891
26762,-4.0,7,-2773.2799644085326,411898
26763,1.2666666666666668,21,-2772.0132977418657,411919
26764,6.75,26,-2765.2632977418657,411945
26765,0.0,11,-2765.2632977418657,411956
26766,-2.3333333333333335,14,-2767.596631075199,411970
26767,-0.625,23,-2768.221631075199,411993
26768,1.1111111111111107,46,-2767.110519964088,412039
26769,1.916666666666667,37,-2765.1938532974214,412076
26770,7.05,42,-2758.143853297421,412118
26771,-0.25,15,-2758.393853297421,412133
26772,5.0,38,-2753.393853297421,412171
26773,-5.1499999999999995,19,-2758.5438532974213,412190
26774,-8.25,43,-2766.7938532974213,412233
26775,-9.0,29,-2775.7938532974213,412262
26776,7.0,23,-2768.7938532974213,412285
26777,-3.888888888888889,17,-2772.68274218631,412302
26778,5.0,25,-2767.68274218631,412327
26779,6.666666666666666,20,-2761.0160755196434,412347
26780,-3.0,20,-2764.0160755196434,412367
26781,4.75,29,-2759.2660755196434,412396
26782,5.742857142857142,14,-2753.523218376786,412410
26783,0.6000000000000001,9,-2752.9232183767863,412419
26784,3.142857142857143,22,-2749.780361233929,412441
26785,7.0,15,-2742.780361233929,412456
26786,11.0,20,-2731.780361233929,412476
26787,-1.3333333333333335,23,-2733.1136945672624,412499
26788,-4.5,22,-2737.6136945672624,412521
26789,1.0,7,-2736.6136945672624,412528
26790,1.25,51,-2735.3636945672624,412579
26791,4.833333333333334,18,-2730.530361233929,412597
26792,-1.3,14,-2731.830361233929,412611
26793,4.666666666666667,36,-2727.1636945672626,412647
26794,5.0,30,-2722.1636945672626,412677
26795,-0.6666666666666665,23,-2722.830361233929,412700
26796,-1.8333333333333335,24,-2724.6636945672626,412724
26797,-5.0,16,-2729.6636945672626,412740
26798,0.6666666666666665,15,-2728.997027900596,412755
26799,2.0,11,-2726.997027900596,412766
26800,0.0,1,-2726.997027900596,412767
26801,1.75,41,-2725.247027900596,412808
26802,5.0,13,-2720.247027900596,412821
26803,2.0,10,-2718.247027900596,412831
26804,2.0,10,-2716.247027900596,412841
26805,0.2,7,-2716.0470279005963,412848
26806,1.0,7,-2715.0470279005963,412855
26807,5.0,7,-2710.0470279005963,412862
26808,1.0166666666666664,21,-2709.0303612339294,412883
26809,2.25,3,-2706.7803612339294,412886
26810,-1.5833333333333333,4,-2708.363694567263,412890
26811,-0.5833333333333333,12,-2708.9470279005964,412902
26812,-3.666666666666667,9,-2712.613694567263,412911
26813,-2.0833333333333335,25,-2714.6970279005964,412936
26814,-0.5833333333333333,7,-2715.28036123393,412943
26815,-0.6499999999999999,13,-2715.93036123393,412956
26816,-4.916666666666667,42,-2720.8470279005965,412998
26817,5.166666666666666,32,-2715.68036123393,413030
26818,6.583333333333334,47,-2709.0970279005965,413077
26819,-1.6878787878787875,40,-2710.784906688475,413117
26820,-1.666666666666667,32,-2712.4515733551416,413149
26821,-0.7000000000000002,19,-2713.1515733551414,413168
26822,-0.666666666666667,16,-2713.818240021808,413184
26823,-1.3666666666666671,85,-2715.1849066884747,413269
26824,10.7,23,-2704.484906688475,413292
26825,1.1,20,-2703.384906688475,413312
26826,6.0,14,-2697.384906688475,413326
26827,4.888888888888889,22,-2692.4960177995863,413348
26828,1.7999999999999998,6,-2690.696017799586,413354
26829,3.5,29,-2687.196017799586,413383
26830,5.6,23,-2681.596017799586,413406
26831,-2.4,22,-2683.9960177995863,413428
26832,4.0,8,-2679.9960177995863,413436
26833,0.5789473684210527,18,-2679.417070431165,413454
26834,1.0,8,-2678.417070431165,413462
26835,2.5,15,-2675.917070431165,413477
26836,0.25,9,-2675.667070431165,413486
26837,1.0,12,-2674.667070431165,413498
26838,0.050000000000000044,18,-2674.617070431165,413516
26839,-5.5,10,-2680.117070431165,413526
26840,0.0,1,-2680.117070431165,413527
26841,3.0,10,-2677.117070431165,413537
26842,0.0,1,-2677.117070431165,413538
26843,0.0,2,-2677.117070431165,413540
26844,-3.0,4,-2680.117070431165,413544
26845,-0.5833333333333333,25,-2680.7004037644983,413569
26846,-0.25,9,-2680.9504037644983,413578
26847,0.10000000000000009,14,-2680.8504037644984,413592
26848,0.0,2,-2680.8504037644984,413594
26849,7.0,7,-2673.8504037644984,413601
26850,17.333333333333336,35,-2656.517070431165,413636
26851,7.0,23,-2649.517070431165,413659
26852,1.2,6,-2648.317070431165,413665
26853,-2.0,6,-2650.317070431165,413671
26854,1.2,5,-2649.1170704311653,413676
26855,1.0,10,-2648.1170704311653,413686
26856,3.0,7,-2645.1170704311653,413693
26857,0.0,3,-2645.1170704311653,413696
26858,2.0,5,-2643.1170704311653,413701
26859,-1.5,26,-2644.6170704311653,413727
26860,1.0833333333333333,15,-2643.533737097832,413742
26861,4.916666666666667,20,-2638.6170704311653,413762
26862,5.666666666666666,37,-2632.950403764499,413799
26863,3.0,33,-2629.950403764499,413832
26864,1.2,5,-2628.750403764499,413837
26865,-1.0,1,-2629.750403764499,413838
26866,-2.0,2,-2631.750403764499,413840
26867,-1.0,1,-2632.750403764499,413841
26868,1.0,3,-2631.750403764499,413844
26869,-5.583333333333333,31,-2637.3337370978325,413875
26870,-6.5,14,-2643.8337370978325,413889
26871,0.6666666666666665,19,-2643.167070431166,413908
26872,-3.9523809523809526,23,-2647.1194513835467,413931
26873,-6.75,20,-2653.8694513835467,413951
26874,-0.3333333333333335,19,-2654.20278471688,413970
26875,5.5,21,-2648.70278471688,413991
26876,1.6666666666666667,19,-2647.0361180502136,414010
26877,-2.0,18,-2649.0361180502136,414028
26878,-1.0,14,-2650.0361180502136,414042
26879,-2.0,9,-2652.0361180502136,414051
26880,-1.25,15,-2653.2861180502136,414066
26881,-4.0,5,-2657.2861180502136,414071
26882,4.0,7,-2653.2861180502136,414078
26883,2.0,4,-2651.2861180502136,414082
26884,2.6,40,-2648.6861180502137,414122
26885,5.0,10,-2643.6861180502137,414132
26886,-0.5,16,-2644.1861180502137,414148
26887,2.0,12,-2642.1861180502137,414160
26888,-1.0,11,-2643.1861180502137,414171
26889,6.842857142857143,38,-2636.3432609073566,414209
26890,-0.8333333333333334,20,-2637.17659424069,414229
26891,-0.5714285714285714,9,-2637.7480228121185,414238
26892,0.5,16,-2637.2480228121185,414254
26893,0.0,3,-2637.2480228121185,414257
26894,0.0,6,-2637.2480228121185,414263
26895,0.0,17,-2637.2480228121185,414280
26896,-1.3333333333333335,10,-2638.581356145452,414290
26897,-3.5,4,-2642.081356145452,414294
26898,-1.0,3,-2643.081356145452,414297
26899,-6.333333333333334,33,-2649.4146894787855,414330
26900,-2.3333333333333335,25,-2651.748022812119,414355
26901,-0.25,9,-2651.998022812119,414364
26902,2.0,12,-2649.998022812119,414376
26903,-2.0,4,-2651.998022812119,414380
26904,-2.3,10,-2654.298022812119,414390
26905,2.75,14,-2651.548022812119,414404
26906,1.1666666666666665,10,-2650.3813561454526,414414
26907,2.0,7,-2648.3813561454526,414421
26908,5.142857142857142,39,-2643.2384990025953,414460
26909,-1.5,8,-2644.7384990025953,414468
26910,2.0,10,-2642.7384990025953,414478
26911,-4.0,37,-2646.7384990025953,414515
26912,3.0,9,-2643.7384990025953,414524
26913,-0.25,12,-2643.9884990025953,414536
26914,0.0,7,-2643.9884990025953,414543
26915,0.0,6,-2643.9884990025953,414549
26916,-2.0,9,-2645.9884990025953,414558
26917,0.0,5,-2645.9884990025953,414563
26918,0.0,4,-2645.9884990025953,414567
26919,0.0,4,-2645.9884990025953,414571
26920,-2.0,9,-2647.9884990025953,414580
26921,0.0,8,-2647.9884990025953,414588
26922,-3.0,3,-2650.9884990025953,414591
26923,-1.0,3,-2651.9884990025953,414594
26924,0.0,3,-2651.9884990025953,414597
26925,0.0,6,-2651.9884990025953,414603
26926,1.0,8,-2650.9884990025953,414611
26927,0.0,12,-2650.9884990025953,414623
26928,-3.0,16,-2653.9884990025953,414639
26929,-2.0,9,-2655.9884990025953,414648
26930,1.0,18,-2654.9884990025953,414666
26931,0.0,5,-2654.9884990025953,414671
26932,0.5,10,-2654.4884990025953,414681
26933,-2.3333333333333335,17,-2656.821832335929,414698
26934,-2.0,14,-2658.821832335929,414712
26935,-3.666666666666667,23,-2662.4884990025953,414735
26936,-3.0,44,-2665.4884990025953,414779
26937,0.0,11,-2665.4884990025953,414790
26938,0.0,7,-2665.4884990025953,414797
26939,-5.0,16,-2670.4884990025953,414813
26940,0.6666666666666667,26,-2669.821832335929,414839
26941,-1.0,2,-2670.821832335929,414841
26942,0.0,3,-2670.821832335929,414844
26943,3.0,2,-2667.821832335929,414846
26944,0.0,4,-2667.821832335929,414850
26945,0.0,5,-2667.821832335929,414855
26946,-3.9166666666666665,19,-2671.7384990025953,414874
26947,0.0,9,-2671.7384990025953,414883
26948,-3.0,13,-2674.7384990025953,414896
26949,0.0,18,-2674.7384990025953,414914
26950,0.0,16,-2674.7384990025953,414930
26951,-3.5,32,-2678.2384990025953,414962
26952,0,0,-2678.2384990025953,414962
26953,0,0,-2678.2384990025953,414962
26954,0,0,-2678.2384990025953,414962
26955,-1.0,2,-2679.2384990025953,414964
26956,0.0,6,-2679.2384990025953,414970
26957,1.0,10,-2678.2384990025953,414980
26958,-3.333333333333333,13,-2681.571832335929,414993
26959,0.9166666666666665,20,-2680.6551656692623,415013
26960,2.0,24,-2678.6551656692623,415037
26961,-2.6153846153846154,22,-2681.270550284647,415059
26962,1.0,12,-2680.270550284647,415071
26963,0.19999999999999996,20,-2680.070550284647,415091
26964,-2.7777777777777777,16,-2682.848328062425,415107
26965,3.6,25,-2679.248328062425,415132
26966,-7.166666666666667,44,-2686.4149947290916,415176
26967,2.0,36,-2684.4149947290916,415212
26968,-0.3333333333333333,11,-2684.748328062425,415223
26969,0.0,5,-2684.748328062425,415228
26970,-3.6666666666666665,25,-2688.4149947290916,415253
26971,1.6666666666666667,5,-2686.748328062425,415258
26972,2.666666666666667,4,-2684.0816613957586,415262
26973,1.5,4,-2682.5816613957586,415266
26974,-3.25,8,-2685.8316613957586,415274
26975,-0.5,10,-2686.3316613957586,415284
26976,-0.6666666666666667,12,-2686.998328062425,415296
26977,0.0,5,-2686.998328062425,415301
26978,0.0,7,-2686.998328062425,415308
26979,0.0,2,-2686.998328062425,415310
26980,-4.0,11,-2690.998328062425,415321
26981,-5.666666666666666,31,-2696.6649947290916,415352
26982,0.0,10,-2696.6649947290916,415362
26983,-3.833333333333333,26,-2700.498328062425,415388
26984,2.0,20,-2698.498328062425,415408
26985,-1.0,35,-2699.498328062425,415443
26986,-5.0,6,-2704.498328062425,415449
26987,0.0,13,-2704.498328062425,415462
26988,-1.0,14,-2705.498328062425,415476
26989,-2.333333333333333,33,-2707.8316613957586,415509
26990,-3.0,10,-2710.8316613957586,415519
26991,-3.0,7,-2713.8316613957586,415526
26992,3.0,2,-2710.8316613957586,415528
26993,0.5454545454545454,32,-2710.286206850304,415560
26994,4.0,23,-2706.286206850304,415583
26995,0.75,8,-2705.536206850304,415591
26996,-1.0,4,-2706.536206850304,415595
26997,-1.25,7,-2707.786206850304,415602
26998,3.0,15,-2704.786206850304,415617
26999,0.0,8,-2704.786206850304,415625
27000,-6.5,23,-2711.286206850304,415648
27001,-1.5,13,-2712.786206850304,415661
27002,-1.0,3,-2713.786206850304,415664
27003,3.0,2,-2710.786206850304,415666
27004,0.0,4,-2710.786206850304,415670
27005,-2.0,7,-2712.786206850304,415677
27006,-6.0,26,-2718.786206850304,415703
27007,-2.0,5,-2720.786206850304,415708
27008,1.0,20,-2719.786206850304,415728
27009,-3.0,13,-2722.786206850304,415741
27010,2.9166666666666665,11,-2719.8695401836376,415752
27011,2.0,14,-2717.8695401836376,415766
27012,-1.8333333333333335,7,-2719.702873516971,415773
27013,12.0,31,-2707.702873516971,415804
27014,2.0,28,-2705.702873516971,415832
27015,-1.0,16,-2706.702873516971,415848
27016,3.0,4,-2703.702873516971,415852
27017,-2.0,8,-2705.702873516971,415860
27018,3.0,6,-2702.702873516971,415866
27019,2.0,5,-2700.702873516971,415871
27020,-1.5,16,-2702.202873516971,415887
27021,1.2000000000000002,6,-2701.0028735169712,415893
27022,-2.333333333333334,35,-2703.3362068503047,415928
27023,-0.1111111111111111,8,-2703.447317961416,415936
27024,0.16666666666666652,12,-2703.2806512947495,415948
27025,0.0,8,-2703.2806512947495,415956
27026,-3.0,10,-2706.2806512947495,415966
27027,-3.0,22,-2709.2806512947495,415988
27028,-4.0,12,-2713.2806512947495,416000
27029,1.0,9,-2712.2806512947495,416009
27030,3.0,4,-2709.2806512947495,416013
27031,0.0,5,-2709.2806512947495,416018
27032,1.0,20,-2708.2806512947495,416038
27033,4.0,23,-2704.2806512947495,416061
27034,-5.0,13,-2709.2806512947495,416074
27035,0.0,9,-2709.2806512947495,416083
27036,2.0,11,-2707.2806512947495,416094
27037,-3.0,6,-2710.2806512947495,416100
27038,-2.0,10,-2712.2806512947495,416110
27039,-3.6153846153846154,16,-2715.8960359101343,416126
27040,0.0,5,-2715.8960359101343,416131
27041,-1.0,8,-2716.8960359101343,416139
27042,-0.33333333333333337,15,-2717.2293692434678,416154
27043,-2.0,17,-2719.2293692434678,416171
27044,0.0,11,-2719.2293692434678,416182
27045,0.0,13,-2719.2293692434678,416195
27046,-2.5,9,-2721.7293692434678,416204
27047,5.25,18,-2716.4793692434678,416222
27048,-2.0,9,-2718.4793692434678,416231
27049,2.0,9,-2716.4793692434678,416240
27050,0.0,9,-2716.4793692434678,416249
27051,-1.25,14,-2717.7293692434678,416263
27052,0.0,7,-2717.7293692434678,416270
27053,3.0,6,-2714.7293692434678,416276
27054,6.5,14,-2708.2293692434678,416290
27055,3.1666666666666665,8,-2705.0627025768013,416298
27056,11.2,20,-2693.8627025768014,416318
27057,4.0,28,-2689.8627025768014,416346
27058,4.0,21,-2685.8627025768014,416367
27059,1.0,18,-2684.8627025768014,416385
27060,0.0,6,-2684.8627025768014,416391
27061,-2.5,9,-2687.3627025768014,416400
27062,-1.8,14,-2689.1627025768016,416414
27063,0.0,3,-2689.1627025768016,416417
27064,-10.0,14,-2699.1627025768016,416431
27065,-6.333333333333333,32,-2705.496035910135,416463
27066,-4.0,29,-2709.496035910135,416492
27067,1.75,7,-2707.746035910135,416499
27068,0.0,6,-2707.746035910135,416505
27069,0.0,5,-2707.746035910135,416510
27070,0.0,6,-2707.746035910135,416516
27071,-2.5,5,-2710.246035910135,416521
27072,0.0,5,-2710.246035910135,416526
27073,0.0,12,-2710.246035910135,416538
27074,-1.0,9,-2711.246035910135,416547
27075,-0.5,8,-2711.746035910135,416555
27076,-2.5,16,-2714.246035910135,416571
27077,1.1666666666666665,16,-2713.0793692434686,416587
27078,-6.233333333333333,19,-2719.3127025768017,416606
27079,2.1666666666666665,20,-2717.146035910135,416626
27080,0.0,4,-2717.146035910135,416630
27081,1.0,17,-2716.146035910135,416647
27082,3.0,20,-2713.146035910135,416667
27083,-0.8333333333333335,13,-2713.9793692434687,416680
27084,6.75,16,-2707.2293692434687,416696
27085,1.1666666666666665,17,-2706.062702576802,416713
27086,-0.5,5,-2706.562702576802,416718
27087,-2.0,20,-2708.562702576802,416738
27088,0.0,1,-2708.562702576802,416739
27089,-4.0,4,-2712.562702576802,416743
27090,-2.0,2,-2714.562702576802,416745
27091,-0.33333333333333326,8,-2714.8960359101357,416753
27092,8.666666666666668,31,-2706.229369243469,416784
27093,5.8088235294117645,27,-2700.4205457140574,416811
27094,-1.5,28,-2701.9205457140574,416839
27095,-1.333333333333333,11,-2703.253879047391,416850
27096,0.0,18,-2703.253879047391,416868
27097,-4.333333333333333,16,-2707.5872123807244,416884
27098,-0.8,13,-2708.3872123807246,416897
27099,-0.4047619047619051,24,-2708.7919742854865,416921
27100,0.0,4,-2708.7919742854865,416925
27101,4.0,5,-2704.7919742854865,416930
27102,2.4,25,-2702.3919742854864,416955
27103,1.0,15,-2701.3919742854864,416970
27104,-1.4545454545454546,25,-2702.846519740032,416995
27105,-2.0,20,-2704.846519740032,417015
27106,0.75,7,-2704.096519740032,417022
27107,1.0,14,-2703.096519740032,417036
27108,-5.311688311688313,22,-2708.40820805172,417058
27109,-7.833333333333333,16,-2716.2415413850536,417074
27110,-1.0,10,-2717.2415413850536,417084
27111,-0.316666666666667,29,-2717.55820805172,417113
27112,1.45,18,-2716.1082080517203,417131
27113,-4.0,30,-2720.1082080517203,417161
27114,-3.5682539682539685,26,-2723.676462019974,417187
27115,2.0,22,-2721.676462019974,417209
27116,-5.0,17,-2726.676462019974,417226
27117,-4.133333333333333,20,-2730.8097953533074,417246
27118,0.0,2,-2730.8097953533074,417248
27119,0.0,2,-2730.8097953533074,417250
27120,0.0,8,-2730.8097953533074,417258
27121,-1.5714285714285714,5,-2732.381223924736,417263
27122,-2.0,19,-2734.381223924736,417282
27123,0.0,3,-2734.381223924736,417285
27124,0.0,3,-2734.381223924736,417288
27125,2.666666666666667,20,-2731.7145572580694,417308
27126,-3.333333333333333,12,-2735.047890591403,417320
27127,-3.1666666666666665,16,-2738.2145572580694,417336
27128,3.0,1,-2735.2145572580694,417337
27129,-2.0,17,-2737.2145572580694,417354
27130,-2.0,7,-2739.2145572580694,417361
27131,-1.0,8,-2740.2145572580694,417369
27132,-1.5,24,-2741.7145572580694,417393
27133,1.0,8,-2740.7145572580694,417401
27134,-6.6,24,-2747.3145572580693,417425
27135,-7.333333333333333,23,-2754.6478905914028,417448
27136,-4.833333333333334,36,-2759.4812239247362,417484
27137,-2.5,9,-2761.9812239247362,417493
27138,-7.0,35,-2768.9812239247362,417528
27139,0.0,11,-2768.9812239247362,417539
27140,-5.583333333333333,19,-2774.5645572580697,417558
27141,3.75,28,-2770.8145572580697,417586
27142,-5.611111111111111,28,-2776.425668369181,417614
27143,-7.0,13,-2783.425668369181,417627
27144,-6.836363636363637,51,-2790.262032005545,417678
27145,0.36363636363636354,15,-2789.8983956419083,417693
27146,7.5,13,-2782.3983956419083,417706
27147,-1.0,18,-2783.3983956419083,417724
27148,-1.0,7,-2784.3983956419083,417731
27149,-0.1428571428571428,14,-2784.5412527847657,417745
27150,-8.0,31,-2792.5412527847657,417776
27151,10.333333333333332,34,-2782.207919451432,417810
27152,5.666666666666666,35,-2776.5412527847657,417845
27153,-5.083333333333333,44,-2781.624586118099,417889
27154,0.1428571428571428,20,-2781.481728975242,417909
27155,5.142857142857142,26,-2776.3388718323845,417935
27156,-10.5,31,-2786.8388718323845,417966
27157,0.0,7,-2786.8388718323845,417973
27158,-2.7333333333333343,17,-2789.5722051657176,417990
27159,-6.4,13,-2795.9722051657177,418003
27160,3.0,6,-2792.9722051657177,418009
27161,4.9,38,-2788.0722051657176,418047
27162,1.5,31,-2786.5722051657176,418078
27163,-0.33333333333333326,19,-2786.905538499051,418097
27164,0.0,5,-2786.905538499051,418102
27165,-3.0,12,-2789.905538499051,418114
27166,2.3238095238095244,33,-2787.5817289752417,418147
27167,-2.0,13,-2789.5817289752417,418160
27168,8.833333333333334,40,-2780.7483956419082,418200
27169,0.5,4,-2780.2483956419082,418204
27170,-2.5,19,-2782.7483956419082,418223
27171,-1.833333333333333,28,-2784.5817289752417,418251
27172,-6.3,28,-2790.881728975242,418279
27173,-2.0,19,-2792.881728975242,418298
27174,3.0,18,-2789.881728975242,418316
27175,1.0,28,-2788.881728975242,418344
27176,1.5000000000000002,20,-2787.381728975242,418364
27177,-1.0,15,-2788.381728975242,418379
27178,2.4444444444444446,40,-2785.9372845307976,418419
27179,-11.0,35,-2796.9372845307976,418454
27180,-7.833333333333334,25,-2804.770617864131,418479
27181,-2.0,12,-2806.770617864131,418491
27182,-4.0,13,-2810.770617864131,418504
27183,-5.0,19,-2815.770617864131,418523
27184,-0.33333333333333326,11,-2816.1039511974645,418534
27185,-1.3333333333333333,2,-2817.437284530798,418536
27186,-4.0,7,-2821.437284530798,418543
27187,-2.0,16,-2823.437284530798,418559
27188,-2.466666666666667,24,-2825.9039511974647,418583
27189,-1.0,4,-2826.9039511974647,418587
27190,0.0,5,-2826.9039511974647,418592
27191,0.0,15,-2826.9039511974647,418607
27192,1.0,4,-2825.9039511974647,418611
27193,-1.0,4,-2826.9039511974647,418615
27194,-0.5,5,-2827.4039511974647,418620
27195,-1.3333333333333333,2,-2828.737284530798,418622
27196,0.7,8,-2828.0372845307984,418630
27197,-5.0,11,-2833.0372845307984,418641
27198,-0.33333333333333326,3,-2833.370617864132,418644
27199,0.19999999999999996,10,-2833.170617864132,418654
27200,-0.375,19,-2833.545617864132,418673
27201,-9.0,12,-2842.545617864132,418685
27202,-1.5,13,-2844.045617864132,418698
27203,3.5,20,-2840.545617864132,418718
27204,3.0,14,-2837.545617864132,418732
27205,-1.5,18,-2839.045617864132,418750
27206,0.0,1,-2839.045617864132,418751
27207,-1.9411764705882355,8,-2840.9867943347203,418759
27208,0.9333333333333333,6,-2840.053461001387,418765
27209,2.6999999999999997,29,-2837.353461001387,418794
27210,-3.6,12,-2840.953461001387,418806
27211,3.5,19,-2837.453461001387,418825
27212,2.4,18,-2835.053461001387,418843
27213,1.6666666666666667,11,-2833.3867943347204,418854
27214,1.0,10,-2832.3867943347204,418864
27215,3.0,19,-2829.3867943347204,418883
27216,2.0,6,-2827.3867943347204,418889
27217,-2.0,17,-2829.3867943347204,418906
27218,-7.0,20,-2836.3867943347204,418926
27219,8.0,31,-2828.3867943347204,418957
27220,1.0,23,-2827.3867943347204,418980
27221,2.333333333333334,16,-2825.053461001387,418996
27222,-0.2999999999999998,12,-2825.353461001387,419008
27223,-2.0,8,-2827.353461001387,419016
27224,0.0,6,-2827.353461001387,419022
27225,-5.8,27,-2833.1534610013873,419049
27226,1.5,9,-2831.6534610013873,419058
27227,2.0,17,-2829.6534610013873,419075
27228,-4.5,8,-2834.1534610013873,419083
27229,-1.0,30,-2835.1534610013873,419113
27230,4.5,13,-2830.6534610013873,419126
27231,7.25,18,-2823.4034610013873,419144
27232,6.25,16,-2817.1534610013873,419160
27233,9.833333333333332,35,-2807.320127668054,419195
27234,2.333333333333333,7,-2804.9867943347203,419202
27235,-0.5,5,-2805.4867943347203,419207
27236,-0.5,5,-2805.9867943347203,419212
27237,6.333333333333334,23,-2799.653461001387,419235
27238,5.75,24,-2793.903461001387,419259
27239,2.433333333333333,26,-2791.4701276680535,419285
27240,-0.5,4,-2791.9701276680535,419289
27241,-6.738095238095238,43,-2798.708222906149,419332
27242,2.0,31,-2796.708222906149,419363
27243,5.25,12,-2791.458222906149,419375
27244,-0.5,3,-2791.958222906149,419378
27245,-13.785714285714285,30,-2805.743937191863,419408
27246,0.0,7,-2805.743937191863,419415
27247,-4.0,23,-2809.743937191863,419438
27248,-11.5,24,-2821.243937191863,419462
27249,-0.8571428571428572,37,-2822.1010800490058,419499
27250,10.0,32,-2812.1010800490058,419531
27251,6.5,17,-2805.6010800490058,419548
27252,0.3333333333333333,5,-2805.2677467156723,419553
27253,4.0,5,-2801.2677467156723,419558
27254,2.333333333333333,22,-2798.934413382339,419580
27255,3.1666666666666665,14,-2795.7677467156723,419594
27256,0.0,3,-2795.7677467156723,419597
27257,2.0,17,-2793.7677467156723,419614
27258,6.5,34,-2787.2677467156723,419648
27259,-1.1538461538461537,7,-2788.4215928695185,419655
27260,-0.5333333333333334,8,-2788.9549262028518,419663
27261,-5.416666666666666,33,-2794.3715928695183,419696
27262,1.0,12,-2793.3715928695183,419708
27263,-0.08333333333333348,30,-2793.4549262028518,419738
27264,-7.0,23,-2800.4549262028518,419761
27265,-11.375,15,-2811.8299262028518,419776
27266,-5.25,45,-2817.0799262028518,419821
27267,-3.6666666666666665,18,-2820.7465928695183,419839
27268,-2.666666666666667,18,-2823.413259536185,419857
27269,0.0,11,-2823.413259536185,419868
27270,-2.111111111111111,17,-2825.524370647296,419885
27271,-1.5,12,-2827.024370647296,419897
27272,-2.0,11,-2829.024370647296,419908
27273,-2.5,12,-2831.524370647296,419920
27274,1.0,8,-2830.524370647296,419928
27275,-2.0,5,-2832.524370647296,419933
27276,-1.0,1,-2833.524370647296,419934
27277,2.75,4,-2830.774370647296,419938
27278,1.0,6,-2829.774370647296,419944
27279,-3.833333333333333,15,-2833.6077039806296,419959
27280,1.0,6,-2832.6077039806296,419965
27281,-4.0,13,-2836.6077039806296,419978
27282,-2.0,5,-2838.6077039806296,419983
27283,-5.0,25,-2843.6077039806296,420008
27284,1.3333333333333333,5,-2842.274370647296,420013
27285,0.0,2,-2842.274370647296,420015
27286,0.0,3,-2842.274370647296,420018
27287,2.0,5,-2840.274370647296,420023
27288,0.0,5,-2840.274370647296,420028
27289,0.0,8,-2840.274370647296,420036
27290,2.2,14,-2838.0743706472963,420050
27291,-2.071428571428571,11,-2840.1457992187247,420061
27292,3.0,7,-2837.1457992187247,420068
27293,2.2,2,-2834.945799218725,420070
27294,0.0,3,-2834.945799218725,420073
27295,0.0,7,-2834.945799218725,420080
27296,1.1428571428571428,7,-2833.8029420758676,420087
27297,-0.5,3,-2834.3029420758676,420090
27298,-0.5,2,-2834.8029420758676,420092
27299,0.0,7,-2834.8029420758676,420099
27300,0.0,7,-2834.8029420758676,420106
27301,-0.5,2,-2835.3029420758676,420108
27302,1.0,17,-2834.3029420758676,420125
27303,-2.0,13,-2836.3029420758676,420138
27304,-2.5,6,-2838.8029420758676,420144
27305,-1.5,13,-2840.3029420758676,420157
27306,-6.0,7,-2846.3029420758676,420164
27307,2.0,11,-2844.3029420758676,420175
27308,2.0,6,-2842.3029420758676,420181
27309,2.1666666666666665,7,-2840.136275409201,420188
27310,-5.0,18,-2845.136275409201,420206
27311,-3.0,13,-2848.136275409201,420219
27312,2.0,5,-2846.136275409201,420224
27313,-1.25,9,-2847.386275409201,420233
27314,-2.166666666666667,14,-2849.5529420758676,420247
27315,0.0,11,-2849.5529420758676,420258
27316,0.0,7,-2849.5529420758676,420265
27317,1.0,11,-2848.5529420758676,420276
27318,-9.583333333333334,26,-2858.136275409201,420302
27319,3.0,24,-2855.136275409201,420326
27320,-1.0,6,-2856.136275409201,420332
27321,-1.0,4,-2857.136275409201,420336
27322,-2.0,5,-2859.136275409201,420341
27323,0.0,10,-2859.136275409201,420351
27324,-1.0,1,-2860.136275409201,420352
27325,0.0,6,-2860.136275409201,420358
27326,8.0,7,-2852.136275409201,420365
27327,3.0,7,-2849.136275409201,420372
27328,-1.0,7,-2850.136275409201,420379
27329,2.0,15,-2848.136275409201,420394
27330,0.0,3,-2848.136275409201,420397
27331,2.3333333333333335,5,-2845.8029420758676,420402
27332,-0.6666666666666667,17,-2846.469608742534,420419
27333,1.666666666666667,11,-2844.8029420758676,420430
27334,0.13888888888888873,24,-2844.664053186979,420454
27335,-3.0,14,-2847.664053186979,420468
27336,-1.4,3,-2849.064053186979,420471
27337,5.0,7,-2844.064053186979,420478
27338,0.0,9,-2844.064053186979,420487
27339,-2.0,6,-2846.064053186979,420493
27340,0.0,6,-2846.064053186979,420499
27341,1.0,5,-2845.064053186979,420504
27342,-6.0,16,-2851.064053186979,420520
27343,0.0,7,-2851.064053186979,420527
27344,-1.8333333333333333,11,-2852.8973865203125,420538
27345,-3.4,7,-2856.2973865203126,420545
27346,0.0,9,-2856.2973865203126,420554
27347,-4.5,10,-2860.7973865203126,420564
27348,2.3428571428571425,27,-2858.4545293774554,420591
27349,3.0,5,-2855.4545293774554,420596
27350,-1.3571428571428572,15,-2856.811672234598,420611
27351,-7.133333333333333,34,-2863.9450055679313,420645
27352,-7.333333333333333,19,-2871.2783389012648,420664
27353,-3.357142857142857,6,-2874.6354817584074,420670
27354,-5.833333333333334,26,-2880.468815091741,420696
27355,-0.25,7,-2880.718815091741,420703
27356,1.6666666666666667,10,-2879.0521484250744,420713
27357,1.0,6,-2878.0521484250744,420719
27358,0.3333333333333333,6,-2877.718815091741,420725
27359,3.0,9,-2874.718815091741,420734
27360,0.0,11,-2874.718815091741,420745
27361,2.0,7,-2872.718815091741,420752
27362,1.0,17,-2871.718815091741,420769
27363,-1.0,14,-2872.718815091741,420783
27364,-1.880952380952381,22,-2874.599767472693,420805
27365,-1.0,8,-2875.599767472693,420813
27366,2.0,20,-2873.599767472693,420833
27367,-9.5,15,-2883.099767472693,420848
27368,-5.5,15,-2888.599767472693,420863
27369,4.0,14,-2884.599767472693,420877
27370,0.0,11,-2884.599767472693,420888
27371,9.366666666666667,12,-2875.2331008060264,420900
27372,2.0,2,-2873.2331008060264,420902
27373,2.0,23,-2871.2331008060264,420925
27374,-9.0,21,-2880.2331008060264,420946
27375,1.5,9,-2878.7331008060264,420955
27376,-0.5,5,-2879.2331008060264,420960
27377,-2.1428571428571423,23,-2881.3759579488838,420983
27378,-0.33333333333333326,18,-2881.7092912822172,421001
27379,-2.333333333333333,19,-2884.0426246155507,421020
27380,-2.3333333333333335,17,-2886.375957948884,421037
27381,-1.7402597402597402,55,-2888.116217689144,421092
27382,-1.5,18,-2889.616217689144,421110
27383,-5.190476190476191,20,-2894.80669387962,421130
27384,2.5,12,-2892.30669387962,421142
27385,-4.0,19,-2896.30669387962,421161
27386,-0.6666666666666667,16,-2896.9733605462866,421177
27387,-0.3999999999999999,10,-2897.3733605462867,421187
27388,-0.5,4,-2897.8733605462867,421191
27389,-3.5,23,-2901.3733605462867,421214
27390,-4.8,15,-2906.173360546287,421229
27391,-3.0,4,-2909.173360546287,421233
27392,-5.0,7,-2914.173360546287,421240
27393,-1.0,13,-2915.173360546287,421253
27394,0.0,11,-2915.173360546287,421264
27395,-1.0,14,-2916.173360546287,421278
27396,-1.5,18,-2917.673360546287,421296
27397,-3.75,14,-2921.423360546287,421310
27398,4.666666666666666,32,-2916.7566938796203,421342
27399,-0.14285714285714285,4,-2916.8995510224777,421346
27400,-2.25,7,-2919.1495510224777,421353
27401,-1.5,12,-2920.6495510224777,421365
27402,0.0,17,-2920.6495510224777,421382
27403,0.0,6,-2920.6495510224777,421388
27404,-2.25,22,-2922.8995510224777,421410
27405,-2.0,11,-2924.8995510224777,421421
27406,0.0,2,-2924.8995510224777,421423
27407,3.3333333333333335,4,-2921.566217689144,421427
27408,-3.0,22,-2924.566217689144,421449
27409,0.0,5,-2924.566217689144,421454
27410,-1.0,8,-2925.566217689144,421462
27411,0.14285714285714285,12,-2925.423360546287,421474
27412,2.0,3,-2923.423360546287,421477
27413,-3.0,6,-2926.423360546287,421483
27414,-7.033333333333333,61,-2933.45669387962,421544
27415,-6.0,9,-2939.45669387962,421553
27416,-2.75,15,-2942.20669387962,421568
27417,2.0,7,-2940.20669387962,421575
27418,-1.1666666666666667,8,-2941.3733605462867,421583
27419,1.0,1,-2940.3733605462867,421584
27420,0.0,2,-2940.3733605462867,421586
27421,0.5,4,-2939.8733605462867,421590
27422,2.0,10,-2937.8733605462867,421600
27423,0.0,1,-2937.8733605462867,421601
27424,-4.0,6,-2941.8733605462867,421607
27425,1.0,2,-2940.8733605462867,421609
27426,0.33333333333333326,22,-2940.540027212953,421631
27427,-2.4,4,-2942.9400272129533,421635
27428,2.142857142857143,20,-2940.797170070096,421655
27429,0.0,3,-2940.797170070096,421658
27430,0.0,8,-2940.797170070096,421666
27431,1.9166666666666665,17,-2938.8805034034294,421683
27432,-2.5,6,-2941.3805034034294,421689
27433,-4.238095238095238,21,-2945.618598641525,421710
27434,-0.5,2,-2946.118598641525,421712
27435,-3.2,23,-2949.3185986415247,421735
27436,3.5,11,-2945.8185986415247,421746
27437,-0.6666666666666667,10,-2946.485265308191,421756
27438,1.3333333333333333,11,-2945.1519319748577,421767
27439,5.333333333333333,10,-2939.818598641524,421777
27440,1.6,7,-2938.2185986415243,421784
27441,3.0,7,-2935.2185986415243,421791
27442,2.283333333333333,21,-2932.935265308191,421812
27443,-1.25,15,-2934.185265308191,421827
27444,1.0,18,-2933.185265308191,421845
27445,2.4761904761904763,12,-2930.7090748320006,421857
27446,0.3333333333333333,16,-2930.375741498667,421873
27447,3.0,8,-2927.375741498667,421881
27448,-3.0,27,-2930.375741498667,421908
27449,0.33333333333333337,8,-2930.0424081653337,421916
27450,-1.6,22,-2931.6424081653336,421938
27451,-6.5,20,-2938.1424081653336,421958
27452,1.0,11,-2937.1424081653336,421969
27453,3.0,33,-2934.1424081653336,422002
27454,3.0,3,-2931.1424081653336,422005
27455,7.0,15,-2924.1424081653336,422020
27456,0.0,4,-2924.1424081653336,422024
27457,0.3333333333333333,5,-2923.809074832,422029
27458,1.0,2,-2922.809074832,422031
27459,-0.8,5,-2923.6090748320003,422036
27460,-2.0,4,-2925.6090748320003,422040
27461,0.3333333333333333,6,-2925.275741498667,422046
27462,1.0,3,-2924.275741498667,422049
27463,-1.0,2,-2925.275741498667,422051
27464,0.6000000000000001,5,-2924.675741498667,422056
27465,-1.0,4,-2925.675741498667,422060
27466,-5.0,9,-2930.675741498667,422069
27467,0.8333333333333333,11,-2929.8424081653334,422080
27468,0.8333333333333333,16,-2929.009074832,422096
27469,5.5,9,-2923.509074832,422105
27470,7.333333333333333,18,-2916.1757414986664,422123
27471,4.909090909090909,36,-2911.2666505895754,422159
27472,-2.333333333333333,20,-2913.599983922909,422179
27473,6.428571428571429,31,-2907.1714124943373,422210
27474,-4.904761904761905,17,-2912.0761743990993,422227
27475,-2.0,5,-2914.0761743990993,422232
27476,0.0,6,-2914.0761743990993,422238
27477,0.0,5,-2914.0761743990993,422243
27478,-2.0,16,-2916.0761743990993,422259
27479,6.0,11,-2910.0761743990993,422270
27480,-1.25,5,-2911.3261743990993,422275
27481,-0.6499999999999998,6,-2911.9761743990994,422281
27482,-2.8,16,-2914.7761743990995,422297
27483,4.0,25,-2910.7761743990995,422322
27484,-1.0,5,-2911.7761743990995,422327
27485,-1.0666666666666667,11,-2912.842841065766,422338
27486,-5.333333333333333,13,-2918.1761743990996,422351
27487,0.0,13,-2918.1761743990996,422364
27488,-1.9545454545454546,19,-2920.130719853645,422383
27489,5.0,16,-2915.130719853645,422399
27490,3.0,8,-2912.130719853645,422407
27491,2.25,2,-2909.880719853645,422409
27492,2.0,6,-2907.880719853645,422415
27493,3.0,4,-2904.880719853645,422419
27494,0.0,1,-2904.880719853645,422420
27495,-1.0,10,-2905.880719853645,422430
27496,4.055555555555555,19,-2901.8251642980895,422449
27497,2.888888888888889,16,-2898.936275409201,422465
27498,6.75,26,-2892.186275409201,422491
27499,-2.25,10,-2894.436275409201,422501
27500,1.0,6,-2893.436275409201,422507
27501,-1.0,19,-2894.436275409201,422526
27502,-6.071428571428571,21,-2900.5077039806292,422547
27503,4.666666666666667,16,-2895.8410373139627,422563
27504,-1.5,14,-2897.3410373139627,422577
27505,-9.166666666666668,37,-2906.5077039806292,422614
27506,1.8333333333333335,41,-2904.6743706472957,422655
27507,-1.0,11,-2905.6743706472957,422666
27508,0.0,7,-2905.6743706472957,422673
27509,-10.0,24,-2915.6743706472957,422697
27510,0.5,20,-2915.1743706472957,422717
27511,0.666666666666667,50,-2914.5077039806292,422767
27512,4.666666666666667,27,-2909.8410373139627,422794
27513,-1.0,21,-2910.8410373139627,422815
27514,2.0,5,-2908.8410373139627,422820
27515,0.0,9,-2908.8410373139627,422829
27516,-7.875,19,-2916.7160373139627,422848
27517,-3.166666666666667,35,-2919.8827039806292,422883
27518,-9.277777777777779,27,-2929.160481758407,422910
27519,3.75,16,-2925.410481758407,422926
27520,0.0,1,-2925.410481758407,422927
27521,0.0,3,-2925.410481758407,422930
27522,-3.333333333333333,20,-2928.7438150917405,422950
27523,2.5,4,-2926.2438150917405,422954
27524,0.8088235294117647,26,-2925.434991562329,422980
27525,5.0,10,-2920.434991562329,422990
27526,3.0,22,-2917.434991562329,423012
27527,-5.0,16,-2922.434991562329,423028
27528,0.3333333333333334,10,-2922.1016582289953,423038
27529,0.0,17,-2922.1016582289953,423055
27530,3.0,17,-2919.1016582289953,423072
27531,1.6,19,-2917.5016582289954,423091
27532,0.0,3,-2917.5016582289954,423094
27533,-2.0,12,-2919.5016582289954,423106
27534,-2.333333333333333,15,-2921.834991562329,423121
27535,-6.5,23,-2928.334991562329,423144
27536,0.0,17,-2928.334991562329,423161
27537,-1.3333333333333333,4,-2929.6683248956624,423165
27538,1.0,5,-2928.6683248956624,423170
27539,-0.14285714285714285,4,-2928.8111820385197,423174
27540,1.0,4,-2927.8111820385197,423178
27541,2.6,15,-2925.21118203852,423193
27542,2.0,12,-2923.21118203852,423205
27543,-0.5,14,-2923.71118203852,423219
27544,0.0,10,-2923.71118203852,423229
27545,0.25,6,-2923.46118203852,423235
27546,6.678571428571428,24,-2916.7826106099483,423259
27547,-7.0,9,-2923.7826106099483,423268
27548,-1.5,5,-2925.2826106099483,423273
27549,-3.7333333333333334,37,-2929.0159439432814,423310
27550,0.4285714285714286,12,-2928.58737251471,423322
27551,-7.487878787878788,23,-2936.0752513025886,423345
27552,-3.4571428571428573,23,-2939.5323941597317,423368
27553,4.0,12,-2935.5323941597317,423380
27554,-2.0,6,-2937.5323941597317,423386
27555,-4.0,21,-2941.5323941597317,423407
27556,1.0,1,-2940.5323941597317,423408
27557,4.0,6,-2936.5323941597317,423414
27558,1.0,4,-2935.5323941597317,423418
27559,-1.0,3,-2936.5323941597317,423421
27560,-2.4333333333333336,19,-2938.965727493065,423440
27561,3.0,13,-2935.965727493065,423453
27562,1.0,2,-2934.965727493065,423455
27563,-4.166666666666666,17,-2939.1323941597316,423472
27564,2.5,21,-2936.6323941597316,423493
27565,0.0,4,-2936.6323941597316,423497
27566,4.0,25,-2932.6323941597316,423522
27567,-3.0,22,-2935.6323941597316,423544
27568,-3.5,22,-2939.1323941597316,423566
27569,0.5,11,-2938.6323941597316,423577
27570,6.476190476190475,24,-2932.156203683541,423601
27571,5.083333333333334,14,-2927.0728703502077,423615
27572,-1.0,11,-2928.0728703502077,423626
27573,-3.0,20,-2931.0728703502077,423646
27574,-6.99047619047619,35,-2938.063346540684,423681
27575,0.0,4,-2938.063346540684,423685
27576,-4.666666666666667,19,-2942.7300132073506,423704
27577,1.7,31,-2941.0300132073507,423735
27578,-3.5,12,-2944.5300132073507,423747
27579,3.333333333333333,5,-2941.1966798740173,423752
27580,-5.0,15,-2946.1966798740173,423767
27581,1.0,14,-2945.1966798740173,423781
27582,5.333333333333334,14,-2939.863346540684,423795
27583,-3.6666666666666665,6,-2943.5300132073503,423801
27584,-3.6666666666666665,4,-2947.196679874017,423805
27585,-3.6666666666666665,4,-2950.8633465406833,423809
27586,-0.6666666666666666,7,-2951.53001320735,423816
27587,-6.666666666666667,11,-2958.1966798740164,423827
27588,2.25,10,-2955.9466798740164,423837
27589,-2.5,7,-2958.4466798740164,423844
27590,4.5,17,-2953.9466798740164,423861
27591,0.0,12,-2953.9466798740164,423873
27592,4.0,21,-2949.9466798740164,423894
27593,1.0,4,-2948.9466798740164,423898
27594,3.0,7,-2945.9466798740164,423905
27595,4.0,14,-2941.9466798740164,423919
27596,-1.0,9,-2942.9466798740164,423928
27597,-3.0,4,-2945.9466798740164,423932
27598,-0.3999999999999999,18,-2946.3466798740164,423950
27599,-1.0,4,-2947.3466798740164,423954
27600,-4.666666666666667,9,-2952.013346540683,423963
27601,-1.0,19,-2953.013346540683,423982
27602,4.833333333333333,8,-2948.1800132073495,423990
27603,0.0,10,-2948.1800132073495,424000
27604,-2.6666666666666665,22,-2950.846679874016,424022
27605,4.2,10,-2946.646679874016,424032
27606,-4.0,30,-2950.646679874016,424062
27607,0.5,6,-2950.146679874016,424068
27608,-6.166666666666667,17,-2956.3133465406827,424085
27609,1.0,1,-2955.3133465406827,424086
27610,1.0,2,-2954.3133465406827,424088
27611,-1.3333333333333333,3,-2955.646679874016,424091
27612,0.0,2,-2955.646679874016,424093
27613,2.75,10,-2952.896679874016,424103
27614,0.0,3,-2952.896679874016,424106
27615,0.21212121212121193,14,-2952.684558661895,424120
27616,0.0,1,-2952.684558661895,424121
27617,0.6666666666666667,9,-2952.0178919952286,424130
27618,1.0833333333333333,17,-2950.934558661895,424147
27619,-2.3333333333333335,15,-2953.2678919952286,424162
27620,1.0,4,-2952.2678919952286,424166
27621,0.5,18,-2951.7678919952286,424184
27622,-6.0,15,-2957.7678919952286,424199
27623,-4.603174603174603,24,-2962.371066598403,424223
27624,-4.0,9,-2966.371066598403,424232
27625,-8.0,11,-2974.371066598403,424243
27626,-2.0,16,-2976.371066598403,424259
27627,-0.5,7,-2976.871066598403,424266
27628,4.0,17,-2972.871066598403,424283
27629,-2.0,3,-2974.871066598403,424286
27630,-3.666666666666667,11,-2978.5377332650696,424297
27631,2.5,9,-2976.0377332650696,424306
27632,-0.6000000000000001,9,-2976.6377332650695,424315
27633,0.0,5,-2976.6377332650695,424320
27634,5.0,10,-2971.6377332650695,424330
27635,5.0,10,-2966.6377332650695,424340
27636,1.0,16,-2965.6377332650695,424356
27637,0.5,14,-2965.1377332650695,424370
27638,-3.0,17,-2968.1377332650695,424387
27639,3.0,6,-2965.1377332650695,424393
27640,-3.0,9,-2968.1377332650695,424402
27641,0.0,8,-2968.1377332650695,424410
27642,0.0,13,-2968.1377332650695,424423
27643,4.1,15,-2964.0377332650696,424438
27644,2.076190476190476,13,-2961.9615427888793,424451
27645,5.6,27,-2956.3615427888794,424478
27646,1.0,9,-2955.3615427888794,424487
27647,4.333333333333333,12,-2951.028209455546,424499
27648,9.666666666666664,36,-2941.3615427888794,424535
27649,0.0,31,-2941.3615427888794,424566
27650,-3.0,22,-2944.3615427888794,424588
27651,0.0,26,-2944.3615427888794,424614
27652,8.744444444444444,48,-2935.617098344435,424662
27653,-4.0,9,-2939.617098344435,424671
27654,-1.25,9,-2940.867098344435,424680
27655,3.75,9,-2937.117098344435,424689
27656,-1.75,11,-2938.867098344435,424700
27657,-2.25,16,-2941.117098344435,424716
27658,-3.4000000000000004,17,-2944.517098344435,424733
27659,0.0,2,-2944.517098344435,424735
27660,0.0,9,-2944.517098344435,424744
27661,5.583333333333333,17,-2938.9337650111015,424761
27662,-0.3333333333333335,27,-2939.267098344435,424788
27663,2.5,10,-2936.767098344435,424798
27664,-0.25,11,-2937.017098344435,424809
27665,4.0,19,-2933.017098344435,424828
27666,-15.838095238095239,48,-2948.8551935825303,424876
27667,-2.0,13,-2950.8551935825303,424889
27668,-4.916666666666667,32,-2955.771860249197,424921
27669,0.0,13,-2955.771860249197,424934
27670,0.0,13,-2955.771860249197,424947
27671,2.6666666666666665,12,-2953.1051935825303,424959
27672,-2.0,11,-2955.1051935825303,424970
27673,-3.0,14,-2958.1051935825303,424984
27674,0.20000000000000007,20,-2957.9051935825305,425004
27675,-1.0,11,-2958.9051935825305,425015
27676,-2.5238095238095237,16,-2961.42900310634,425031
27677,-1.0,10,-2962.42900310634,425041
27678,-11.142857142857142,24,-2973.5718602491975,425065
27679,0.3333333333333333,5,-2973.238526915864,425070
27680,0.0,9,-2973.238526915864,425079
27681,2.0,27,-2971.238526915864,425106
27682,-3.0,5,-2974.238526915864,425111
27683,-0.25,6,-2974.488526915864,425117
27684,-4.0,5,-2978.488526915864,425122
27685,-5.0,14,-2983.488526915864,425136
27686,-6.0,15,-2989.488526915864,425151
27687,4.5,14,-2984.988526915864,425165
27688,-2.25,11,-2987.238526915864,425176
27689,2.25,12,-2984.988526915864,425188
27690,-0.5714285714285714,10,-2985.5599554872924,425198
27691,-2.25,6,-2987.8099554872924,425204
27692,5.083333333333334,34,-2982.726622153959,425238
27693,-2.0,5,-2984.726622153959,425243
27694,-0.642857142857143,10,-2985.3694792968163,425253
27695,-5.933333333333334,22,-2991.3028126301497,425275
27696,-6.0,19,-2997.3028126301497,425294
27697,-2.0,23,-2999.3028126301497,425317
27698,-1.6694444444444443,34,-3000.972257074594,425351
27699,1.0,16,-2999.972257074594,425367
27700,3.75,6,-2996.222257074594,425373
27701,1.0,20,-2995.222257074594,425393
27702,-2.3333333333333335,8,-2997.5555904079274,425401
27703,2.0,3,-2995.5555904079274,425404
27704,2.75,22,-2992.8055904079274,425426
27705,6.333333333333333,25,-2986.472257074594,425451
27706,1.6666666666666667,7,-2984.8055904079274,425458
27707,0.6000000000000001,34,-2984.2055904079275,425492
27708,1.0,20,-2983.2055904079275,425512
27709,-3.333333333333333,14,-2986.538923741261,425526
27710,-1.0,9,-2987.538923741261,425535
27711,0.0,2,-2987.538923741261,425537
27712,6.0,20,-2981.538923741261,425557
27713,0.0,3,-2981.538923741261,425560
27714,-3.0,3,-2984.538923741261,425563
27715,1.4285714285714286,4,-2983.1103523126894,425567
27716,-3.0,6,-2986.1103523126894,425573
27717,-10.666666666666668,22,-2996.777018979356,425595
27718,-6.0,15,-3002.777018979356,425610
27719,-4.266666666666667,18,-3007.043685646023,425628
27720,-2.75,29,-3009.793685646023,425657
27721,6.833333333333334,47,-3002.9603523126893,425704
27722,-1.3333333333333335,8,-3004.293685646023,425712
27723,-1.5,6,-3005.793685646023,425718
27724,1.0,8,-3004.793685646023,425726
27725,2.166666666666667,23,-3002.6270189793563,425749
27726,4.5,13,-2998.1270189793563,425762
27727,-1.1111111111111112,8,-2999.2381300904676,425770
27728,-1.0,9,-3000.2381300904676,425779
27729,-0.08333333333333348,9,-3000.321463423801,425788
27730,-0.5,3,-3000.821463423801,425791
27731,-2.0,28,-3002.821463423801,425819
27732,6.0,11,-2996.821463423801,425830
27733,-8.333333333333332,12,-3005.1547967571346,425842
27734,8.166666666666666,16,-2996.988130090468,425858
27735,-2.0,16,-2998.988130090468,425874
27736,-4.166666666666666,25,-3003.1547967571346,425899
27737,1.0,15,-3002.1547967571346,425914
27738,0.3333333333333333,5,-3001.821463423801,425919
27739,-2.3333333333333335,34,-3004.1547967571346,425953
27740,-2.2777777777777777,23,-3006.4325745349124,425976
27741,-0.7,13,-3007.1325745349122,425989
27742,-4.966666666666667,28,-3012.099241201579,426017
27743,0.22222222222222232,20,-3011.8770189793568,426037
27744,-1.3333333333333333,12,-3013.2103523126902,426049
27745,3.666666666666667,6,-3009.5436856460237,426055
27746,2.666666666666667,5,-3006.877018979357,426060
27747,-12.166666666666666,44,-3019.0436856460237,426104
27748,-3.1538461538461533,22,-3022.19753179987,426126
27749,0.6666666666666665,8,-3021.5308651332034,426134
27750,-4.566666666666667,14,-3026.09753179987,426148
27751,0.3333333333333333,5,-3025.7641984665365,426153
27752,4.0,21,-3021.7641984665365,426174
27753,2.0,11,-3019.7641984665365,426185
27754,-0.6666666666666665,16,-3020.430865133203,426201
27755,0.0,1,-3020.430865133203,426202
27756,1.0,3,-3019.430865133203,426205
27757,-1.3571428571428572,21,-3020.7880079903457,426226
27758,0.0,1,-3020.7880079903457,426227
27759,-0.19047619047619047,7,-3020.978484180822,426234
27760,0.3333333333333333,6,-3020.6451508474884,426240
27761,0.0,3,-3020.6451508474884,426243
27762,-1.3571428571428572,34,-3022.002293704631,426277
27763,7.000000000000001,37,-3015.002293704631,426314
27764,-0.25,28,-3015.252293704631,426342
27765,2.3,25,-3012.952293704631,426367
27766,0.0,7,-3012.952293704631,426374
27767,0.5555555555555556,18,-3012.396738149075,426392
27768,3.1904761904761907,28,-3009.206261958599,426420
27769,14.666666666666668,24,-2994.5395952919325,426444
27770,3.0,3,-2991.5395952919325,426447
27771,0.666666666666667,17,-2990.872928625266,426464
27772,1.5,15,-2989.372928625266,426479
27773,-5.0,11,-2994.372928625266,426490
27774,1.0,4,-2993.372928625266,426494
27775,10.399999999999999,40,-2982.972928625266,426534
27776,1.8333333333333337,40,-2981.1395952919324,426574
27777,-7.607142857142858,76,-2988.746738149075,426650
27778,0.0,12,-2988.746738149075,426662
27779,-2.0,11,-2990.746738149075,426673
27780,-3.5999999999999996,21,-2994.346738149075,426694
27781,10.0,21,-2984.346738149075,426715
27782,4.5,14,-2979.846738149075,426729
27783,1.6666666666666667,15,-2978.1800714824085,426744
27784,2.0,17,-2976.1800714824085,426761
27785,3.0,16,-2973.1800714824085,426777
27786,0.0,4,-2973.1800714824085,426781
27787,0.0,2,-2973.1800714824085,426783
27788,2.5,8,-2970.6800714824085,426791
27789,3.833333333333333,24,-2966.846738149075,426815
27790,-4.5,22,-2971.346738149075,426837
27791,-2.2983193277310923,18,-2973.645057476806,426855
27792,-0.75,7,-2974.395057476806,426862
27793,-2.2214285714285715,22,-2976.6164860482345,426884
27794,0.2,6,-2976.4164860482347,426890
27795,2.5,5,-2973.9164860482347,426895
27796,3.0,14,-2970.9164860482347,426909
27797,-2.0,15,-2972.9164860482347,426924
27798,-1.0,8,-2973.9164860482347,426932
27799,2.0,12,-2971.9164860482347,426944
27800,0.5999999999999996,29,-2971.3164860482348,426973
27801,10.0,25,-2961.3164860482348,426998
27802,0.0,7,-2961.3164860482348,427005
27803,0.0,3,-2961.3164860482348,427008
27804,0.0,4,-2961.3164860482348,427012
27805,2.6,24,-2958.716486048235,427036
27806,2.0,6,-2956.716486048235,427042
27807,-3.3333333333333335,26,-2960.0498193815683,427068
27808,3.5,15,-2956.5498193815683,427083
27809,1.0,14,-2955.5498193815683,427097
27810,0.0,4,-2955.5498193815683,427101
27811,3.6666666666666665,13,-2951.883152714902,427114
27812,-3.666666666666667,9,-2955.5498193815683,427123
27813,-1.6666666666666667,14,-2957.216486048235,427137
27814,1.0,27,-2956.216486048235,427164
27815,4.75,26,-2951.466486048235,427190
27816,2.1666666666666665,19,-2949.2998193815683,427209
27817,-6.666666666666667,26,-2955.966486048235,427235
27818,2.0,6,-2953.966486048235,427241
27819,0.6666666666666665,22,-2953.2998193815683,427263
27820,2.6666666666666665,41,-2950.633152714902,427304
27821,-2.2,11,-2952.8331527149016,427315
27822,1.0,19,-2951.8331527149016,427334
27823,2.3571428571428568,22,-2949.476009857759,427356
27824,1.25,12,-2948.226009857759,427368
27825,2.0,25,-2946.226009857759,427393
27826,1.3333333333333333,5,-2944.8926765244255,427398
27827,2.0,12,-2942.8926765244255,427410
27828,-1.3333333333333333,23,-2944.226009857759,427433
27829,-5.644444444444445,21,-2949.8704543022036,427454
27830,-8.166666666666668,35,-2958.03712096887,427489
27831,1.333333333333333,32,-2956.7037876355366,427521
27832,1.233333333333333,40,-2955.4704543022035,427561
27833,3.666666666666666,22,-2951.803787635537,427583
27834,1.0,6,-2950.803787635537,427589
27835,-3.0,3,-2953.803787635537,427592
27836,3.878787878787879,20,-2949.924999756749,427612
27837,0.7,15,-2949.224999756749,427627
27838,1.25,10,-2947.974999756749,427637
27839,-2.166666666666667,18,-2950.1416664234157,427655
27840,3.0,14,-2947.1416664234157,427669
27841,0.5,34,-2946.6416664234157,427703
27842,-5.0,24,-2951.6416664234157,427727
27843,4.2,7,-2947.441666423416,427734
27844,-0.5,10,-2947.941666423416,427744
27845,0.0,2,-2947.941666423416,427746
27846,2.0,20,-2945.941666423416,427766
27847,2.0,8,-2943.941666423416,427774
27848,-3.0,8,-2946.941666423416,427782
27849,-3.0,16,-2949.941666423416,427798
27850,1.0,13,-2948.941666423416,427811
27851,-6.273015873015874,65,-2955.214682296432,427876
27852,-1.4242424242424239,20,-2956.6389247206744,427896
27853,-5.666666666666668,37,-2962.305591387341,427933
27854,8.833333333333332,22,-2953.4722580540074,427955
27855,-9.666666666666668,38,-2963.138924720674,427993
27856,-0.16666666666666674,32,-2963.3055913873404,428025
27857,2.409090909090909,47,-2960.8965004782494,428072
27858,3.0,10,-2957.8965004782494,428082
27859,1.5555555555555556,6,-2956.340944922694,428088
27860,-3.0,4,-2959.340944922694,428092
27861,2.6,9,-2956.740944922694,428101
27862,-6.800000000000001,17,-2963.540944922694,428118
27863,2.5,6,-2961.040944922694,428124
27864,-4.0,7,-2965.040944922694,428131
27865,2.5,21,-2962.540944922694,428152
27866,-3.0,5,-2965.540944922694,428157
27867,2.0,5,-2963.540944922694,428162
27868,0.0,3,-2963.540944922694,428165
27869,1.5,8,-2962.040944922694,428173
27870,3.0,13,-2959.040944922694,428186
27871,0.0,2,-2959.040944922694,428188
27872,-2.5,13,-2961.540944922694,428201
27873,2.0,15,-2959.540944922694,428216
27874,0.0,4,-2959.540944922694,428220
27875,0.0,4,-2959.540944922694,428224
27876,0.0,2,-2959.540944922694,428226
27877,1.0,13,-2958.540944922694,428239
27878,8.0,28,-2950.540944922694,428267
27879,2.0,9,-2948.540944922694,428276
27880,3.0,5,-2945.540944922694,428281
27881,-1.0,8,-2946.540944922694,428289
27882,-2.8083333333333336,10,-2949.3492782560274,428299
27883,-7.571428571428571,27,-2956.920706827456,428326
27884,0.0,5,-2956.920706827456,428331
27885,0.0,6,-2956.920706827456,428337
27886,6.2,20,-2950.720706827456,428357
27887,0.0,2,-2950.720706827456,428359
27888,-0.6666666666666667,11,-2951.3873734941226,428370
27889,-2.0,11,-2953.3873734941226,428381
27890,0.0,13,-2953.3873734941226,428394
27891,0.0,4,-2953.3873734941226,428398
27892,-3.0,18,-2956.3873734941226,428416
27893,1.6666666666666665,25,-2954.720706827456,428441
27894,0.0,7,-2954.720706827456,428448
27895,-5.0,4,-2959.720706827456,428452
27896,-0.9411764705882353,24,-2960.6618832980444,428476
27897,4.0588235294117645,13,-2956.6030597686326,428489
27898,6.0,12,-2950.6030597686326,428501
27899,0.0,1,-2950.6030597686326,428502
27900,-2.0,2,-2952.6030597686326,428504
27901,-1.0,1,-2953.6030597686326,428505
27902,-1.0,1,-2954.6030597686326,428506
27903,-0.3333333333333335,16,-2954.936393101966,428522
27904,-2.0,5,-2956.936393101966,428527
27905,-5.0,2,-2961.936393101966,428529
27906,1.5,16,-2960.436393101966,428545
27907,4.555555555555555,24,-2955.8808375464105,428569
27908,0.16666666666666652,18,-2955.714170879744,428587
27909,8.055555555555555,25,-2947.6586153241883,428612
27910,-0.5,5,-2948.1586153241883,428617
27911,0.5,20,-2947.6586153241883,428637
27912,-3.3333333333333335,35,-2950.991948657522,428672
27913,1.0,14,-2949.991948657522,428686
27914,0.0,8,-2949.991948657522,428694
27915,-2.5,16,-2952.491948657522,428710
27916,2.0,11,-2950.491948657522,428721
27917,0.16666666666666674,6,-2950.3252819908553,428727
27918,0.0,5,-2950.3252819908553,428732
27919,0.0,11,-2950.3252819908553,428743
27920,0.9285714285714286,11,-2949.3967105622837,428754
27921,4.666666666666666,9,-2944.730043895617,428763
27922,0.02857142857142847,25,-2944.7014724670457,428788
27923,5.388888888888888,20,-2939.312583578157,428808
27924,-2.0,9,-2941.312583578157,428817
27925,-1.5,6,-2942.812583578157,428823
27926,1.0,8,-2941.812583578157,428831
27927,3.1666666666666665,22,-2938.6459169114905,428853
27928,0.09999999999999998,11,-2938.5459169114906,428864
27929,-2.0,6,-2940.5459169114906,428870
27930,-8.0,18,-2948.5459169114906,428888
27931,14.0,26,-2934.5459169114906,428914
27932,4.678571428571429,24,-2929.867345482919,428938
27933,-7.333333333333333,16,-2937.2006788162525,428954
27934,1.0,6,-2936.2006788162525,428960
27935,-3.0,5,-2939.2006788162525,428965
27936,1.0,12,-2938.2006788162525,428977
27937,0.0,4,-2938.2006788162525,428981
27938,-1.0,4,-2939.2006788162525,428985
27939,0.0,4,-2939.2006788162525,428989
27940,-1.5,7,-2940.7006788162525,428996
27941,-1.5,1,-2942.2006788162525,428997
27942,0.0,6,-2942.2006788162525,429003
27943,-3.0,18,-2945.2006788162525,429021
27944,5.25,7,-2939.9506788162525,429028
27945,0.5,18,-2939.4506788162525,429046
27946,1.0,5,-2938.4506788162525,429051
27947,-1.0,21,-2939.4506788162525,429072
27948,3.0,11,-2936.4506788162525,429083
27949,-3.571428571428571,12,-2940.022107387681,429095
27950,-4.2,10,-2944.222107387681,429105
27951,-0.5,8,-2944.722107387681,429113
27952,0.0,5,-2944.722107387681,429118
27953,0.0,1,-2944.722107387681,429119
27954,-2.4,7,-2947.122107387681,429126
27955,4.25,13,-2942.872107387681,429139
27956,2.2,17,-2940.672107387681,429156
27957,2.75,20,-2937.922107387681,429176
27958,-1.0,20,-2938.922107387681,429196
27959,3.0,12,-2935.922107387681,429208
27960,-2.3999999999999995,31,-2938.322107387681,429239
27961,1.0,9,-2937.322107387681,429248
27962,1.0,5,-2936.322107387681,429253
27963,-3.666666666666667,30,-2939.9887740543477,429283
27964,-1.4666666666666666,9,-2941.4554407210144,429292
27965,-3.1428571428571423,23,-2944.5982978638717,429315
27966,2.0,13,-2942.5982978638717,429328
27967,1.6666666666666667,19,-2940.931631197205,429347
27968,-3.0,14,-2943.931631197205,429361
27969,3.0,1,-2940.931631197205,429362
27970,0.0,2,-2940.931631197205,429364
27971,3.0,13,-2937.931631197205,429377
27972,1.0,6,-2936.931631197205,429383
27973,1.0,3,-2935.931631197205,429386
27974,0.0,5,-2935.931631197205,429391
27975,1.0,4,-2934.931631197205,429395
27976,2.0,7,-2932.931631197205,429402
27977,2.0,3,-2930.931631197205,429405
27978,0.0,4,-2930.931631197205,429409
27979,2.7,9,-2928.2316311972054,429418
27980,-1.3333333333333335,17,-2929.564964530539,429435
27981,-5.666666666666667,10,-2935.2316311972054,429445
27982,-5.209523809523809,27,-2940.4411550067293,429472
27983,0,0,-2940.4411550067293,429472
27984,0,0,-2940.4411550067293,429472
27985,0,0,-2940.4411550067293,429472
27986,-4.333333333333334,3,-2944.774488340063,429475
27987,-4.333333333333334,6,-2949.1078216733963,429481
27988,0.0,4,-2949.1078216733963,429485
27989,3.0,6,-2946.1078216733963,429491
27990,3.0,12,-2943.1078216733963,429503
27991,1.0,10,-2942.1078216733963,429513
27992,-1.6111111111111112,4,-2943.7189327845076,429517
27993,-0.5,8,-2944.2189327845076,429525
27994,-8.5,20,-2952.7189327845076,429545
27995,0.7,9,-2952.018932784508,429554
27996,-2.0,5,-2954.018932784508,429559
27997,-5.944444444444445,13,-2959.963377228952,429572
27998,2.2,25,-2957.7633772289523,429597
27999,-3.0,30,-2960.7633772289523,429627
28000,3.0,19,-2957.7633772289523,429646
28001,2.75,9,-2955.0133772289523,429655
28002,-2.333333333333333,23,-2957.346710562286,429678
28003,4.0,13,-2953.346710562286,429691
28004,-2.75,20,-2956.096710562286,429711
28005,3.5,11,-2952.596710562286,429722
28006,0.0,10,-2952.596710562286,429732
28007,3.557142857142857,13,-2949.039567705143,429745
28008,-1.0,13,-2950.039567705143,429758
28009,6.0,16,-2944.039567705143,429774
28010,-1.0,6,-2945.039567705143,429780
28011,2.5,11,-2942.539567705143,429791
28012,0.5,6,-2942.039567705143,429797
28013,-0.3999999999999999,12,-2942.439567705143,429809
28014,10.152380952380952,21,-2932.287186752762,429830
28015,10.242857142857144,26,-2922.0443296099047,429856
28016,-2.0,7,-2924.0443296099047,429863
28017,-1.6904761904761905,24,-2925.734805800381,429887
28018,7.142857142857142,18,-2918.5919486575235,429905
28019,1.75,7,-2916.8419486575235,429912
28020,-2.0,12,-2918.8419486575235,429924
28021,0.3333333333333335,23,-2918.50861532419,429947
28022,0.0,17,-2918.50861532419,429964
28023,0.0,4,-2918.50861532419,429968
28024,3.0,16,-2915.50861532419,429984
28025,-4.0,37,-2919.50861532419,430021
28026,-2.2333333333333334,27,-2921.741948657523,430048
28027,3.0999999999999996,28,-2918.6419486575232,430076
28028,-7.0,5,-2925.6419486575232,430081
28029,-4.636363636363637,26,-2930.2783122938868,430107
28030,0.0,11,-2930.2783122938868,430118
28031,0.5,29,-2929.7783122938868,430147
28032,5.2,8,-2924.578312293887,430155
28033,-2.0,9,-2926.578312293887,430164
28034,-2.0,11,-2928.578312293887,430175
28035,3.0,6,-2925.578312293887,430181
28036,5.0,23,-2920.578312293887,430204
28037,-1.0,23,-2921.578312293887,430227
28038,0.0,6,-2921.578312293887,430233
28039,-3.0,4,-2924.578312293887,430237
28040,0.75,21,-2923.828312293887,430258
28041,2.5571428571428574,20,-2921.271169436744,430278
28042,1.0,6,-2920.271169436744,430284
28043,-1.0,7,-2921.271169436744,430291
28044,4.0,30,-2917.271169436744,430321
28045,4.0,4,-2913.271169436744,430325
28046,5.0,8,-2908.271169436744,430333
28047,0.0,2,-2908.271169436744,430335
28048,0,0,-2908.271169436744,430335
28049,0,0,-2908.271169436744,430335
28050,-4.333333333333333,20,-2912.6045027700775,430355
28051,3.533333333333333,38,-2909.071169436744,430393
28052,-6.083333333333333,15,-2915.1545027700777,430408
28053,10.11111111111111,34,-2905.0433916589664,430442
28054,0.0,4,-2905.0433916589664,430446
28055,-2.0,13,-2907.0433916589664,430459
28056,1.0,4,-2906.0433916589664,430463
28057,1.75,15,-2904.2933916589664,430478
28058,2.2,20,-2902.0933916589665,430498
28059,-0.25,11,-2902.3433916589665,430509
28060,1.0,6,-2901.3433916589665,430515
28061,10.0,14,-2891.3433916589665,430529
28062,-5.7,41,-2897.0433916589664,430570
28063,0.0,21,-2897.0433916589664,430591
28064,-7.0,10,-2904.0433916589664,430601
28065,3.0,15,-2901.0433916589664,430616
28066,0.0,22,-2901.0433916589664,430638
28067,16.976190476190474,31,-2884.067201182776,430669
28068,5.0,9,-2879.067201182776,430678
28069,7.2,19,-2871.867201182776,430697
28070,0,0,-2871.867201182776,430697
28071,0,0,-2871.867201182776,430697
28072,0,0,-2871.867201182776,430697
28073,-1.1333333333333333,6,-2873.0005345161094,430703
28074,-11.0,25,-2884.0005345161094,430728
28075,-1.133333333333333,34,-2885.1338678494426,430762
28076,2.2333333333333325,26,-2882.9005345161095,430788
28077,5.0,19,-2877.9005345161095,430807
28078,5.85,14,-2872.0505345161096,430821
28079,-0.16666666666666669,17,-2872.217201182776,430838
28080,0.0,24,-2872.217201182776,430862
28081,-1.8333333333333335,9,-2874.0505345161096,430871
28082,1.0,6,-2873.0505345161096,430877
28083,-3.4,9,-2876.4505345161097,430886
28084,1.25,15,-2875.2005345161097,430901
28085,-8.0,30,-2883.2005345161097,430931
28086,0,0,-2883.2005345161097,430931
28087,0,0,-2883.2005345161097,430931
28088,0,0,-2883.2005345161097,430931
28089,0.2,4,-2883.00053451611,430935
28090,-2.5,15,-2885.50053451611,430950
28091,-2.8,10,-2888.30053451611,430960
28092,-1.3714285714285714,14,-2889.6719630875386,430974
28093,2.0,15,-2887.6719630875386,430989
28094,-1.0,23,-2888.6719630875386,431012
28095,-3.0,4,-2891.6719630875386,431016
28096,1.5,13,-2890.1719630875386,431029
28097,6.0,6,-2884.1719630875386,431035
28098,0.0,5,-2884.1719630875386,431040
28099,0.0,9,-2884.1719630875386,431049
28100,3.0,6,-2881.1719630875386,431055
28101,5.0,19,-2876.1719630875386,431074
28102,-1.6666666666666667,4,-2877.838629754205,431078
28103,0.5,14,-2877.338629754205,431092
28104,3.0,5,-2874.338629754205,431097
28105,1.6428571428571428,11,-2872.695772611348,431108
28106,-2.333333333333333,14,-2875.0291059446813,431122
28107,5.95,22,-2869.0791059446815,431144
28108,1.0,10,-2868.0791059446815,431154
28109,-8.0,11,-2876.0791059446815,431165
28110,2.0,13,-2874.0791059446815,431178
28111,-1.0,8,-2875.0791059446815,431186
28112,0.25,8,-2874.8291059446815,431194
28113,-4.0,13,-2878.8291059446815,431207
28114,-3.0,11,-2881.8291059446815,431218
28115,-6.0,9,-2887.8291059446815,431227
28116,-0.9411764705882353,22,-2888.77028241527,431249
28117,-3.5,28,-2892.27028241527,431277
28118,-2.0,1,-2894.27028241527,431278
28119,2.0,1,-2892.27028241527,431279
28120,1.0,6,-2891.27028241527,431285
28121,0.0,5,-2891.27028241527,431290
28122,-1.3333333333333333,15,-2892.6036157486033,431305
28123,-2.0,6,-2894.6036157486033,431311
28124,0.0,6,-2894.6036157486033,431317
28125,-7.666666666666668,42,-2902.27028241527,431359
28126,3.0,13,-2899.27028241527,431372
28127,1.0,17,-2898.27028241527,431389
28128,1.0,3,-2897.27028241527,431392
28129,11.75,24,-2885.52028241527,431416
28130,-2.0,4,-2887.52028241527,431420
28131,-1.0,18,-2888.52028241527,431438
28132,0.0,6,-2888.52028241527,431444
28133,3.75,13,-2884.77028241527,431457
28134,-12.166666666666668,31,-2896.9369490819363,431488
28135,-2.0,6,-2898.9369490819363,431494
28136,-1.0666666666666673,22,-2900.003615748603,431516
28137,2.3333333333333335,6,-2897.6702824152694,431522
28138,-2.0,3,-2899.6702824152694,431525
28139,0.3999999999999999,26,-2899.2702824152693,431551
28140,-2.0,13,-2901.2702824152693,431564
28141,-1.5714285714285714,5,-2902.8417109866978,431569
28142,-0.3333333333333335,11,-2903.1750443200312,431580
28143,-1.3333333333333333,2,-2904.5083776533647,431582
28144,-1.0,4,-2905.5083776533647,431586
28145,-0.33333333333333326,7,-2905.841710986698,431593
28146,-1.3333333333333333,10,-2907.1750443200317,431603
28147,-1.3333333333333333,4,-2908.508377653365,431607
28148,-1.0,6,-2909.508377653365,431613
28149,-1.0,10,-2910.508377653365,431623
28150,-1.5714285714285714,4,-2912.0798062247936,431627
28151,2.0,11,-2910.0798062247936,431638
28152,-2.5,4,-2912.5798062247936,431642
28153,-2.0,8,-2914.5798062247936,431650
28154,0.0,5,-2914.5798062247936,431655
28155,1.2,14,-2913.379806224794,431669
28156,6.7,12,-2906.679806224794,431681
28157,-2.0,2,-2908.679806224794,431683
28158,0.0,3,-2908.679806224794,431686
28159,1.0,5,-2907.679806224794,431691
28160,0.2,4,-2907.479806224794,431695
28161,-1.0,10,-2908.479806224794,431705
28162,-5.7,15,-2914.179806224794,431720
28163,-6.75,15,-2920.929806224794,431735
28164,1.0,10,-2919.929806224794,431745
28165,1.8333333333333333,14,-2918.0964728914605,431759
28166,1.0,8,-2917.0964728914605,431767
28167,-4.0,9,-2921.0964728914605,431776
28168,5.0,12,-2916.0964728914605,431788
28169,-1.8333333333333333,13,-2917.929806224794,431801
28170,2.0,13,-2915.929806224794,431814
28171,0.0,6,-2915.929806224794,431820
28172,0.6000000000000001,11,-2915.329806224794,431831
28173,-3.0,4,-2918.329806224794,431835
28174,1.0,12,-2917.329806224794,431847
28175,1.75,12,-2915.579806224794,431859
28176,9.166666666666666,37,-2906.4131395581276,431896
28177,4.0,13,-2902.4131395581276,431909
28178,-7.199999999999999,28,-2909.6131395581274,431937
28179,-3.0,10,-2912.6131395581274,431947
28180,3.749999999999999,48,-2908.8631395581274,431995
28181,8.944444444444445,43,-2899.918695113683,432038
28182,1.0,17,-2898.918695113683,432055
28183,10.0,23,-2888.918695113683,432078
28184,0.0,8,-2888.918695113683,432086
28185,0.0,5,-2888.918695113683,432091
28186,4.0,12,-2884.918695113683,432103
28187,-2.7777777777777777,10,-2887.696472891461,432113
28188,-3.0,10,-2890.696472891461,432123
28189,-6.5,32,-2897.196472891461,432155
28190,-1.0,4,-2898.196472891461,432159
28191,6.0,13,-2892.196472891461,432172
28192,-3.0,9,-2895.196472891461,432181
28193,-1.0,7,-2896.196472891461,432188
28194,3.5,6,-2892.696472891461,432194
28195,12.178571428571429,20,-2880.5179014628893,432214
28196,3.0,4,-2877.5179014628893,432218
28197,0.47619047619047616,8,-2877.041710986699,432226
28198,-4.0,4,-2881.041710986699,432230
28199,0.0,8,-2881.041710986699,432238
28200,0.2,8,-2880.841710986699,432246
28201,2.5,23,-2878.341710986699,432269
28202,-3.0,7,-2881.341710986699,432276
28203,2.95,8,-2878.3917109866993,432284
28204,-0.30000000000000004,6,-2878.6917109866995,432290
28205,12.666666666666666,24,-2866.025044320033,432314
28206,-3.0,3,-2869.025044320033,432317
28207,0.9285714285714286,15,-2868.0964728914614,432332
28208,0.9166666666666667,10,-2867.179806224795,432342
28209,1.3333333333333333,21,-2865.8464728914614,432363
28210,0.0,3,-2865.8464728914614,432366
28211,9.333333333333334,27,-2856.513139558128,432393
28212,5.0,30,-2851.513139558128,432423
28213,0.0,7,-2851.513139558128,432430
28214,10.0,17,-2841.513139558128,432447
28215,7.666666666666667,18,-2833.8464728914614,432465
28216,1.3333333333333333,18,-2832.513139558128,432483
28217,-3.0,8,-2835.513139558128,432491
28218,-1.3333333333333333,16,-2836.8464728914614,432507
28219,-3.25,18,-2840.0964728914614,432525
28220,-2.083333333333333,19,-2842.179806224795,432544
28221,-5.5,22,-2847.679806224795,432566
28222,0.5,21,-2847.179806224795,432587
28223,-0.5,19,-2847.679806224795,432606
28224,2.5,23,-2845.179806224795,432629
28225,0.0,18,-2845.179806224795,432647
28226,-2.0,29,-2847.179806224795,432676
28227,3.0,13,-2844.179806224795,432689
28228,-12.0,44,-2856.179806224795,432733
28229,12.0,15,-2844.179806224795,432748
28230,-6.333333333333333,11,-2850.5131395581284,432759
28231,0.0,6,-2850.5131395581284,432765
28232,-4.166666666666667,18,-2854.679806224795,432783
28233,0.0,5,-2854.679806224795,432788
28234,1.2000000000000002,33,-2853.479806224795,432821
28235,0.6666666666666667,15,-2852.8131395581286,432836
28236,0.666666666666667,24,-2852.146472891462,432860
28237,2.0,12,-2850.146472891462,432872
28238,-0.5,5,-2850.646472891462,432877
28239,1.0,9,-2849.646472891462,432886
28240,0.1428571428571428,26,-2849.5036157486047,432912
28241,3.6666666666666665,18,-2845.836949081938,432930
28242,2.142857142857142,64,-2843.694091939081,432994
28243,1.25,24,-2842.444091939081,433018
28244,2.4000000000000004,32,-2840.0440919390808,433050
28245,0.0,5,-2840.0440919390808,433055
28246,-2.071428571428573,33,-2842.115520510509,433088
28247,3.5,8,-2838.615520510509,433096
28248,-2.1666666666666665,23,-2840.7821871771757,433119
28249,0.75,5,-2840.0321871771757,433124
28250,-0.5,4,-2840.5321871771757,433128
28251,0.75,17,-2839.7821871771757,433145
28252,0.0,9,-2839.7821871771757,433154
28253,-3.6666666666666665,5,-2843.4488538438422,433159
28254,0.75,11,-2842.6988538438422,433170
28255,0.0,6,-2842.6988538438422,433176
28256,-2.0,5,-2844.6988538438422,433181
