Sentence,AFINN Score of Sentence,Sentence Word Count,Total AFINN Score,Total Words
1,0.0,14,0.0,14
2,-4.6,18,-4.6,32
3,-0.5,46,-5.1,78
4,0.3999999999999999,39,-4.699999999999999,117
5,-1.5,28,-6.199999999999999,145
6,6.75,30,0.5500000000000007,175
7,-1.25,16,-0.6999999999999993,191
8,0.0,20,-0.6999999999999993,211
9,2.0,5,1.3000000000000007,216
10,0.0,2,1.3000000000000007,218
11,1.0,5,2.3000000000000007,223
12,1.5,18,3.8000000000000007,241
13,-0.6666666666666665,40,3.133333333333334,281
14,1.6121212121212123,32,4.745454545454546,313
15,-1.666666666666667,12,3.078787878787879,325
16,-2.937878787878788,15,0.1409090909090911,340
17,-9.25,45,-9.10909090909091,385
18,-0.5,16,-9.60909090909091,401
19,-9.666666666666666,42,-19.275757575757574,443
20,1.0,14,-18.275757575757574,457
21,-2.0,6,-20.275757575757574,463
22,-7.949999999999999,56,-28.225757575757573,519
23,-8.333333333333332,6,-36.559090909090905,525
24,7.7666666666666675,85,-28.79242424242424,610
25,0.0,7,-28.79242424242424,617
26,-2.65,12,-31.442424242424238,629
27,0.5,7,-30.942424242424238,636
28,4.333333333333333,8,-26.609090909090906,644
29,-1.583333333333333,28,-28.192424242424238,672
30,-4.75,17,-32.94242424242424,689
31,3.5,12,-29.442424242424238,701
32,5.277777777777778,48,-24.16464646464646,749
33,-1.5,7,-25.66464646464646,756
34,12.666666666666668,40,-12.997979797979792,796
35,1.2000000000000002,35,-11.797979797979792,831
36,0.6,9,-11.197979797979793,840
37,0.6,15,-10.597979797979793,855
38,-3.0,14,-13.597979797979793,869
39,3.0,3,-10.597979797979793,872
40,0.0,2,-10.597979797979793,874
41,4.0,24,-6.597979797979793,898
42,-2.0,6,-8.597979797979793,904
43,1.5,25,-7.097979797979793,929
44,3.6666666666666665,13,-3.4313131313131264,942
45,4.0,15,0.5686868686868736,957
46,0.0,5,0.5686868686868736,962
47,7.616666666666667,39,8.18535353535354,1001
48,-2.633333333333333,49,5.552020202020207,1050
49,3.166666666666667,13,8.718686868686873,1063
50,-2.0,6,6.7186868686868735,1069
51,-0.06666666666666687,69,6.652020202020207,1138
52,-5.5,13,1.152020202020207,1151
53,6.2,23,7.352020202020207,1174
54,0.0,24,7.352020202020207,1198
55,0.5,11,7.852020202020207,1209
56,-0.6666666666666666,12,7.18535353535354,1221
57,-0.33333333333333326,7,6.852020202020207,1228
58,1.5,3,8.352020202020206,1231
59,1.0,22,9.352020202020206,1253
60,-1.6749999999999998,48,7.6770202020202065,1301
61,14.05952380952381,29,21.736544011544016,1330
62,2.0,27,23.736544011544016,1357
63,2.1,38,25.836544011544017,1395
64,-2.6666666666666665,7,23.16987734487735,1402
65,-5.916666666666666,16,17.253210678210685,1418
66,0.0,1,17.253210678210685,1419
67,2.0,10,19.253210678210685,1429
68,2.2,4,21.453210678210684,1433
69,0.2,4,21.653210678210684,1437
70,1.5999999999999996,32,23.253210678210685,1469
71,1.3333333333333335,19,24.586544011544017,1488
72,3.3333333333333335,33,27.91987734487735,1521
73,3.6428571428571423,27,31.56273448773449,1548
74,2.7,29,34.26273448773449,1577
75,6.5,38,40.76273448773449,1615
76,-1.6363636363636362,32,39.12637085137086,1647
77,-6.607142857142858,25,32.519227994228004,1672
78,0.5,13,33.019227994228004,1685
79,-1.3333333333333335,37,31.68589466089467,1722
80,6.785714285714285,45,38.47160894660895,1767
81,-3.0,22,35.47160894660895,1789
82,-7.507375957375958,101,27.964232989232997,1890
83,2.25,24,30.214232989232997,1914
84,1.5,26,31.714232989232997,1940
85,2.0833333333333335,52,33.79756632256633,1992
86,-8.3,19,25.497566322566332,2011
87,-4.55,56,20.94756632256633,2067
88,0.44999999999999996,39,21.39756632256633,2106
89,1.0,23,22.39756632256633,2129
90,5.666666666666666,46,28.064232989233,2175
91,2.75,24,30.814232989233,2199
92,3.0,28,33.814232989233,2227
93,-3.75,23,30.064232989233,2250
94,3.2,29,33.264232989233,2279
95,-0.5,25,32.764232989233,2304
96,-1.8333333333333335,26,30.93089965589967,2330
97,1.0,18,31.93089965589967,2348
98,-6.9714285714285715,27,24.959471084471097,2375
99,0.0,9,24.959471084471097,2384
100,3.833333333333333,47,28.79280441780443,2431
101,3.5,65,32.29280441780443,2496
102,1.0,18,33.29280441780443,2514
103,-3.0,16,30.292804417804433,2530
104,0.0,27,30.292804417804433,2557
105,-2.4,18,27.892804417804435,2575
106,-1.0,11,26.892804417804435,2586
107,0.25,28,27.142804417804435,2614
108,2.0,6,29.142804417804435,2620
109,0.5833333333333333,15,29.726137751137767,2635
110,-1.4166666666666667,18,28.3094710844711,2653
111,-1.5,22,26.8094710844711,2675
112,-8.5,25,18.3094710844711,2700
113,-2.083333333333333,53,16.226137751137767,2753
114,7.6,56,23.826137751137765,2809
115,-5.566666666666666,25,18.259471084471098,2834
116,0.0,13,18.259471084471098,2847
117,-0.3999999999999999,30,17.8594710844711,2877
118,-2.4725274725274726,28,15.386943611943627,2905
119,-3.9411764705882355,16,11.445767141355391,2921
120,6.0,31,17.44576714135539,2952
121,1.25,28,18.69576714135539,2980
122,1.5,22,20.19576714135539,3002
123,3.5,22,23.69576714135539,3024
124,-0.274509803921569,30,23.421257337433822,3054
125,-0.5,9,22.921257337433822,3063
126,0.3333333333333333,9,23.254590670767154,3072
127,2.666666666666667,6,25.921257337433822,3078
128,9.2,15,35.12125733743382,3093
129,2.3333333333333335,9,37.45459067076715,3102
130,4.2,20,41.654590670767156,3122
131,4.2,7,45.85459067076716,3129
132,-2.0,8,43.85459067076716,3137
133,-2.0,8,41.85459067076716,3145
134,-6.316666666666666,28,35.53792400410049,3173
135,2.5,16,38.03792400410049,3189
136,1.5,9,39.53792400410049,3198
137,6.800000000000001,42,46.337924004100486,3240
138,10.816666666666666,45,57.15459067076715,3285
139,0.0,26,57.15459067076715,3311
140,-0.7999999999999998,24,56.35459067076715,3335
141,0.0,35,56.35459067076715,3370
142,0.0,11,56.35459067076715,3381
143,-2.0,9,54.35459067076715,3390
144,-1.0,3,53.35459067076715,3393
145,-0.9411764705882353,22,52.41341420017892,3415
146,-0.33333333333333326,11,52.080080866845584,3426
147,2.0,15,54.080080866845584,3441
148,-2.0,5,52.080080866845584,3446
149,-1.25,43,50.830080866845584,3489
150,-0.7999999999999998,11,50.03008086684559,3500
151,-0.08333333333333326,14,49.94674753351225,3514
152,-2.5,32,47.44674753351225,3546
153,-3.666666666666667,31,43.78008086684559,3577
154,-3.0,24,40.78008086684559,3601
155,-2.5,17,38.28008086684559,3618
156,-3.333333333333333,16,34.94674753351225,3634
157,-4.119047619047619,54,30.82769991446463,3688
158,4.0,22,34.82769991446463,3710
159,4.0,5,38.82769991446463,3715
160,-2.0,23,36.82769991446463,3738
161,10.045454545454545,49,46.87315445991918,3787
162,0.0,20,46.87315445991918,3807
163,2.0,8,48.87315445991918,3815
164,-0.5,39,48.37315445991918,3854
165,-1.5,49,46.87315445991918,3903
166,5.5,21,52.37315445991918,3924
167,2.75,16,55.12315445991918,3940
168,4.25,6,59.37315445991918,3946
169,4.0,7,63.37315445991918,3953
170,2.75,7,66.12315445991918,3960
171,2.5,3,68.62315445991918,3963
172,0.0,2,68.62315445991918,3965
173,1.0,10,69.62315445991918,3975
174,5.0,6,74.62315445991918,3981
175,-6.0,10,68.62315445991918,3991
176,0.0,25,68.62315445991918,4016
177,0.0,5,68.62315445991918,4021
178,-0.5,13,68.12315445991918,4034
179,-5.583333333333333,14,62.53982112658584,4048
180,-1.4,7,61.139821126585844,4055
181,-2.4,25,58.739821126585845,4080
182,0.0,11,58.739821126585845,4091
183,5.811111111111112,21,64.55093223769695,4112
184,6.2,33,70.75093223769696,4145
185,-0.6499999999999999,46,70.10093223769695,4191
186,3.5,45,73.60093223769695,4236
187,0.0,17,73.60093223769695,4253
188,-1.05,30,72.55093223769695,4283
189,1.5454545454545454,51,74.0963867831515,4334
190,1.0,24,75.0963867831515,4358
191,4.333333333333333,22,79.42972011648483,4380
192,0.0,8,79.42972011648483,4388
193,-4.4,16,75.02972011648482,4404
194,1.0,2,76.02972011648482,4406
195,-9.566666666666666,19,66.46305344981816,4425
196,0.0,1,66.46305344981816,4426
197,0.0,1,66.46305344981816,4427
198,-2.0,3,64.46305344981816,4430
199,0.0,1,64.46305344981816,4431
200,-0.6666666666666666,7,63.7963867831515,4438
201,0.0,6,63.7963867831515,4444
202,0.6666666666666667,10,64.46305344981816,4454
203,-0.25,7,64.21305344981816,4461
204,2.5,9,66.71305344981816,4470
205,0.0,23,66.71305344981816,4493
206,0.0,1,66.71305344981816,4494
207,0.0,1,66.71305344981816,4495
208,4.083333333333334,18,70.79638678315149,4513
209,-10.333333333333334,24,60.463053449818155,4537
210,1.25,10,61.713053449818155,4547
211,-3.0245098039215694,26,58.68854364589659,4573
212,2.0,7,60.68854364589659,4580
213,2.8749999999999996,28,63.56354364589659,4608
214,1.6666666666666667,16,65.23021031256326,4624
215,5.6,17,70.83021031256325,4641
216,6.0,34,76.83021031256325,4675
217,14.545454545454543,57,91.3756648580178,4732
218,4.0,10,95.3756648580178,4742
219,-2.0,24,93.3756648580178,4766
220,1.0,12,94.3756648580178,4778
221,0.16666666666666674,27,94.54233152468447,4805
222,-1.0,29,93.54233152468447,4834
223,-0.5,16,93.04233152468447,4850
224,-9.021212121212121,58,84.02111940347235,4908
225,3.0,14,87.02111940347235,4922
226,6.39047619047619,36,93.41159559394855,4958
227,-4.0,31,89.41159559394855,4989
228,-0.666666666666667,38,88.74492892728188,5027
229,4.390476190476191,39,93.13540511775807,5066
230,2.6666666666666665,15,95.80207178442474,5081
231,0.33333333333333337,20,96.13540511775807,5101
232,4.0,36,100.13540511775807,5137
233,-2.083333333333333,25,98.05207178442474,5162
234,2.0,8,100.05207178442474,5170
235,4.999999999999999,31,105.05207178442474,5201
236,-0.75,20,104.30207178442474,5221
237,-7.633333333333334,34,96.6687384510914,5255
238,-2.75,18,93.9187384510914,5273
239,3.166666666666666,22,97.08540511775807,5295
240,3.416666666666667,24,100.50207178442474,5319
241,-1.0,31,99.50207178442474,5350
242,-6.52014652014652,60,92.98192526427822,5410
243,3.0,47,95.98192526427822,5457
244,4.333333333333334,40,100.31525859761155,5497
245,-0.6666666666666665,35,99.64859193094487,5532
246,6.783333333333333,30,106.4319252642782,5562
247,2.5,7,108.9319252642782,5569
248,1.0,36,109.9319252642782,5605
249,-0.5714285714285714,9,109.36049669284964,5614
250,1.0,1,110.36049669284964,5615
251,-1.0,6,109.36049669284964,5621
252,-2.5,50,106.86049669284964,5671
253,-0.2666666666666657,44,106.59383002618297,5715
254,1.8,23,108.39383002618297,5738
255,1.5,7,109.89383002618297,5745
256,2.7,16,112.59383002618297,5761
257,2.5,15,115.09383002618297,5776
258,5.6,53,120.69383002618297,5829
259,-4.871428571428571,90,115.8224014547544,5919
260,4.666666666666667,22,120.48906812142107,5941
261,-1.9411764705882353,31,118.54789165083284,5972
262,2.795454545454545,24,121.34334619628738,5996
263,-2.375,16,118.96834619628738,6012
264,-1.4,29,117.56834619628738,6041
265,-2.666666666666666,26,114.90167952962071,6067
266,1.5833333333333335,33,116.48501286295404,6100
267,3.0333333333333337,50,119.51834619628737,6150
268,3.0,7,122.51834619628737,6157
269,9.0,25,131.51834619628738,6182
270,-2.0,6,129.51834619628738,6188
271,4.75,17,134.26834619628738,6205
272,3.0,32,137.26834619628738,6237
273,-2.0,14,135.26834619628738,6251
274,5.699999999999998,87,140.96834619628737,6338
275,-0.2571428571428571,68,140.7112033391445,6406
276,2.5,20,143.2112033391445,6426
277,1.3333333333333333,39,144.54453667247785,6465
278,-7.357142857142858,83,137.18739381533499,6548
279,1.0,9,138.18739381533499,6557
280,-1.8333333333333335,30,136.35406048200164,6587
281,0.0,23,136.35406048200164,6610
282,-4.0,32,132.35406048200164,6642
283,-3.7714285714285714,38,128.58263191057307,6680
284,-0.7999999999999998,18,127.78263191057307,6698
285,-2.453781512605043,87,125.32885039796803,6785
286,5.0,32,130.32885039796804,6817
287,-1.333333333333333,27,128.9955170646347,6844
288,0.5,32,129.4955170646347,6876
289,-0.09999999999999987,20,129.3955170646347,6896
290,0.6666666666666667,17,130.06218373130136,6913
291,-5.68095238095238,61,124.38123135034898,6974
292,-4.571428571428571,46,119.80980277892041,7020
293,5.333333333333334,46,125.14313611225374,7066
294,-4.0,9,121.14313611225374,7075
295,-2.4,6,118.74313611225374,7081
296,1.6833333333333331,28,120.42646944558707,7109
297,5.583333333333333,35,126.0098027789204,7144
298,5.750000000000001,30,131.7598027789204,7174
299,3.25,20,135.0098027789204,7194
300,1.2857142857142856,20,136.29551706463468,7214
301,2.4749999999999996,59,138.77051706463467,7273
302,-8.375,72,130.39551706463467,7345
303,0.875,29,131.27051706463467,7374
304,1.0,13,132.27051706463467,7387
305,2.15,21,134.42051706463468,7408
306,-1.0,24,133.42051706463468,7432
307,3.666666666666666,26,137.08718373130134,7458
308,-1.0444444444444445,29,136.0427392868569,7487
309,6.0,33,142.0427392868569,7520
310,0.0588235294117645,22,142.10156281626865,7542
311,-5.0,30,137.10156281626865,7572
312,0.6666666666666667,31,137.7682294829353,7603
313,7.0,20,144.7682294829353,7623
314,5.333333333333333,32,150.10156281626865,7655
315,2.158823529411764,52,152.26038634568042,7707
316,8.058823529411764,42,160.31920987509218,7749
317,2.75,19,163.06920987509218,7768
318,-1.0,39,162.06920987509218,7807
319,-2.0,23,160.06920987509218,7830
320,1.0,17,161.06920987509218,7847
321,15.0,42,176.06920987509218,7889
322,1.0,19,177.06920987509218,7908
323,3.0,25,180.06920987509218,7933
324,5.0,46,185.06920987509218,7979
325,-5.833333333333333,44,179.23587654175884,8023
326,3.8928571428571423,52,183.12873368461598,8075
327,2.333333333333333,50,185.46206701794932,8125
328,0.0,35,185.46206701794932,8160
329,-0.8999999999999999,36,184.56206701794932,8196
330,-1.0,19,183.56206701794932,8215
331,0.25,41,183.81206701794932,8256
332,0.33333333333333326,6,184.14540035128266,8262
333,-8.222222222222221,78,175.92317812906043,8340
334,5.0,39,180.92317812906043,8379
335,-3.0,49,177.92317812906043,8428
336,-2.5,35,175.42317812906043,8463
337,2.0,16,177.42317812906043,8479
338,-1.4411764705882355,33,175.9820016584722,8512
339,3.916666666666667,47,179.89866832513886,8559
340,1.9166666666666667,24,181.8153349918055,8583
341,-3.9523809523809526,16,177.86295403942455,8599
342,5.3,32,183.16295403942456,8631
343,7.0,21,190.16295403942456,8652
344,-2.0,45,188.16295403942456,8697
345,2.2,29,190.36295403942455,8726
346,1.6,48,191.96295403942455,8774
347,-1.5,10,190.46295403942455,8784
348,-2.0,17,188.46295403942455,8801
349,-1.25,31,187.21295403942455,8832
350,-1.8333333333333335,10,185.3796207060912,8842
351,-2.0,26,183.3796207060912,8868
352,8.833333333333332,54,192.21295403942455,8922
353,2.5,31,194.71295403942455,8953
354,-2.0,17,192.71295403942455,8970
355,-4.55,42,188.16295403942453,9012
356,-4.741176470588235,42,183.4217775688363,9054
357,-1.6666666666666667,18,181.75511090216963,9072
358,2.0,18,183.75511090216963,9090
359,5.45,59,189.20511090216962,9149
360,-1.0238095238095237,55,188.1813013783601,9204
361,-3.75,27,184.4313013783601,9231
362,0.5,39,184.9313013783601,9270
363,-4.466666666666669,48,180.46463471169344,9318
364,0.6764705882352937,48,181.14110529992874,9366
365,9.0,44,190.14110529992874,9410
366,-2.0,21,188.14110529992874,9431
367,-1.8571428571428577,61,186.28396244278588,9492
368,-2.333333333333333,24,183.95062910945254,9516
369,3.5588235294117645,39,187.5094526388643,9555
370,-0.4285714285714286,23,187.0808812102929,9578
371,-2.6666666666666665,26,184.41421454362623,9604
372,7.166666666666667,28,191.5808812102929,9632
373,2.0,6,193.5808812102929,9638
374,4.666666666666667,23,198.24754787695954,9661
375,4.0,43,202.24754787695954,9704
376,1.0,26,203.24754787695954,9730
377,1.2000000000000002,33,204.44754787695953,9763
378,3.342857142857143,21,207.7904050198167,9784
379,3.0,25,210.7904050198167,9809
380,0.0,31,210.7904050198167,9840
381,-10.285714285714286,38,200.5046907341024,9878
382,6.0,36,206.5046907341024,9914
383,9.5,27,216.0046907341024,9941
384,11.5,44,227.5046907341024,9985
385,3.727777777777778,36,231.2324685118802,10021
386,1.0,8,232.2324685118802,10029
387,12.1,46,244.3324685118802,10075
388,0.41666666666666674,32,244.74913517854685,10107
389,8.0,36,252.74913517854685,10143
390,4.0,24,256.74913517854685,10167
391,-1.0,49,255.74913517854685,10216
392,-0.13333333333333286,33,255.61580184521353,10249
393,-4.333333333333334,38,251.28246851188018,10287
394,4.75,24,256.0324685118802,10311
395,0.33333333333333337,19,256.3658018452135,10330
396,-1.6666666666666667,32,254.69913517854687,10362
397,-0.33333333333333337,16,254.36580184521353,10378
398,3.229166666666666,47,257.5949685118802,10425
399,2.833333333333333,30,260.4283018452135,10455
400,1.1666666666666667,26,261.5949685118802,10481
401,7.0,11,268.5949685118802,10492
402,-2.246031746031746,39,266.34893676584846,10531
403,0.16666666666666674,12,266.51560343251515,10543
404,-3.357142857142857,33,263.1584605753723,10576
405,0.16666666666666674,9,263.325127242039,10585
406,10.416666666666666,42,273.7417939087057,10627
407,-0.13333333333333286,41,273.60846057537236,10668
408,-1.3333333333333333,22,272.27512724203905,10690
409,-0.33333333333333304,35,271.94179390870573,10725
410,4.666666666666666,117,276.6084605753724,10842
411,0.7254901960784315,44,277.3339507714509,10886
412,0.9333333333333336,41,278.2672841047842,10927
413,0.3333333333333339,49,278.6006174381175,10976
414,-2.0,14,276.6006174381175,10990
415,3.666666666666667,49,280.2672841047842,11039
416,-2.8,17,277.4672841047842,11056
417,3.333333333333333,56,280.8006174381175,11112
418,1.916666666666667,51,282.7172841047842,11163
419,-10.916666666666666,67,271.8006174381175,11230
420,-1.333333333333333,31,270.4672841047842,11261
421,-0.15000000000000036,41,270.3172841047842,11302
422,3.0,48,273.3172841047842,11350
423,0.20000000000000018,38,273.5172841047842,11388
424,-0.9411764705882353,7,272.576107634196,11395
425,3.6666666666666665,29,276.24277430086266,11424
426,3.0,20,279.24277430086266,11444
427,-0.666666666666667,37,278.576107634196,11481
428,-1.333333333333333,64,277.24277430086266,11545
429,-0.6904761904761905,23,276.55229811038646,11568
430,2.0,10,278.55229811038646,11578
431,-2.3999999999999995,26,276.1522981103865,11604
432,-2.0,9,274.1522981103865,11613
433,14.45,67,288.60229811038647,11680
434,3.666666666666667,10,292.26896477705316,11690
435,3.104978354978355,73,295.3739431320315,11763
436,5.222222222222221,61,300.59616535425374,11824
437,2.0,27,302.59616535425374,11851
438,0.4921568627450976,60,303.08832221699885,11911
439,13.677871148459385,101,316.7661933654582,12012
440,-2.333333333333333,21,314.4328600321249,12033
441,1.333333333333333,28,315.7661933654582,12061
442,3.545454545454545,32,319.31164791091277,12093
443,6.0,31,325.31164791091277,12124
444,0.0,19,325.31164791091277,12143
445,-4.466233766233766,52,320.845414144679,12195
446,-2.0,6,318.845414144679,12201
447,0.27045454545454595,81,319.11586869013354,12282
448,1.4333333333333327,57,320.5492020234669,12339
449,11.073232323232322,68,331.6224343466992,12407
450,6.433333333333334,44,338.05576768003255,12451
451,-8.133333333333333,55,329.9224343466992,12506
452,2.142857142857143,23,332.0652914895564,12529
453,3.75,28,335.8152914895564,12557
454,2.0,28,337.8152914895564,12585
455,3.8000000000000003,44,341.6152914895564,12629
456,-3.3333333333333335,31,338.2819581562231,12660
457,-3.0,42,335.2819581562231,12702
458,1.9333333333333336,52,337.2152914895564,12754
459,1.75,20,338.9652914895564,12774
460,-0.3999999999999999,27,338.56529148955644,12801
461,1.0,23,339.56529148955644,12824
462,-1.0,9,338.56529148955644,12833
463,-2.25,30,336.31529148955644,12863
464,1.2,22,337.51529148955643,12885
465,-6.0,33,331.51529148955643,12918
466,7.333333333333333,51,338.84862482288975,12969
467,-7.233333333333333,27,331.6152914895564,12996
468,1.0,19,332.6152914895564,13015
469,4.0,9,336.6152914895564,13024
470,-0.5833333333333333,15,336.0319581562231,13039
471,-1.371428571428571,65,334.6605295847945,13104
472,-3.1666666666666665,33,331.49386291812783,13137
473,-6.046212121212122,83,325.4476507969157,13220
474,-10.333333333333334,34,315.1143174635824,13254
475,0.5833333333333333,61,315.6976507969157,13315
476,3.0,23,318.6976507969157,13338
477,0.5333333333333333,17,319.23098413024906,13355
478,6.0,23,325.23098413024906,13378
479,7.119047619047619,26,332.35003174929665,13404
480,0.2,6,332.55003174929664,13410
481,-1.0,5,331.55003174929664,13415
482,0.3333333333333333,9,331.88336508262995,13424
483,1.3333333333333333,46,333.21669841596326,13470
484,2.342857142857143,24,335.5595555588204,13494
485,1.2000000000000002,6,336.7595555588204,13500
486,-2.0,6,334.7595555588204,13506
487,-0.5,8,334.2595555588204,13514
488,-1.0666666666666664,42,333.19288889215375,13556
489,-0.07936507936507936,18,333.1135238127887,13574
490,0.0,1,333.1135238127887,13575
491,-2.8833333333333333,10,330.23019047945536,13585
492,1.0,14,331.23019047945536,13599
493,-8.752380952380953,143,322.4778095270744,13742
494,-9.49047619047619,94,312.98733333659817,13836
495,6.0,21,318.98733333659817,13857
496,0.0,7,318.98733333659817,13864
497,1.3333333333333335,20,320.3206666699315,13884
498,1.0,5,321.3206666699315,13889
499,2.0,3,323.3206666699315,13892
500,0.6,14,323.9206666699315,13906
501,2.0,22,325.9206666699315,13928
502,-2.25,3,323.6706666699315,13931
503,5.0,20,328.6706666699315,13951
504,0.20000000000000018,33,328.8706666699315,13984
505,0.0,30,328.8706666699315,14014
506,0.3333333333333337,67,329.2040000032648,14081
507,5.0,14,334.2040000032648,14095
508,0.20000000000000018,19,334.4040000032648,14114
509,3.0,14,337.4040000032648,14128
510,0.7619047619047616,44,338.16590476516956,14172
511,4.5,18,342.66590476516956,14190
512,20.309523809523807,136,362.97542857469335,14326
513,4.816666666666666,65,367.79209524136,14391
514,4.533333333333332,49,372.3254285746934,14440
515,2.5,19,374.8254285746934,14459
516,8.033333333333333,45,382.85876190802674,14504
517,2.8333333333333335,21,385.69209524136005,14525
518,-0.7878787878787878,27,384.90421645348124,14552
519,-4.5,28,380.40421645348124,14580
520,1.0333333333333337,36,381.4375497868146,14616
521,0.75,18,382.1875497868146,14634
522,-3.632478632478632,83,378.55507115433596,14717
523,-1.6666666666666665,31,376.8884044876693,14748
524,5.045454545454545,28,381.93385903312384,14776
525,-6.5,19,375.43385903312384,14795
526,-5.666666666666666,18,369.76719236645715,14813
527,-7.472527472527473,51,362.2946648939297,14864
528,-0.43333333333333357,108,361.86133156059634,14972
529,-4.0,24,357.86133156059634,14996
530,-7.0,42,350.86133156059634,15038
531,2.5,24,353.36133156059634,15062
532,-5.0,13,348.36133156059634,15075
533,-2.974509803921569,58,345.38682175667475,15133
534,2.3055555555555554,67,347.6923773122303,15200
535,-7.25,36,340.4423773122303,15236
536,2.0,8,342.4423773122303,15244
537,2.616666666666667,66,345.05904397889697,15310
538,3.0,20,348.05904397889697,15330
539,-0.833333333333333,29,347.22571064556365,15359
540,4.7,52,351.92571064556364,15411
541,-0.6666666666666667,33,351.25904397889695,15444
542,8.333333333333332,36,359.59237731223027,15480
543,-1.833333333333333,56,357.75904397889695,15536
544,-8.19047619047619,45,349.56856778842075,15581
545,0.9166666666666665,36,350.48523445508744,15617
546,-4.5,32,345.98523445508744,15649
547,3.5,8,349.48523445508744,15657
548,-2.8,28,346.6852344550874,15685
549,7.75,10,354.4352344550874,15695
550,11.2,66,365.6352344550874,15761
551,-4.0,21,361.6352344550874,15782
552,1.3285714285714285,55,362.96380588365884,15837
553,-1.7333333333333343,44,361.2304725503255,15881
554,2.166666666666667,36,363.3971392169922,15917
555,4.716666666666667,87,368.1138058836588,16004
556,-2.333333333333334,56,365.7804725503255,16060
557,-1.6666666666666667,17,364.1138058836588,16077
558,5.612121212121212,78,369.72592709578004,16155
559,0.0,9,369.72592709578004,16164
560,6.906565656565656,123,376.6324927523457,16287
561,3.026190476190476,68,379.6586832285362,16355
562,-5.9411764705882355,69,373.71750675794794,16424
563,5.75,20,379.46750675794794,16444
564,-6.9411764705882355,18,372.5263302873597,16462
565,-0.46666666666666634,56,372.0596636206931,16518
566,3.333333333333333,34,375.3929969540264,16552
567,-5.4,38,369.9929969540264,16590
568,-0.5833333333333335,55,369.4096636206931,16645
569,-14.066176470588236,123,355.34348715010486,16768
570,-6.371428571428571,38,348.9720585786763,16806
571,-1.0,10,347.9720585786763,16816
572,0.0,6,347.9720585786763,16822
573,2.0,28,349.9720585786763,16850
574,8.5,26,358.4720585786763,16876
575,2.7,34,361.1720585786763,16910
576,-2.0,21,359.1720585786763,16931
577,7.0,27,366.1720585786763,16958
578,4.333333333333333,8,370.5053919120096,16966
579,3.5,27,374.0053919120096,16993
580,2.0,28,376.0053919120096,17021
581,1.4,30,377.4053919120096,17051
582,-1.8888888888888893,26,375.51650302312066,17077
583,9.666666666666668,45,385.18316968978735,17122
584,5.0,7,390.18316968978735,17129
585,-2.666666666666667,17,387.51650302312066,17146
586,-3.0,6,384.51650302312066,17152
587,7.699999999999999,46,392.21650302312065,17198
588,-5.983333333333334,28,386.2331696897873,17226
589,0.75,42,386.9831696897873,17268
590,6.25,29,393.2331696897873,17297
591,-0.8,27,392.4331696897873,17324
592,-1.6666666666666667,13,390.7665030231206,17337
593,0.0,13,390.7665030231206,17350
594,-4.0,22,386.7665030231206,17372
595,3.0,10,389.7665030231206,17382
596,2.0,11,391.7665030231206,17393
597,-3.0,23,388.7665030231206,17416
598,3.0,16,391.7665030231206,17432
599,-4.174509803921569,58,387.591993219199,17490
600,-2.4411764705882355,49,385.1508167486108,17539
601,2.2,37,387.3508167486108,17576
602,-3.0666666666666664,42,384.2841500819441,17618
603,3.947712418300654,36,388.2318625002448,17654
604,5.2,29,393.4318625002448,17683
605,6.0,27,399.4318625002448,17710
606,3.0,11,402.4318625002448,17721
607,10.726190476190476,73,413.1580529764353,17794
608,3.0,23,416.1580529764353,17817
609,0.0,7,416.1580529764353,17824
610,1.0,30,417.1580529764353,17854
611,1.0,11,418.1580529764353,17865
612,3.5,11,421.6580529764353,17876
613,3.759523809523809,54,425.41757678595906,17930
614,4.0,16,429.41757678595906,17946
615,0.0,4,429.41757678595906,17950
616,-3.0,5,426.41757678595906,17955
617,0.0,25,426.41757678595906,17980
618,0.6111111111111112,37,427.02868789707014,18017
619,3.666666666666667,29,430.6953545637368,18046
620,-3.6666666666666665,22,427.02868789707014,18068
621,-3.0,6,424.02868789707014,18074
622,10.0,34,434.02868789707014,18108
623,5.333333333333334,20,439.36202123040346,18128
624,-2.3333333333333335,9,437.02868789707014,18137
625,0.33333333333333337,20,437.36202123040346,18157
626,1.458333333333333,90,438.82035456373677,18247
627,11.0,21,449.82035456373677,18268
628,4.0,22,453.82035456373677,18290
629,3.2,27,457.02035456373676,18317
630,-0.3666666666666667,77,456.6536878970701,18394
631,0.5,22,457.1536878970701,18416
632,0.0,5,457.1536878970701,18421
633,7.25,85,464.4036878970701,18506
634,3.7857142857142856,47,468.18940218278436,18553
635,-5.0,20,463.18940218278436,18573
636,3.0,8,466.18940218278436,18581
637,3.0,18,469.18940218278436,18599
638,8.0,24,477.18940218278436,18623
639,3.0,10,480.18940218278436,18633
640,0.0,20,480.18940218278436,18653
641,2.6,40,482.7894021827844,18693
642,-5.147619047619047,111,477.6417831351653,18804
643,-3.25,18,474.3917831351653,18822
644,-4.5476190476190474,43,469.8441640875463,18865
645,0.0,1,469.8441640875463,18866
646,0.0,1,469.8441640875463,18867
647,-1.2999999999999998,24,468.5441640875463,18891
648,0.5833333333333336,25,469.1274974208796,18916
649,2.0,39,471.1274974208796,18955
650,0.0,34,471.1274974208796,18989
651,4.5,41,475.6274974208796,19030
652,1.8333333333333335,27,477.4608307542129,19057
653,-13.0,18,464.4608307542129,19075
654,7.166666666666668,72,471.6274974208796,19147
655,-0.30384615384615365,40,471.3236512670334,19187
656,4.0,22,475.3236512670334,19209
657,-1.175,39,474.1486512670334,19248
658,4.375,55,478.5236512670334,19303
659,-1.666666666666667,52,476.85698460036673,19355
660,-2.0,12,474.85698460036673,19367
661,2.25,16,477.10698460036673,19383
662,0.05714285714285694,13,477.1641274575096,19396
663,-2.5238095238095237,52,474.6403179337001,19448
664,2.75,15,477.3903179337001,19463
665,-9.4,24,467.9903179337001,19487
666,0.19999999999999996,14,468.1903179337001,19501
667,-9.357142857142858,28,458.83317507655727,19529
668,0.8787878787878787,20,459.71196295534514,19549
669,-5.0,9,454.71196295534514,19558
670,-5.25,24,449.46196295534514,19582
671,-3.666666666666667,27,445.79529628867846,19609
672,2.0,10,447.79529628867846,19619
673,-1.05,31,446.74529628867845,19650
674,3.0,14,449.74529628867845,19664
675,1.0,12,450.74529628867845,19676
676,0.0588235294117645,30,450.8041198180902,19706
677,-3.583333333333333,43,447.2207864847569,19749
678,-7.5,25,439.7207864847569,19774
679,-3.0,7,436.7207864847569,19781
680,-6.0,26,430.7207864847569,19807
681,4.666666666666667,15,435.3874531514236,19822
682,-1.4428571428571428,24,433.94459600856646,19846
683,3.5,32,437.44459600856646,19878
684,7.5,37,444.94459600856646,19915
685,-4.383333333333333,18,440.56126267523314,19933
686,0.5,13,441.06126267523314,19946
687,-3.0,11,438.06126267523314,19957
688,-3.0,5,435.06126267523314,19962
689,3.0,35,438.06126267523314,19997
690,5.333333333333333,22,443.39459600856645,20019
691,-2.633333333333333,31,440.7612626752331,20050
692,-0.8333333333333339,11,439.9279293418998,20061
693,-5.3,39,434.6279293418998,20100
694,4.333333333333334,33,438.9612626752331,20133
695,-4.0,14,434.9612626752331,20147
696,-6.166666666666667,60,428.79459600856643,20207
697,-3.666666666666667,5,425.12792934189974,20212
698,0.666666666666667,14,425.79459600856643,20226
699,-3.0,9,422.79459600856643,20235
700,2.0,35,424.79459600856643,20270
701,-1.5,15,423.29459600856643,20285
702,1.2,18,424.4945960085664,20303
703,1.6588235294117646,14,426.1534195379782,20317
704,0.833333333333333,15,426.9867528713115,20332
705,1.9333333333333336,36,428.92008620464486,20368
706,-3.5,27,425.42008620464486,20395
707,2.0,12,427.42008620464486,20407
708,-3.916666666666667,35,423.5034195379782,20442
709,-3.5,14,420.0034195379782,20456
710,2.0,15,422.0034195379782,20471
711,-8.0,15,414.0034195379782,20486
712,1.0,13,415.0034195379782,20499
713,0.5,35,415.5034195379782,20534
714,0.0,3,415.5034195379782,20537
715,-4.666666666666667,10,410.8367528713115,20547
716,2.6,13,413.4367528713115,20560
717,0.0,25,413.4367528713115,20585
718,2.0,5,415.4367528713115,20590
719,-4.25,25,411.1867528713115,20615
720,-4.666666666666667,24,406.5200862046448,20639
721,4.0,10,410.5200862046448,20649
722,-1.3333333333333333,17,409.1867528713115,20666
723,-1.0,21,408.1867528713115,20687
724,1.3055555555555556,14,409.49230842686706,20701
725,-5.5,19,403.99230842686706,20720
726,5.683333333333333,68,409.6756417602004,20788
727,3.416666666666667,20,413.0923084268671,20808
728,2.0,22,415.0923084268671,20830
729,-5.9,44,409.1923084268671,20874
730,-3.5476190476190474,49,405.64468937924806,20923
731,2.35,34,407.9946893792481,20957
732,-2.5,12,405.4946893792481,20969
733,-0.33333333333333326,26,405.1613560459148,20995
734,5.5,44,410.6613560459148,21039
735,-3.0,1,407.6613560459148,21040
736,-3.3571428571428568,24,404.30421318877194,21064
737,2.5,28,406.80421318877194,21092
738,2.5999999999999996,19,409.40421318877196,21111
739,4.0,13,413.40421318877196,21124
740,0.0,10,413.40421318877196,21134
741,1.0333333333333332,17,414.4375465221053,21151
742,0.0,8,414.4375465221053,21159
743,3.166666666666667,13,417.604213188772,21172
744,4.933333333333333,38,422.53754652210534,21210
745,4.0,33,426.53754652210534,21243
746,1.0,10,427.53754652210534,21253
747,5.75,19,433.28754652210534,21272
748,-2.0,9,431.28754652210534,21281
749,-8.0,21,423.28754652210534,21302
750,0.0,4,423.28754652210534,21306
751,1.0,7,424.28754652210534,21313
752,7.1,28,431.38754652210537,21341
753,4.2,20,435.58754652210536,21361
754,0.5555555555555556,8,436.1431020776609,21369
755,1.0,26,437.1431020776609,21395
756,-2.0,20,435.1431020776609,21415
757,-1.0,3,434.1431020776609,21418
758,0.0,1,434.1431020776609,21419
759,1.0,13,435.1431020776609,21432
760,0.0,4,435.1431020776609,21436
761,2.5,13,437.6431020776609,21449
762,-2.0,28,435.6431020776609,21477
763,4.166666666666667,22,439.8097687443276,21499
764,0.08333333333333326,23,439.8931020776609,21522
765,-2.1904761904761902,32,437.7026258871847,21554
766,-2.0,14,435.7026258871847,21568
767,-1.55,36,434.1526258871847,21604
768,-5.942857142857142,33,428.20976874432756,21637
769,-0.2078431372549019,24,428.0019256070727,21661
770,-4.022222222222222,46,423.97970338485044,21707
771,6.555555555555556,77,430.535258940406,21784
772,0.657142857142857,37,431.1924017975488,21821
773,1.0,27,432.1924017975488,21848
774,2.428571428571429,22,434.62097322612027,21870
775,6.25,37,440.87097322612027,21907
776,2.2,1,443.07097322612026,21908
777,-1.0,3,442.07097322612026,21911
778,4.714285714285714,33,446.785258940406,21944
779,-4.5,33,442.285258940406,21977
780,1.0,6,443.285258940406,21983
781,3.0,11,446.285258940406,21994
782,2.9785714285714286,37,449.26383036897744,22031
783,-2.0,6,447.26383036897744,22037
784,8.742857142857142,46,456.00668751183457,22083
785,-9.607843137254902,40,446.39884437457965,22123
786,0.08333333333333304,33,446.48217770791297,22156
787,0.41666666666666674,18,446.89884437457965,22174
788,-3.5833333333333335,18,443.31551104124634,22192
789,-0.6666666666666665,7,442.64884437457965,22199
790,3.0,10,445.64884437457965,22209
791,-1.0,8,444.64884437457965,22217
792,3.166666666666667,26,447.81551104124634,22243
793,-4.074509803921568,31,443.7410012373248,22274
794,5.0,11,448.7410012373248,22285
795,8.5,50,457.2410012373248,22335
796,8.0,52,465.2410012373248,22387
797,-0.22222222222222232,7,465.01877901510255,22394
798,3.2,45,468.21877901510254,22439
799,2.0,3,470.21877901510254,22442
800,6.5,26,476.71877901510254,22468
801,9.083333333333332,32,485.80211234843586,22500
802,-2.0,15,483.80211234843586,22515
803,6.5,50,490.30211234843586,22565
804,4.0,25,494.30211234843586,22590
805,-3.0,16,491.30211234843586,22606
806,-2.5,33,488.80211234843586,22639
807,-1.3888888888888893,22,487.41322345954694,22661
808,0.4444444444444444,18,487.8576679039914,22679
809,1.5,19,489.3576679039914,22698
810,2.111111111111111,18,491.4687790151025,22716
811,1.0,10,492.4687790151025,22726
812,0.5,78,492.9687790151025,22804
