Sentence,AFINN Score of Sentence,Sentence Word Count,Total AFINN Score,Total Words
1,1.0,26,1.0,26
2,8.5,28,9.5,54
3,4.9,29,14.4,83
4,6.1,32,20.5,115
5,-1.7,48,18.8,163
6,-4.583333333333333,57,14.216666666666669,220
7,6.5,8,20.71666666666667,228
8,-4.25,34,16.46666666666667,262
9,3.5,18,19.96666666666667,280
10,-3.0,26,16.96666666666667,306
11,10.45238095238095,41,27.419047619047618,347
12,-5.0,27,22.419047619047618,374
13,12.0,42,34.41904761904762,416
14,10.0,51,44.41904761904762,467
15,-10.25,41,34.16904761904762,508
16,4.2,17,38.36904761904762,525
17,3.3333333333333335,58,41.702380952380956,583
18,9.333333333333332,29,51.03571428571429,612
19,6.333333333333332,32,57.36904761904762,644
20,4.0,12,61.36904761904762,656
21,1.3809523809523812,32,62.75,688
22,4.5,18,67.25,706
23,-4.0,29,63.25,735
24,2.666666666666667,24,65.91666666666667,759
25,15.258823529411764,54,81.17549019607844,813
26,-2.583333333333333,32,78.59215686274511,845
27,-0.2333333333333334,42,78.35882352941178,887
28,-2.0,23,76.35882352941178,910
29,0.75,8,77.10882352941178,918
30,-1.0,3,76.10882352941178,921
31,0.0,3,76.10882352941178,924
32,-3.0,10,73.10882352941178,934
33,0.0,9,73.10882352941178,943
34,2.0,11,75.10882352941178,954
35,9.1,36,84.20882352941177,990
36,5.545454545454545,25,89.75427807486632,1015
37,-1.6666666666666665,42,88.08761140819965,1057
38,2.0,12,90.08761140819965,1069
39,3.128571428571429,49,93.21618283677108,1118
40,7.5,19,100.71618283677108,1137
41,4.0,22,104.71618283677108,1159
42,1.833333333333333,28,106.54951617010441,1187
43,-6.4,42,100.1495161701044,1229
44,1.0,38,101.1495161701044,1267
45,-1.8333333333333335,17,99.31618283677108,1284
46,-2.8,32,96.51618283677108,1316
47,11.25,31,107.76618283677108,1347
48,0.47619047619047583,54,108.24237331296156,1401
49,0.0,5,108.24237331296156,1406
50,-0.5,20,107.74237331296156,1426
51,-1.1666666666666665,47,106.57570664629489,1473
52,-3.0,37,103.57570664629489,1510
53,-0.5,14,103.07570664629489,1524
54,-2.166666666666667,13,100.90903997962822,1537
55,12.333333333333332,48,113.24237331296155,1585
56,4.258823529411765,49,117.50119684237332,1634
57,3.5,18,121.00119684237332,1652
58,1.5,8,122.50119684237332,1660
59,-0.666666666666667,26,121.83453017570665,1686
60,2.6666666666666665,46,124.50119684237332,1732
61,10.75,27,135.2511968423733,1759
62,-2.666666666666667,20,132.58453017570665,1779
63,4.666666666666666,49,137.2511968423733,1828
64,4.666666666666667,39,141.91786350903996,1867
65,1.3333333333333333,8,143.2511968423733,1875
66,1.0,19,144.2511968423733,1894
67,0.3333333333333335,20,144.58453017570665,1914
68,9.5,48,154.08453017570665,1962
69,-2.0,11,152.08453017570665,1973
70,-1.0,15,151.08453017570665,1988
71,-1.9166666666666667,26,149.16786350904,2014
72,9.5,28,158.66786350904,2042
73,5.142857142857142,37,163.81072065189713,2079
74,3.0,10,166.81072065189713,2089
75,2.75,14,169.56072065189713,2103
76,2.0,43,171.56072065189713,2146
77,-1.0,7,170.56072065189713,2153
78,-3.0,8,167.56072065189713,2161
79,0.6666666666666667,4,168.22738731856379,2165
80,-1.666666666666667,23,166.56072065189713,2188
81,-0.5,22,166.06072065189713,2210
82,-11.4,49,154.66072065189712,2259
83,2.0,26,156.66072065189712,2285
84,-1.75,28,154.91072065189712,2313
85,-5.5,26,149.41072065189712,2339
86,-2.166666666666667,37,147.24405398523047,2376
87,1.0,10,148.24405398523047,2386
88,-1.6666666666666665,34,146.5773873185638,2420
89,-5.0,33,141.5773873185638,2453
90,2.5999999999999996,35,144.1773873185638,2488
91,6.0,6,150.1773873185638,2494
92,6.30952380952381,37,156.48691112808763,2531
93,0.0,6,156.48691112808763,2537
94,-2.0,14,154.48691112808763,2551
95,-2.8000000000000007,26,151.68691112808762,2577
96,-0.8888888888888888,39,150.79802223919873,2616
97,1.5,9,152.29802223919873,2625
98,0.75,13,153.04802223919873,2638
99,-3.4545454545454546,17,149.59347678465326,2655
100,5.0,28,154.59347678465326,2683
101,27.75,68,182.34347678465326,2751
102,0.5,28,182.84347678465326,2779
103,-2.0,4,180.84347678465326,2783
104,-2.0,3,178.84347678465326,2786
105,0.33333333333333326,5,179.1768101179866,2791
106,-7.441176470588236,26,171.73563364739837,2817
107,0.0,2,171.73563364739837,2819
108,0.6666666666666667,5,172.40230031406503,2824
109,0.0,1,172.40230031406503,2825
110,1.0,10,173.40230031406503,2835
111,2.0,4,175.40230031406503,2839
112,-1.0,3,174.40230031406503,2842
113,4.0,5,178.40230031406503,2847
114,1.0,6,179.40230031406503,2853
115,0.0,1,179.40230031406503,2854
116,3.2,6,182.60230031406502,2860
117,-1.0,20,181.60230031406502,2880
118,-2.0,4,179.60230031406502,2884
119,3.0,5,182.60230031406502,2889
120,0.0,2,182.60230031406502,2891
121,0.0,3,182.60230031406502,2894
122,0.0,7,182.60230031406502,2901
123,-2.0,3,180.60230031406502,2904
124,1.0,5,181.60230031406502,2909
125,-1.8,8,179.802300314065,2917
126,-3.8,29,176.002300314065,2946
127,-3.666666666666667,11,172.33563364739834,2957
128,-3.0,7,169.33563364739834,2964
129,2.0,19,171.33563364739834,2983
130,4.0,26,175.33563364739834,3009
131,-0.25,19,175.08563364739834,3028
132,0.3333333333333333,7,175.41896698073168,3035
133,0.08333333333333326,12,175.50230031406502,3047
134,4.5,19,180.00230031406502,3066
135,-1.0,6,179.00230031406502,3072
136,0.0,2,179.00230031406502,3074
137,-3.8,17,175.202300314065,3091
138,-0.25,9,174.952300314065,3100
139,-2.75,12,172.202300314065,3112
140,1.0,5,173.202300314065,3117
141,-2.0,26,171.202300314065,3143
142,-1.0,20,170.202300314065,3163
143,1.0,17,171.202300314065,3180
144,-0.6666666666666667,8,170.53563364739836,3188
145,-0.5,4,170.03563364739836,3192
146,1.0,10,171.03563364739836,3202
147,0.0,1,171.03563364739836,3203
148,-1.0,2,170.03563364739836,3205
149,0.0,2,170.03563364739836,3207
150,0.6666666666666666,36,170.702300314065,3243
151,-2.0,36,168.702300314065,3279
152,0.0,2,168.702300314065,3281
153,-1.0,3,167.702300314065,3284
154,-3.0,7,164.702300314065,3291
155,0.0,12,164.702300314065,3303
156,-1.0,6,163.702300314065,3309
157,-2.0,15,161.702300314065,3324
158,-2.0,14,159.702300314065,3338
159,-4.75,20,154.952300314065,3358
160,1.0,4,155.952300314065,3362
161,0.0,4,155.952300314065,3366
162,0.0,5,155.952300314065,3371
163,0.0,4,155.952300314065,3375
164,0.666666666666667,15,156.61896698073167,3390
165,0.3333333333333333,1,156.952300314065,3391
166,-2.0,2,154.952300314065,3393
167,-2.0,3,152.952300314065,3396
168,-4.916666666666667,9,148.03563364739836,3405
169,0.0,7,148.03563364739836,3412
170,-0.5,12,147.53563364739836,3424
171,-0.25,31,147.28563364739836,3455
172,-1.0,3,146.28563364739836,3458
173,2.0,37,148.28563364739836,3495
174,4.6,21,152.88563364739835,3516
175,0.5,22,153.38563364739835,3538
176,-1.0,34,152.38563364739835,3572
177,3.6,18,155.98563364739834,3590
178,-3.0,8,152.98563364739834,3598
179,2.2,17,155.18563364739833,3615
180,-7.571428571428571,9,147.61420507596975,3624
181,-2.25,10,145.36420507596975,3634
182,-1.0,13,144.36420507596975,3647
183,2.5,9,146.86420507596975,3656
184,4.2,12,151.06420507596974,3668
185,-5.666666666666667,18,145.39753840930308,3686
186,0.0,9,145.39753840930308,3695
187,-2.25,13,143.14753840930308,3708
188,2.0,9,145.14753840930308,3717
189,2.2,17,147.34753840930307,3734
190,1.0,8,148.34753840930307,3742
191,1.0,22,149.34753840930307,3764
192,2.0833333333333335,15,151.4308717426364,3779
193,-3.666666666666667,19,147.76420507596976,3798
194,0.0,7,147.76420507596976,3805
195,-2.0,26,145.76420507596976,3831
196,-0.7333333333333333,19,145.03087174263644,3850
197,1.0,3,146.03087174263644,3853
198,3.0,23,149.03087174263644,3876
199,1.0588235294117645,23,150.0896952720482,3899
200,0.0,10,150.0896952720482,3909
201,0.0,7,150.0896952720482,3916
202,1.0,10,151.0896952720482,3926
203,2.0,7,153.0896952720482,3933
204,3.2,29,156.2896952720482,3962
205,-6.5,26,149.7896952720482,3988
206,1.0,1,150.7896952720482,3989
207,-4.333333333333333,15,146.45636193871485,4004
208,-0.1765873015873014,42,146.27977463712756,4046
209,7.666666666666667,25,153.94644130379422,4071
210,2.0,17,155.94644130379422,4088
211,1.0,9,156.94644130379422,4097
212,2.0,11,158.94644130379422,4108
213,0.0,3,158.94644130379422,4111
214,-2.0,7,156.94644130379422,4118
215,1.0,3,157.94644130379422,4121
216,-2.0,3,155.94644130379422,4124
217,3.0,8,158.94644130379422,4132
218,8.166666666666666,30,167.11310797046087,4162
219,-7.378787878787878,17,159.734320091673,4179
220,-2.25,12,157.484320091673,4191
221,2.0,13,159.484320091673,4204
222,-3.0,4,156.484320091673,4208
223,-2.333333333333333,19,154.15098675833966,4227
224,-2.0,16,152.15098675833966,4243
225,0.0,11,152.15098675833966,4254
226,0.0,3,152.15098675833966,4257
227,3.0,6,155.15098675833966,4263
228,2.0,3,157.15098675833966,4266
229,0.0,3,157.15098675833966,4269
230,-0.5,8,156.65098675833966,4277
231,-2.0,5,154.65098675833966,4282
232,-0.5,4,154.15098675833966,4286
233,0.0,3,154.15098675833966,4289
234,1.0833333333333333,12,155.234320091673,4301
235,-0.25,3,154.984320091673,4304
236,0.0,3,154.984320091673,4307
237,-2.0,3,152.984320091673,4310
238,-2.0,12,150.984320091673,4322
239,0.0,4,150.984320091673,4326
240,0.0,29,150.984320091673,4355
241,2.0,5,152.984320091673,4360
242,-4.0,5,148.984320091673,4365
243,-3.0,26,145.984320091673,4391
244,4.0,23,149.984320091673,4414
245,0.0,14,149.984320091673,4428
246,0.7555555555555553,25,150.73987564722856,4453
247,9.0,26,159.73987564722856,4479
248,-0.9166666666666667,37,158.8232089805619,4516
249,-1.0,41,157.8232089805619,4557
250,4.0,20,161.8232089805619,4577
251,0.0,9,161.8232089805619,4586
252,4.333333333333333,50,166.15654231389524,4636
253,0.0,14,166.15654231389524,4650
254,3.7,23,169.85654231389523,4673
255,-5.0,22,164.85654231389523,4695
256,-3.3,12,161.55654231389522,4707
257,0.0,5,161.55654231389522,4712
258,2.0,7,163.55654231389522,4719
259,-1.0,7,162.55654231389522,4726
260,2.0,3,164.55654231389522,4729
261,-2.0,2,162.55654231389522,4731
262,-2.8,16,159.7565423138952,4747
263,0.0,6,159.7565423138952,4753
264,0.0,23,159.7565423138952,4776
265,0.0,8,159.7565423138952,4784
266,1.0,2,160.7565423138952,4786
267,-1.0,5,159.7565423138952,4791
268,-0.8571428571428572,13,158.89939945675235,4804
269,2.0,5,160.89939945675235,4809
270,0.0,2,160.89939945675235,4811
271,1.75,12,162.64939945675235,4823
272,6.7,14,169.34939945675234,4837
273,-6.0,26,163.34939945675234,4863
274,-2.5,16,160.84939945675234,4879
275,5.0,11,165.84939945675234,4890
276,0.0,24,165.84939945675234,4914
277,-2.333333333333333,15,163.516066123419,4929
278,1.0,7,164.516066123419,4936
279,-0.5,3,164.016066123419,4939
280,1.0,10,165.016066123419,4949
281,-1.0,19,164.016066123419,4968
282,8.0,5,172.016066123419,4973
283,-2.5,23,169.516066123419,4996
284,0.10000000000000009,23,169.616066123419,5019
285,3.2,39,172.81606612341898,5058
286,-0.4444444444444444,7,172.37162167897452,5065
287,-0.6666666666666665,34,171.70495501230786,5099
288,-0.4444444444444444,35,171.2605105678634,5134
289,1.0,15,172.2605105678634,5149
290,1.5,16,173.7605105678634,5165
291,-2.0,15,171.7605105678634,5180
292,0.0,12,171.7605105678634,5192
293,-2.833333333333333,9,168.92717723453006,5201
294,1.4285714285714288,14,170.35574866310148,5215
295,0.0,5,170.35574866310148,5220
296,2.0,33,172.35574866310148,5253
297,-2.0,21,170.35574866310148,5274
298,3.0,5,173.35574866310148,5279
299,3.0,7,176.35574866310148,5286
300,1.75,5,178.10574866310148,5291
301,-1.0,2,177.10574866310148,5293
302,3.0,4,180.10574866310148,5297
303,1.0,3,181.10574866310148,5300
304,1.0,6,182.10574866310148,5306
305,0.0,9,182.10574866310148,5315
306,1.0,13,183.10574866310148,5328
307,1.8333333333333335,32,184.93908199643482,5360
308,0.0,6,184.93908199643482,5366
309,1.0,10,185.93908199643482,5376
310,1.3333333333333333,12,187.27241532976817,5388
311,0.0,4,187.27241532976817,5392
312,0.0,3,187.27241532976817,5395
313,0.0,2,187.27241532976817,5397
314,8.0,10,195.27241532976817,5407
315,-5.238095238095237,12,190.03432009167292,5419
316,-5.571428571428571,13,184.46289152024434,5432
317,5.0,11,189.46289152024434,5443
318,-1.0,12,188.46289152024434,5455
319,1.3333333333333333,5,189.79622485357768,5460
320,0.0,3,189.79622485357768,5463
321,0.0,2,189.79622485357768,5465
322,-0.1111111111111111,7,189.68511374246657,5472
323,5.333333333333333,16,195.0184470757999,5488
324,-4.0,3,191.0184470757999,5491
325,0.0,2,191.0184470757999,5493
326,-1.0,4,190.0184470757999,5497
327,-1.0,15,189.0184470757999,5512
328,5.2,6,194.2184470757999,5518
329,3.5,22,197.7184470757999,5540
330,0.41666666666666674,21,198.13511374246656,5561
331,5.222222222222222,18,203.3573359646888,5579
332,-1.6666666666666665,9,201.69066929802213,5588
333,0.0,10,201.69066929802213,5598
334,-3.1818181818181817,10,198.50885111620394,5608
335,5.166666666666667,6,203.6755177828706,5614
336,0.8181818181818182,6,204.4936996010524,5620
337,0.0,3,204.4936996010524,5623
338,1.0,4,205.4936996010524,5627
339,4.0,17,209.4936996010524,5644
340,2.0,11,211.4936996010524,5655
341,0.31818181818181823,16,211.81188141923423,5671
342,3.0,17,214.81188141923423,5688
343,-0.5714285714285712,27,214.24045284780564,5715
344,-4.066666666666666,23,210.17378618113898,5738
345,0.0,31,210.17378618113898,5769
346,-0.6666666666666667,26,209.50711951447232,5795
347,6.766666666666666,23,216.27378618113897,5818
348,-4.277777777777779,54,211.9960084033612,5872
349,-2.041666666666667,34,209.95434173669454,5906
350,1.5,55,211.45434173669454,5961
351,6.333333333333334,34,217.7876750700279,5995
352,1.0,6,218.7876750700279,6001
353,-1.0,14,217.7876750700279,6015
354,-12.028571428571428,47,205.75910364145645,6062
355,-0.4444444444444444,25,205.314659197012,6087
356,-7.0,19,198.314659197012,6106
357,1.9999999999999998,40,200.314659197012,6146
358,14.399999999999999,51,214.714659197012,6197
359,-9.6,45,205.114659197012,6242
360,-2.0,28,203.114659197012,6270
361,5.416666666666667,17,208.53132586367866,6287
362,-2.777777777777778,21,205.7535480859009,6308
363,-5.2,33,200.5535480859009,6341
364,-5.0,21,195.5535480859009,6362
365,-6.5,42,189.0535480859009,6404
366,-1.0416666666666667,25,188.01188141923424,6429
367,0.5,13,188.51188141923424,6442
368,3.625,27,192.13688141923424,6469
369,2.3333333333333335,17,194.47021475256759,6486
370,0.9025974025974026,37,195.37281215516498,6523
371,-1.75,4,193.62281215516498,6527
372,0.0,2,193.62281215516498,6529
373,-0.6666666666666667,7,192.95614548849832,6536
374,2.4000000000000004,21,195.35614548849833,6557
375,2.0,14,197.35614548849833,6571
376,3.8787878787878785,26,201.2349333672862,6597
377,-1.0,34,200.2349333672862,6631
378,-2.8333333333333335,29,197.40160003395286,6660
379,0.0,3,197.40160003395286,6663
380,-2.0,9,195.40160003395286,6672
381,-7.666666666666667,24,187.7349333672862,6696
382,1.0,43,188.7349333672862,6739
383,1.0,10,189.7349333672862,6749
384,-0.02777777777777768,15,189.70715558950843,6764
385,4.0,12,193.70715558950843,6776
386,0.0,3,193.70715558950843,6779
387,-3.0,7,190.70715558950843,6786
388,-4.571428571428571,9,186.13572701807985,6795
389,2.25,11,188.38572701807985,6806
390,-1.3888888888888888,6,186.99683812919096,6812
391,-1.0,7,185.99683812919096,6819
392,0.0,18,185.99683812919096,6837
393,0.0,8,185.99683812919096,6845
394,-1.0,14,184.99683812919096,6859
395,-1.4444444444444446,25,183.5523936847465,6884
396,-0.6666666666666665,20,182.88572701807985,6904
397,-0.6833333333333336,38,182.2023936847465,6942
398,6.0,24,188.2023936847465,6966
399,-8.75,30,179.4523936847465,6996
400,-0.13333333333333308,20,179.31906035141319,7016
401,-5.766666666666666,27,173.5523936847465,7043
402,2.0,8,175.5523936847465,7051
403,2.75,5,178.3023936847465,7056
404,1.0,2,179.3023936847465,7058
405,-1.7878787878787878,12,177.51451489686772,7070
406,4.0,19,181.51451489686772,7089
407,-4.5,11,177.01451489686772,7100
408,-2.5,26,174.51451489686772,7126
409,-1.0,13,173.51451489686772,7139
410,-3.0,1,170.51451489686772,7140
411,2.75,7,173.26451489686772,7147
412,0.0,5,173.26451489686772,7152
413,0.0,1,173.26451489686772,7153
414,1.0,11,174.26451489686772,7164
415,-2.5,11,171.76451489686772,7175
416,2.220446049250313e-16,26,171.76451489686772,7201
417,-1.0,17,170.76451489686772,7218
418,3.0,28,173.76451489686772,7246
419,-5.166666666666666,31,168.59784823020107,7277
420,-5.666666666666667,40,162.9311815635344,7317
421,-2.0,16,160.9311815635344,7333
422,1.75,11,162.6811815635344,7344
423,1.75,8,164.4311815635344,7352
424,3.0,7,167.4311815635344,7359
425,1.0,17,168.4311815635344,7376
426,-1.0,17,167.4311815635344,7393
427,2.0,4,169.4311815635344,7397
428,1.0,11,170.4311815635344,7408
429,2.0,2,172.4311815635344,7410
430,3.0,6,175.4311815635344,7416
431,4.5,18,179.9311815635344,7434
432,3.0,22,182.9311815635344,7456
433,-1.0,7,181.9311815635344,7463
434,-3.0,16,178.9311815635344,7479
435,0.0,6,178.9311815635344,7485
436,-0.39682539682539675,12,178.53435616670902,7497
437,0.3333333333333333,4,178.86768950004236,7501
438,0.0,2,178.86768950004236,7503
439,-3.25,12,175.61768950004236,7515
440,2.0,9,177.61768950004236,7524
441,0.0,4,177.61768950004236,7528
442,0.0,2,177.61768950004236,7530
443,-1.0,5,176.61768950004236,7535
444,-1.0,7,175.61768950004236,7542
445,4.0,36,179.61768950004236,7578
446,-2.0,7,177.61768950004236,7585
447,1.0,3,178.61768950004236,7588
448,0.0,2,178.61768950004236,7590
449,0.0,5,178.61768950004236,7595
450,-5.0,7,173.61768950004236,7602
451,0.0,4,173.61768950004236,7606
452,-2.833333333333333,8,170.78435616670902,7614
453,1.0,35,171.78435616670902,7649
454,-1.1428571428571428,10,170.64149902385188,7659
455,0.0,7,170.64149902385188,7666
456,2.0,13,172.64149902385188,7679
457,3.0,4,175.64149902385188,7683
458,4.0,4,179.64149902385188,7687
459,0.0,6,179.64149902385188,7693
460,2.5,13,182.14149902385188,7706
461,2.866666666666667,19,185.00816569051855,7725
462,-1.5,17,183.50816569051855,7742
463,1.1666666666666667,22,184.6748323571852,7764
464,6.428571428571429,17,191.10340378575663,7781
465,0.75,11,191.85340378575663,7792
466,1.0,21,192.85340378575663,7813
467,3.428571428571429,38,196.28197521432804,7851
468,-5.25,16,191.03197521432804,7867
469,7.5,26,198.53197521432804,7893
470,-5.833333333333334,27,192.6986418809947,7920
471,-2.0,8,190.6986418809947,7928
472,1.0952380952380953,41,191.7938799762328,7969
473,-1.0,13,190.7938799762328,7982
474,3.0,40,193.7938799762328,8022
475,-9.5,33,184.2938799762328,8055
476,-7.733333333333334,43,176.56054664289945,8098
477,3.8333333333333335,29,180.3938799762328,8127
478,-3.0,25,177.3938799762328,8152
479,0.25,34,177.6438799762328,8186
480,1.5,20,179.1438799762328,8206
481,4.0,23,183.1438799762328,8229
482,-2.0,24,181.1438799762328,8253
483,-3.0,11,178.1438799762328,8264
484,-0.5,28,177.6438799762328,8292
485,0.6000000000000001,38,178.2438799762328,8330
486,-2.0,8,176.2438799762328,8338
487,-1.0,22,175.2438799762328,8360
488,-8.0,34,167.2438799762328,8394
489,3.0,13,170.2438799762328,8407
490,10.0,16,180.2438799762328,8423
491,-1.0,38,179.2438799762328,8461
492,-3.7142857142857144,20,175.52959426194707,8481
493,0.0,6,175.52959426194707,8487
494,-1.1666666666666667,29,174.3629275952804,8516
495,0.0,7,174.3629275952804,8523
496,-1.0,3,173.3629275952804,8526
497,0.0,2,173.3629275952804,8528
498,-2.333333333333333,12,171.02959426194707,8540
499,5.0,12,176.02959426194707,8552
500,-1.6666666666666665,11,174.3629275952804,8563
501,5.5,9,179.8629275952804,8572
502,5.833333333333334,15,185.69626092861375,8587
503,3.833333333333333,15,189.5295942619471,8602
504,-0.65,17,188.8795942619471,8619
505,3.0,27,191.8795942619471,8646
506,5.5,25,197.3795942619471,8671
507,0.5555555555555556,10,197.93514981750263,8681
508,0.0,11,197.93514981750263,8692
509,-0.3928571428571428,12,197.5422926746455,8704
510,-1.4444444444444444,11,196.09784823020104,8715
511,0.0,8,196.09784823020104,8723
512,-0.25,18,195.84784823020104,8741
513,2.0,8,197.84784823020104,8749
514,-5.583333333333333,13,192.2645148968677,8762
515,0.0,7,192.2645148968677,8769
516,-5.121212121212121,13,187.14330277565557,8782
517,0.0,2,187.14330277565557,8784
518,-0.5,9,186.64330277565557,8793
519,0.0,7,186.64330277565557,8800
520,2.0,25,188.64330277565557,8825
521,0.0,13,188.64330277565557,8838
522,-1.0,5,187.64330277565557,8843
523,0.0,7,187.64330277565557,8850
524,0.0,2,187.64330277565557,8852
525,-1.0,2,186.64330277565557,8854
526,0.0,2,186.64330277565557,8856
527,-5.0,18,181.64330277565557,8874
528,-1.0,10,180.64330277565557,8884
529,0.33333333333333326,8,180.9766361089889,8892
530,0.0,2,180.9766361089889,8894
531,1.3333333333333333,5,182.30996944232226,8899
532,0.0,1,182.30996944232226,8900
533,-1.0,11,181.30996944232226,8911
534,0.0,6,181.30996944232226,8917
535,-0.5,4,180.80996944232226,8921
536,4.333333333333333,6,185.1433027756556,8927
537,2.2,14,187.3433027756556,8941
538,2.0,8,189.3433027756556,8949
539,0.0,1,189.3433027756556,8950
540,0.0,2,189.3433027756556,8952
541,1.0,5,190.3433027756556,8957
542,-3.25,10,187.0933027756556,8967
543,-8.5,43,178.5933027756556,9010
544,1.25,16,179.8433027756556,9026
545,-1.0,11,178.8433027756556,9037
546,-5.697619047619048,18,173.14568372803654,9055
547,4.0,12,177.14568372803654,9067
548,0.0,2,177.14568372803654,9069
549,-3.0,3,174.14568372803654,9072
550,-2.0,19,172.14568372803654,9091
551,0.5,10,172.64568372803654,9101
552,2.0,11,174.64568372803654,9112
553,-0.6666666666666666,21,173.9790170613699,9133
554,-3.0,3,170.9790170613699,9136
555,-3.6666666666666665,4,167.31235039470323,9140
556,-1.0,8,166.31235039470323,9148
557,-2.9999999999999996,16,163.31235039470323,9164
558,0.5,17,163.81235039470323,9181
559,2.0,6,165.81235039470323,9187
560,1.6666666666666667,6,167.4790170613699,9193
561,-4.0,15,163.4790170613699,9208
562,1.0,2,164.4790170613699,9210
563,-2.0,3,162.4790170613699,9213
564,0.0,5,162.4790170613699,9218
565,0.33333333333333326,10,162.81235039470323,9228
566,1.0,11,163.81235039470323,9239
567,-2.0,17,161.81235039470323,9256
568,-1.4880952380952381,20,160.324255156608,9276
569,-1.3333333333333333,9,158.99092182327465,9285
570,2.0,5,160.99092182327465,9290
571,-1.5,3,159.49092182327465,9293
572,3.25,7,162.74092182327465,9300
573,0.0,1,162.74092182327465,9301
574,1.0,3,163.74092182327465,9304
575,-3.333333333333333,7,160.4075884899413,9311
576,-0.8,2,159.6075884899413,9313
577,1.1666666666666667,9,160.77425515660795,9322
578,-1.3333333333333333,6,159.4409218232746,9328
579,-5.0,24,154.4409218232746,9352
580,-7.25,11,147.1909218232746,9363
581,-2.0,6,145.1909218232746,9369
582,3.4166666666666665,31,148.60758848994126,9400
583,-2.4,9,146.20758848994126,9409
584,0.0,13,146.20758848994126,9422
585,-0.5,6,145.70758848994126,9428
586,1.3333333333333333,12,147.0409218232746,9440
587,1.2833333333333332,13,148.32425515660793,9453
588,1.0,19,149.32425515660793,9472
589,-0.5,5,148.82425515660793,9477
590,2.2,7,151.02425515660792,9484
591,-3.5,10,147.52425515660792,9494
592,0.0,4,147.52425515660792,9498
593,-1.0,2,146.52425515660792,9500
594,-1.0,4,145.52425515660792,9504
595,0.0,2,145.52425515660792,9506
596,0.0,13,145.52425515660792,9519
597,1.5,16,147.02425515660792,9535
598,-2.0,10,145.02425515660792,9545
599,-2.0,3,143.02425515660792,9548
600,-2.0,3,141.02425515660792,9551
601,-2.0,7,139.02425515660792,9558
602,-2.0,15,137.02425515660792,9573
603,-3.0,12,134.02425515660792,9585
604,-1.0,16,133.02425515660792,9601
605,-4.0,10,129.02425515660792,9611
606,-1.9,8,127.12425515660792,9619
607,5.083333333333333,29,132.20758848994126,9648
608,0.3333333333333333,13,132.5409218232746,9661
609,0.0,2,132.5409218232746,9663
610,0.0,9,132.5409218232746,9672
611,-3.6666666666666665,19,128.87425515660794,9691
612,-0.25,12,128.62425515660794,9703
613,2.0,10,130.62425515660794,9713
614,0.0,9,130.62425515660794,9722
615,8.833333333333334,26,139.4575884899413,9748
616,5.0,19,144.4575884899413,9767
617,-7.140476190476191,41,137.3171122994651,9808
618,6.5,35,143.8171122994651,9843
619,3.4,15,147.2171122994651,9858
620,2.3333333333333335,23,149.55044563279844,9881
621,-6.4411764705882355,20,143.1092691622102,9901
622,1.7619047619047619,15,144.87117392411497,9916
623,-3.666666666666667,39,141.2045072574483,9955
624,0.5,37,141.7045072574483,9992
625,2.0,26,143.7045072574483,10018
626,-4.440892098500626e-16,19,143.7045072574483,10037
627,2.0,14,145.7045072574483,10051
628,4.428571428571429,20,150.13307868601973,10071
629,0.5,8,150.63307868601973,10079
630,1.5285714285714285,16,152.16165011459117,10095
631,-6.083333333333334,41,146.07831678125783,10136
632,3.5,19,149.57831678125783,10155
633,1.0,18,150.57831678125783,10173
634,0.6666666666666666,22,151.24498344792448,10195
635,-9.454545454545455,24,141.79043799337902,10219
636,-9.0,22,132.79043799337902,10241
637,-3.7333333333333334,24,129.0571046600457,10265
638,0.6666666666666667,28,129.72377132671235,10293
639,0.0,1,129.72377132671235,10294
640,0.0,1,129.72377132671235,10295
641,0.0,1,129.72377132671235,10296
642,-1.8,3,127.92377132671236,10299
643,1.0,8,128.92377132671237,10307
644,0.0,1,128.92377132671237,10308
645,-0.9833333333333332,15,127.94043799337904,10323
646,-7.9,25,120.04043799337903,10348
647,-2.0,14,118.04043799337903,10362
648,-1.4,59,116.64043799337902,10421
649,-1.0,10,115.64043799337902,10431
650,2.5454545454545454,8,118.18589253883357,10439
651,-1.0,14,117.18589253883357,10453
652,0.0,1,117.18589253883357,10454
653,0.0,1,117.18589253883357,10455
654,0.0,10,117.18589253883357,10465
655,4.833333333333333,17,122.0192258721669,10482
656,5.0,9,127.0192258721669,10491
657,0,0,127.0192258721669,10491
658,0,0,127.0192258721669,10491
659,0,0,127.0192258721669,10491
660,5.5,25,132.51922587216688,10516
661,3.0,4,135.51922587216688,10520
662,0,0,135.51922587216688,10520
663,0,0,135.51922587216688,10520
664,0.0,1,135.51922587216688,10521
665,0,0,135.51922587216688,10521
666,0,0,135.51922587216688,10521
667,4.0,3,139.51922587216688,10524
668,0,0,139.51922587216688,10524
669,0,0,139.51922587216688,10524
670,0.0,3,139.51922587216688,10527
671,0,0,139.51922587216688,10527
672,0,0,139.51922587216688,10527
673,0,0,139.51922587216688,10527
674,-4.787878787878789,28,134.7313470842881,10555
675,0.0,14,134.7313470842881,10569
676,1.083333333333334,21,135.81468041762145,10590
677,-2.704545454545455,45,133.11013496307598,10635
678,2.3333333333333335,39,135.44346829640932,10674
679,-12.0,29,123.44346829640932,10703
680,-0.607843137254902,32,122.83562515915442,10735
681,-3.0,34,119.83562515915442,10769
682,1.2666666666666666,31,121.10229182582108,10800
683,1.9,28,123.00229182582109,10828
684,2.3,40,125.30229182582109,10868
685,2.5454545454545454,34,127.84774637127563,10902
686,0.1666666666666663,53,128.0144130379423,10955
687,2.966666666666667,45,130.98107970460896,11000
688,4.666666666666667,30,135.64774637127562,11030
689,1.9333333333333333,15,137.58107970460895,11045
690,23.78888888888889,66,161.36996859349784,11111
691,-3.0,33,158.36996859349784,11144
692,-7.833333333333333,35,150.5366352601645,11179
693,0.5,4,151.0366352601645,11183
694,1.6666666666666667,25,152.70330192683116,11208
695,-0.33333333333333326,7,152.36996859349782,11215
696,-3.25,20,149.11996859349782,11235
697,4.5,26,153.61996859349782,11261
698,8.166666666666666,27,161.78663526016447,11288
699,1.0,5,162.78663526016447,11293
700,-3.583333333333333,43,159.20330192683113,11336
701,6.0,31,165.20330192683113,11367
702,-2.833333333333333,46,162.3699685934978,11413
703,7.745454545454546,32,170.11542313895234,11445
704,-1.8,13,168.31542313895233,11458
705,2.0,27,170.31542313895233,11485
706,-7.4,70,162.91542313895232,11555
707,-4.583333333333334,42,158.33208980561898,11597
708,7.0,24,165.33208980561898,11621
709,0.0,1,165.33208980561898,11622
710,1.8,5,167.132089805619,11627
711,0.0,8,167.132089805619,11635
712,4.0,13,171.132089805619,11648
713,3.866666666666666,43,174.99875647228566,11691
714,0.0,1,174.99875647228566,11692
715,-2.0,3,172.99875647228566,11695
716,3.0,5,175.99875647228566,11700
717,0.0,6,175.99875647228566,11706
718,-3.0,9,172.99875647228566,11715
719,-1.1666666666666667,23,171.832089805619,11738
720,-3.5,40,168.332089805619,11778
721,0.04166666666666652,18,168.37375647228566,11796
722,-2.0,34,166.37375647228566,11830
723,2.0,7,168.37375647228566,11837
724,-2.0,7,166.37375647228566,11844
725,1.833333333333333,18,168.207089805619,11862
726,0.0,11,168.207089805619,11873
727,0.0,5,168.207089805619,11878
728,4.0,6,172.207089805619,11884
729,3.0,13,175.207089805619,11897
730,-0.41666666666666674,38,174.79042313895235,11935
731,1.5,4,176.29042313895235,11939
732,-1.0,2,175.29042313895235,11941
733,1.2,3,176.49042313895234,11944
734,-7.154761904761905,20,169.33566123419044,11964
735,-4.083333333333333,7,165.2523279008571,11971
736,0.0,6,165.2523279008571,11977
737,5.0,19,170.2523279008571,11996
738,-1.0,8,169.2523279008571,12004
739,0.0,3,169.2523279008571,12007
740,0.0,2,169.2523279008571,12009
741,0.0,1,169.2523279008571,12010
742,-2.0,11,167.2523279008571,12021
743,-3.0,10,164.2523279008571,12031
744,-0.1111111111111111,7,164.14121678974598,12038
745,0.0,9,164.14121678974598,12047
746,-3.0,24,161.14121678974598,12071
747,1.0,7,162.14121678974598,12078
748,6.166666666666667,21,168.30788345641264,12099
749,-5.0,21,163.30788345641264,12120
750,-1.0,12,162.30788345641264,12132
751,-0.6666666666666667,13,161.64121678974598,12145
752,-3.0,7,158.64121678974598,12152
753,0.0,6,158.64121678974598,12158
754,0.0,2,158.64121678974598,12160
755,-1.0,8,157.64121678974598,12168
756,4.0,30,161.64121678974598,12198
757,4.0,36,165.64121678974598,12234
758,1.206349206349207,40,166.8475659960952,12274
759,5.2,38,172.0475659960952,12312
760,-3.25,14,168.7975659960952,12326
761,2.0,7,170.7975659960952,12333
762,-0.38809523809523805,27,170.40947075799994,12360
763,-4.0,8,166.40947075799994,12368
764,-1.2,13,165.20947075799995,12381
765,2.1666666666666665,18,167.3761374246666,12399
766,6.0,29,173.3761374246666,12428
767,5.166666666666667,30,178.54280409133327,12458
768,1.0,14,179.54280409133327,12472
769,0.0,4,179.54280409133327,12476
770,-1.0,3,178.54280409133327,12479
771,0.0,2,178.54280409133327,12481
772,0.0,8,178.54280409133327,12489
773,0.0,2,178.54280409133327,12491
774,0.0,11,178.54280409133327,12502
775,1.0,2,179.54280409133327,12504
776,1.0,3,180.54280409133327,12507
777,0.0,2,180.54280409133327,12509
778,0.0,2,180.54280409133327,12511
779,1.0,6,181.54280409133327,12517
780,5.0,9,186.54280409133327,12526
781,2.0,7,188.54280409133327,12533
782,0.0,3,188.54280409133327,12536
783,0.0,3,188.54280409133327,12539
784,-0.7878787878787881,19,187.75492530345448,12558
785,1.0,1,188.75492530345448,12559
786,-2.0,3,186.75492530345448,12562
787,4.0,9,190.75492530345448,12571
788,-1.8333333333333333,3,188.92159197012114,12574
789,0.0,6,188.92159197012114,12580
790,4.0,4,192.92159197012114,12584
791,0.0,2,192.92159197012114,12586
792,0.0,2,192.92159197012114,12588
793,-2.5,10,190.42159197012114,12598
794,1.0,5,191.42159197012114,12603
795,-1.0,4,190.42159197012114,12607
796,-3.0,27,187.42159197012114,12634
797,0.0,3,187.42159197012114,12637
798,-1.0,2,186.42159197012114,12639
799,4.5,5,190.92159197012114,12644
800,0.0,3,190.92159197012114,12647
801,0.0,4,190.92159197012114,12651
802,3.0,8,193.92159197012114,12659
803,1.0,10,194.92159197012114,12669
804,0.0,3,194.92159197012114,12672
805,-0.5,4,194.42159197012114,12676
806,-1.1666666666666667,6,193.25492530345448,12682
807,-1.666666666666667,22,191.58825863678783,12704
808,0.5,2,192.08825863678783,12706
809,-5.0,5,187.08825863678783,12711
810,-3.0,5,184.08825863678783,12716
811,-2.0,7,182.08825863678783,12723
812,0.0,7,182.08825863678783,12730
813,1.0,3,183.08825863678783,12733
814,0.0,5,183.08825863678783,12738
815,0.16666666666666674,10,183.25492530345448,12748
816,7.333333333333332,57,190.58825863678783,12805
817,4.0,6,194.58825863678783,12811
818,3.666666666666667,38,198.25492530345448,12849
819,-2.4210526315789473,30,195.83387267187553,12879
820,-0.4166666666666665,30,195.41720600520887,12909
821,1.75,6,197.16720600520887,12915
822,-2.0,28,195.16720600520887,12943
823,2.0,5,197.16720600520887,12948
824,2.2,22,199.36720600520886,12970
825,6.0,13,205.36720600520886,12983
826,0.0,7,205.36720600520886,12990
827,-2.0,10,203.36720600520886,13000
828,1.0,2,204.36720600520886,13002
829,-1.0,8,203.36720600520886,13010
830,0.0,10,203.36720600520886,13020
831,0.5,8,203.86720600520886,13028
832,-4.0,13,199.86720600520886,13041
833,-5.071428571428571,27,194.79577743378027,13068
834,7.666666666666667,7,202.46244410044693,13075
835,7.0,7,209.46244410044693,13082
836,-2.0,2,207.46244410044693,13084
837,1.3333333333333333,6,208.79577743378027,13090
838,2.0,18,210.79577743378027,13108
839,0.5,5,211.29577743378027,13113
840,0.0,2,211.29577743378027,13115
841,2.0,2,213.29577743378027,13117
842,2.333333333333333,7,215.62911076711362,13124
843,-1.0,7,214.62911076711362,13131
844,1.0,7,215.62911076711362,13138
845,3.333333333333333,26,218.96244410044696,13164
846,-3.0,13,215.96244410044696,13177
847,0.0,6,215.96244410044696,13183
848,0.0,1,215.96244410044696,13184
849,-1.5,2,214.46244410044696,13186
850,3.0,5,217.46244410044696,13191
851,7.5,6,224.96244410044696,13197
852,7.0,10,231.96244410044696,13207
853,2.0,7,233.96244410044696,13214
854,6.0,26,239.96244410044696,13240
855,2.0,25,241.96244410044696,13265
856,14.409523809523808,42,256.37196790997075,13307
857,-2.0,31,254.37196790997075,13338
858,3.75,20,258.12196790997075,13358
859,-1.6666666666666665,25,256.45530124330406,13383
860,-3.0454545454545454,14,253.40984669784953,13397
861,12.5,13,265.9098466978495,13410
862,-1.0,2,264.9098466978495,13412
863,-1.0,5,263.9098466978495,13417
864,-2.166666666666666,16,261.7431800311828,13433
865,-1.0,17,260.7431800311828,13450
866,0.0,3,260.7431800311828,13453
867,-1.0,2,259.7431800311828,13455
868,-0.5,3,259.2431800311828,13458
869,2.5,7,261.7431800311828,13465
870,0.0,6,261.7431800311828,13471
871,0.0,5,261.7431800311828,13476
872,3.0,13,264.7431800311828,13489
873,2.2,10,266.9431800311828,13499
874,-4.8,17,262.1431800311828,13516
875,1.0,6,263.1431800311828,13522
876,0.0,2,263.1431800311828,13524
877,0.6666666666666667,14,263.8098466978495,13538
878,-3.5,25,260.3098466978495,13563
879,-0.12121212121212133,25,260.18863457663736,13588
880,0.0,3,260.18863457663736,13591
881,1.5,29,261.68863457663736,13620
882,3.928571428571429,17,265.6172060052088,13637
883,3.428571428571429,5,269.04577743378024,13642
884,0.0,4,269.04577743378024,13646
885,-0.5,8,268.54577743378024,13654
886,-2.5,24,266.04577743378024,13678
887,-2.0,5,264.04577743378024,13683
888,1.4285714285714288,29,265.4743488623517,13712
889,2.5,12,267.9743488623517,13724
890,4.0,9,271.9743488623517,13733
891,1.0,3,272.9743488623517,13736
892,1.0,16,273.9743488623517,13752
893,-2.1904761904761907,35,271.7838726718755,13787
894,-6.083333333333333,22,265.70053933854217,13809
895,-1.0,7,264.70053933854217,13816
896,9.0,33,273.70053933854217,13849
897,-2.666666666666667,71,271.0338726718755,13920
898,3.0,4,274.0338726718755,13924
899,-3.0,8,271.0338726718755,13932
900,-2.0,2,269.0338726718755,13934
901,0.0,2,269.0338726718755,13936
902,3.0,14,272.0338726718755,13950
903,0.0,2,272.0338726718755,13952
904,-1.5,4,270.5338726718755,13956
905,1.0,2,271.5338726718755,13958
906,4.083333333333334,18,275.6172060052088,13976
907,5.666666666666666,36,281.2838726718755,14012
908,-2.0,8,279.2838726718755,14020
909,-2.0,19,277.2838726718755,14039
910,0.4848484848484851,26,277.768721156724,14065
911,2.428571428571429,7,280.19729258529543,14072
912,3.8181818181818183,27,284.01547440347724,14099
913,-6.0,33,278.01547440347724,14132
914,-5.371428571428571,26,272.6440458320487,14158
915,-5.022222222222222,36,267.62182360982644,14194
916,1.2666666666666668,31,268.8884902764931,14225
917,-4.0,19,264.8884902764931,14244
918,-1.0,3,263.8884902764931,14247
919,-3.25,16,260.6384902764931,14263
920,-1.0,14,259.6384902764931,14277
921,-2.0,53,257.6384902764931,14330
922,0.0,3,257.6384902764931,14333
923,-5.333333333333333,11,252.30515694315974,14344
924,-5.666666666666666,16,246.6384902764931,14360
925,-0.6666666666666666,11,245.97182360982643,14371
926,4.0,14,249.97182360982643,14385
927,-2.0,8,247.97182360982643,14393
928,-1.0,8,246.97182360982643,14401
929,0.0,3,246.97182360982643,14404
930,1.7000000000000002,13,248.67182360982642,14417
931,-0.9411764705882353,7,247.7306471392382,14424
932,-9.25,28,238.4806471392382,14452
933,-3.0,23,235.4806471392382,14475
934,-1.5,26,233.9806471392382,14501
935,1.3333333333333335,20,235.31398047257153,14521
936,7.5,10,242.81398047257153,14531
937,0.0,6,242.81398047257153,14537
938,0.0,4,242.81398047257153,14541
939,4.0,7,246.81398047257153,14548
940,-1.4285714285714286,14,245.3854090440001,14562
941,0.0,6,245.3854090440001,14568
942,4.0,5,249.3854090440001,14573
943,0,0,249.3854090440001,14573
944,0,0,249.3854090440001,14573
945,0,0,249.3854090440001,14573
946,0.0,2,249.3854090440001,14575
947,0,0,249.3854090440001,14575
948,0,0,249.3854090440001,14575
949,0,0,249.3854090440001,14575
950,0.0,7,249.3854090440001,14582
951,0,0,249.3854090440001,14582
952,0,0,249.3854090440001,14582
953,0,0,249.3854090440001,14582
954,0.0,2,249.3854090440001,14584
955,0,0,249.3854090440001,14584
956,0,0,249.3854090440001,14584
957,0,0,249.3854090440001,14584
958,2.5,23,251.8854090440001,14607
959,-2.8333333333333335,25,249.05207571066677,14632
960,-1.3571428571428572,25,247.6949328535239,14657
961,0.0,8,247.6949328535239,14665
962,8.0,8,255.6949328535239,14673
963,2.0,15,257.69493285352394,14688
964,-0.5714285714285712,17,257.1235042820954,14705
965,-3.6666666666666665,13,253.45683761542873,14718
966,1.0,5,254.45683761542873,14723
967,1.0,7,255.45683761542873,14730
968,0,0,255.45683761542873,14730
969,0,0,255.45683761542873,14730
970,0,0,255.45683761542873,14730
971,3.0,2,258.45683761542875,14732
972,3.0,2,261.45683761542875,14734
973,3.0,2,264.45683761542875,14736
974,0.16666666666666696,28,264.62350428209544,14764
975,11.0,4,275.62350428209544,14768
976,0,0,275.62350428209544,14768
977,0,0,275.62350428209544,14768
978,0,0,275.62350428209544,14768
979,3.0,2,278.62350428209544,14770
980,-2.3333333333333335,16,276.2901709487621,14786
981,-1.5,14,274.7901709487621,14800
982,-0.607843137254902,30,274.1823278115072,14830
983,-0.75,25,273.4323278115072,14855
984,-9.441176470588236,35,263.991151340919,14890
985,-6.333333333333332,39,257.65781800758566,14929
986,1.0,1,258.65781800758566,14930
987,-1.0,2,257.65781800758566,14932
988,-2.333333333333333,5,255.32448467425232,14937
989,9.0,29,264.3244846742523,14966
990,2.0,4,266.3244846742523,14970
991,0.0,4,266.3244846742523,14974
992,-0.5,9,265.8244846742523,14983
993,2.0,5,267.8244846742523,14988
994,0.3333333333333333,6,268.1578180075856,14994
995,3.0,14,271.1578180075856,15008
996,1.5,9,272.6578180075856,15017
997,1.5,8,274.1578180075856,15025
998,-1.7999999999999998,15,272.3578180075856,15040
999,-3.0,14,269.3578180075856,15054
1000,-4.857142857142858,7,264.50067515044276,15061
1001,0.0,6,264.50067515044276,15067
1002,5.5,8,270.00067515044276,15075
1003,-4.0,7,266.00067515044276,15082
1004,-4.0,7,262.00067515044276,15089
1005,-1.0,4,261.00067515044276,15093
1006,0.0,7,261.00067515044276,15100
1007,4.666666666666667,14,265.66734181710945,15114
1008,-0.3333333333333333,10,265.33400848377613,15124
1009,-3.3333333333333335,22,262.0006751504428,15146
1010,-9.904761904761905,26,252.09591324568092,15172
1011,-2.0,31,250.09591324568092,15203
1012,1.0,3,251.09591324568092,15206
1013,0.0,3,251.09591324568092,15209
1014,-1.1666666666666667,5,249.92924657901426,15214
1015,0.3333333333333333,1,250.2625799123476,15215
1016,-3.0,31,247.2625799123476,15246
1017,0.5,6,247.7625799123476,15252
1018,0.0,2,247.7625799123476,15254
1019,-1.0,8,246.7625799123476,15262
1020,-2.0,2,244.7625799123476,15264
1021,4.045454545454545,26,248.80803445780214,15290
1022,1.5,29,250.30803445780214,15319
1023,-1.0,7,249.30803445780214,15326
1024,1.0,4,250.30803445780214,15330
1025,-1.5,5,248.80803445780214,15335
1026,-2.0,2,246.80803445780214,15337
1027,-4.0,6,242.80803445780214,15343
1028,0.0,18,242.80803445780214,15361
1029,1.0,4,243.80803445780214,15365
1030,7.683333333333334,29,251.49136779113547,15394
1031,7.0,37,258.4913677911355,15431
1032,4.111111111111111,29,262.60247890224656,15460
1033,2.5,25,265.10247890224656,15485
1034,-2.5,6,262.60247890224656,15491
1035,-0.6212121212121213,25,261.98126678103444,15516
1036,0.3999999999999999,30,262.3812667810344,15546
1037,-6.75,45,255.6312667810344,15591
1038,-2.776190476190476,36,252.85507630484395,15627
1039,5.5,22,258.3550763048439,15649
1040,3.0,27,261.3550763048439,15676
1041,9.333333333333332,32,270.68840963817723,15708
1042,-1.0714285714285714,38,269.6169810667487,15746
1043,-0.19999999999999996,33,269.4169810667487,15779
1044,0.0,49,269.4169810667487,15828
1045,-0.43333333333333357,31,268.98364773341535,15859
1046,3.0,26,271.98364773341535,15885
1047,7.45,17,279.43364773341534,15902
1048,-1.5,17,277.93364773341534,15919
1049,2.166666666666667,22,280.100314400082,15941
1050,0.0,5,280.100314400082,15946
1051,7.0,14,287.100314400082,15960
1052,-1.0,33,286.100314400082,15993
1053,-2.9411764705882355,46,283.1591379294938,16039
1054,-3.166666666666667,32,279.9924712628271,16071
1055,-5.0,11,274.9924712628271,16082
1056,-5.0,17,269.9924712628271,16099
1057,0.0,11,269.9924712628271,16110
1058,0.0,31,269.9924712628271,16141
1059,-2.0,4,267.9924712628271,16145
1060,10.277777777777779,49,278.2702490406049,16194
1061,-3.4,6,274.8702490406049,16200
1062,-3.0,19,271.8702490406049,16219
1063,2.0,17,273.8702490406049,16236
1064,0.8888888888888888,21,274.7591379294938,16257
1065,-5.0,7,269.7591379294938,16264
1066,1.0,15,270.7591379294938,16279
1067,2.0,3,272.7591379294938,16282
1068,-1.0,4,271.7591379294938,16286
1069,2.2,7,273.9591379294938,16293
1070,-0.25,8,273.7091379294938,16301
1071,-0.5,9,273.2091379294938,16310
1072,-2.2,7,271.0091379294938,16317
1073,0.8333333333333335,9,271.84247126282713,16326
1074,3.0,7,274.84247126282713,16333
1075,-5.0,4,269.84247126282713,16337
1076,2.0,6,271.84247126282713,16343
1077,6.0,24,277.84247126282713,16367
1078,-1.5277777777777777,34,276.31469348504936,16401
1079,2.0,37,278.31469348504936,16438
1080,-1.833333333333333,17,276.48136015171605,16455
1081,3.5,29,279.98136015171605,16484
1082,1.0,30,280.98136015171605,16514
1083,3.0,16,283.98136015171605,16530
1084,-4.333333333333334,23,279.64802681838273,16553
1085,2.166666666666666,16,281.8146934850494,16569
1086,-1.0,24,280.8146934850494,16593
1087,2.0,20,282.8146934850494,16613
1088,1.25,38,284.0646934850494,16651
1089,1.0,33,285.0646934850494,16684
1090,8.5,30,293.5646934850494,16714
1091,3.0,34,296.5646934850494,16748
1092,2.0,9,298.5646934850494,16757
1093,-4.0,19,294.5646934850494,16776
1094,0.0,29,294.5646934850494,16805
1095,-5.25,29,289.3146934850494,16834
1096,-1.4666666666666663,29,287.8480268183828,16863
1097,7.0,52,294.8480268183828,16915
1098,1.0,19,295.8480268183828,16934
1099,0.6000000000000001,12,296.4480268183828,16946
1100,1.6666666666666665,37,298.1146934850495,16983
1101,-1.5,26,296.6146934850495,17009
1102,-3.6,20,293.01469348504946,17029
1103,-1.5000000000000004,59,291.51469348504946,17088
1104,-2.0,7,289.51469348504946,17095
1105,5.0,27,294.51469348504946,17122
1106,-2.5,49,292.01469348504946,17171
1107,-9.96376811594203,88,282.05092536910746,17259
1108,2.0,11,284.05092536910746,17270
1109,0.8333333333333335,33,284.8842587024408,17303
1110,-6.4,34,278.4842587024408,17337
1111,11.0,4,289.4842587024408,17341
1112,2.0,15,291.4842587024408,17356
1113,1.5,47,292.9842587024408,17403
1114,0.2666666666666666,14,293.25092536910745,17417
1115,-1.25,21,292.00092536910745,17438
1116,2.0,9,294.00092536910745,17447
1117,9.0,8,303.00092536910745,17455
1118,1.0,9,304.00092536910745,17464
1119,1.0,7,305.00092536910745,17471
1120,1.0,4,306.00092536910745,17475
1121,1.0,4,307.00092536910745,17479
1122,-0.666666666666667,38,306.33425870244076,17517
1123,-5.0,18,301.33425870244076,17535
1124,-2.0,25,299.33425870244076,17560
1125,1.0,29,300.33425870244076,17589
1126,0.0,6,300.33425870244076,17595
1127,-0.5416666666666667,27,299.7925920357741,17622
1128,5.333333333333332,8,305.1259253691074,17630
1129,1.0,7,306.1259253691074,17637
1130,-4.5,12,301.6259253691074,17649
1131,2.628571428571429,13,304.2544967976788,17662
1132,-1.25,18,303.0044967976788,17680
1133,-6.0,14,297.0044967976788,17694
1134,1.0,7,298.0044967976788,17701
1135,0.33333333333333337,10,298.33783013101214,17711
1136,-1.0,15,297.33783013101214,17726
1137,6.0,21,303.33783013101214,17747
1138,0.0,5,303.33783013101214,17752
1139,-0.5,16,302.83783013101214,17768
1140,-1.0,21,301.83783013101214,17789
1141,0.1428571428571428,25,301.9806872738693,17814
1142,1.0,6,302.9806872738693,17820
1143,0.0,3,302.9806872738693,17823
1144,0.0,2,302.9806872738693,17825
1145,1.0,2,303.9806872738693,17827
1146,2.4,13,306.3806872738693,17840
1147,-1.25,18,305.1306872738693,17858
1148,1.0,19,306.1306872738693,17877
1149,3.0,45,309.1306872738693,17922
1150,-2.5,10,306.6306872738693,17932
1151,-4.833333333333333,33,301.79735394053597,17965
1152,8.0,6,309.79735394053597,17971
1153,3.0,20,312.79735394053597,17991
1154,1.0,10,313.79735394053597,18001
1155,-4.066666666666666,31,309.7306872738693,18032
1156,-1.833333333333333,38,307.897353940536,18070
1157,5.0,24,312.897353940536,18094
1158,0.0,2,312.897353940536,18096
1159,5.0,12,317.897353940536,18108
1160,1.5,17,319.397353940536,18125
1161,8.166666666666666,19,327.5640206072027,18144
1162,1.0,16,328.5640206072027,18160
1163,8.142857142857142,18,336.70687775005985,18178
1164,1.0,6,337.70687775005985,18184
1165,3.3333333333333335,9,341.04021108339316,18193
1166,0.3333333333333333,10,341.3735444167265,18203
1167,0.0,2,341.3735444167265,18205
1168,3.0,8,344.3735444167265,18213
1169,1.3333333333333333,7,345.7068777500598,18220
1170,0.0,5,345.7068777500598,18225
1171,-0.7411764705882353,17,344.96570127947155,18242
1172,0.0,24,344.96570127947155,18266
1173,2.0,16,346.96570127947155,18282
1174,2.0,5,348.96570127947155,18287
1175,0.6666666666666665,35,349.63236794613823,18322
1176,3.5285714285714285,28,353.16093937470964,18350
1177,3.5,12,356.66093937470964,18362
1178,2.5,24,359.16093937470964,18386
1179,-2.0,2,357.16093937470964,18388
1180,0.0,7,357.16093937470964,18395
1181,0.0,2,357.16093937470964,18397
1182,-1.0,3,356.16093937470964,18400
1183,1.0454545454545454,13,357.2063939201642,18413
1184,1.0,10,358.2063939201642,18423
1185,10.0,6,368.2063939201642,18429
1186,3.5,13,371.7063939201642,18442
1187,-1.0,17,370.7063939201642,18459
1188,-1.0,14,369.7063939201642,18473
1189,5.2,26,374.9063939201642,18499
1190,0.0,6,374.9063939201642,18505
1191,1.5,10,376.4063939201642,18515
1192,-6.282539682539683,33,370.1238542376245,18548
1193,-1.6190476190476188,32,368.50480661857694,18580
1194,-1.6944444444444446,30,366.8103621741325,18610
1195,0.0,10,366.8103621741325,18620
1196,8.333333333333334,6,375.1436955074658,18626
1197,-3.0,3,372.1436955074658,18629
1198,0.5454545454545454,15,372.68915005292035,18644
1199,2.0,9,374.68915005292035,18653
1200,0.5,6,375.18915005292035,18659
1201,-1.0,2,374.18915005292035,18661
1202,0.0,3,374.18915005292035,18664
1203,0.0,2,374.18915005292035,18666
1204,0.0,4,374.18915005292035,18670
1205,4.0,19,378.18915005292035,18689
1206,8.3,42,386.48915005292037,18731
1207,2.3,31,388.7891500529204,18762
1208,-1.8611111111111107,25,386.9280389418093,18787
1209,-3.5,36,383.4280389418093,18823
1210,-5.611111111111111,26,377.8169278306982,18849
1211,1.0,15,378.8169278306982,18864
1212,-2.0,16,376.8169278306982,18880
1213,0,0,376.8169278306982,18880
1214,0,0,376.8169278306982,18880
1215,0,0,376.8169278306982,18880
1216,5.0,8,381.8169278306982,18888
1217,3.0,2,384.8169278306982,18890
1218,7.533333333333333,13,392.35026116403156,18903
1219,-6.5,21,385.85026116403156,18924
1220,1.0,7,386.85026116403156,18931
1221,0.0,1,386.85026116403156,18932
1222,4.261904761904762,23,391.1121659259363,18955
1223,-2.0,12,389.1121659259363,18967
1224,3.1999999999999997,21,392.3121659259363,18988
1225,0.0,1,392.3121659259363,18989
1226,0.0,3,392.3121659259363,18992
1227,0.3333333333333333,19,392.6454992592696,19011
1228,0.0,23,392.6454992592696,19034
1229,-1.0,6,391.6454992592696,19040
1230,0.033333333333333215,30,391.678832592603,19070
1231,0.0,1,391.678832592603,19071
1232,0.0,4,391.678832592603,19075
1233,2.0,17,393.678832592603,19092
1234,4.0,7,397.678832592603,19099
1235,2.0,15,399.678832592603,19114
1236,1.5,11,401.178832592603,19125
1237,1.0,4,402.178832592603,19129
1238,-1.0,2,401.178832592603,19131
1239,4.0,3,405.178832592603,19134
1240,3.0,7,408.178832592603,19141
1241,-2.333333333333333,6,405.8454992592697,19147
1242,1.9166666666666667,6,407.76216592593636,19153
1243,-2.4637681159420293,16,405.29839780999436,19169
1244,-0.6666666666666667,18,404.63173114332767,19187
1245,8.666666666666668,24,413.29839780999436,19211
1246,4.083333333333333,17,417.38173114332767,19228
1247,3.333333333333333,22,420.715064476661,19250
1248,-0.6666666666666665,22,420.0483978099943,19272
1249,-1.3333333333333333,3,418.715064476661,19275
1250,-1.0,3,417.715064476661,19278
1251,0.06666666666666671,28,417.78173114332765,19306
1252,-6.463768115942028,20,411.31796302738564,19326
1253,2.0,8,413.31796302738564,19334
1254,0.0,3,413.31796302738564,19337
1255,2.0,9,415.31796302738564,19346
1256,-1.0,9,414.31796302738564,19355
1257,3.0,8,417.31796302738564,19363
1258,-0.5,13,416.81796302738564,19376
1259,-1.0,1,415.81796302738564,19377
1260,-2.0,4,413.81796302738564,19381
1261,3.5,5,417.31796302738564,19386
1262,-2.0,11,415.31796302738564,19397
1263,1.0,12,416.31796302738564,19409
1264,1.0,22,417.31796302738564,19431
1265,0.0,22,417.31796302738564,19453
1266,-3.05,18,414.26796302738563,19471
1267,5.933333333333332,23,420.20129636071897,19494
1268,-2.0,13,418.20129636071897,19507
1269,4.0,7,422.20129636071897,19514
1270,4.0,18,426.20129636071897,19532
1271,0.25,10,426.45129636071897,19542
1272,0.16666666666666674,8,426.61796302738566,19550
1273,1.5,19,428.11796302738566,19569
1274,-4.375,21,423.74296302738566,19590
1275,2.5,12,426.24296302738566,19602
1276,2.0,5,428.24296302738566,19607
1277,6.333333333333334,8,434.57629636071897,19615
1278,1.0,1,435.57629636071897,19616
1279,0.0,5,435.57629636071897,19621
1280,0.0,1,435.57629636071897,19622
1281,-1.3333333333333333,7,434.24296302738566,19629
1282,-0.5,4,433.74296302738566,19633
1283,0.0,5,433.74296302738566,19638
1284,3.0,11,436.74296302738566,19649
1285,-2.5,8,434.24296302738566,19657
1286,0.0,2,434.24296302738566,19659
1287,2.0,8,436.24296302738566,19667
1288,4.1,11,440.3429630273857,19678
1289,0.5,18,440.8429630273857,19696
1290,5.2,23,446.04296302738567,19719
1291,-2.0,2,444.04296302738567,19721
1292,0.0,9,444.04296302738567,19730
1293,-1.0,11,443.04296302738567,19741
1294,-1.0,9,442.04296302738567,19750
1295,3.0,8,445.04296302738567,19758
1296,2.2,1,447.24296302738566,19759
1297,0.0,3,447.24296302738566,19762
1298,2.0,6,449.24296302738566,19768
1299,1.0,1,450.24296302738566,19769
1300,0.0,8,450.24296302738566,19777
1301,3.0,7,453.24296302738566,19784
1302,1.3333333333333333,12,454.57629636071897,19796
1303,-0.25,27,454.32629636071897,19823
1304,6.261904761904763,24,460.58820112262373,19847
1305,0.0,8,460.58820112262373,19855
1306,5.333333333333334,10,465.92153445595704,19865
1307,2.0,13,467.92153445595704,19878
1308,13.0,42,480.92153445595704,19920
1309,-1.0,12,479.92153445595704,19932
1310,1.0,10,480.92153445595704,19942
1311,-1.0,7,479.92153445595704,19949
1312,1.0,7,480.92153445595704,19956
1313,3.333333333333333,12,484.25486778929036,19968
1314,0.0,6,484.25486778929036,19974
1315,-1.0,1,483.25486778929036,19975
1316,0.0,2,483.25486778929036,19977
1317,0.0,2,483.25486778929036,19979
1318,-1.0,5,482.25486778929036,19984
1319,0.5,18,482.75486778929036,20002
1320,1.5,5,484.25486778929036,20007
1321,0.0,2,484.25486778929036,20009
1322,0.0,4,484.25486778929036,20013
1323,4.5,41,488.75486778929036,20054
1324,5.0,29,493.75486778929036,20083
1325,2.0,7,495.75486778929036,20090
1326,-1.0,5,494.75486778929036,20095
1327,5.5,5,500.25486778929036,20100
1328,-1.0,6,499.25486778929036,20106
1329,4.75,7,504.00486778929036,20113
1330,1.0,5,505.00486778929036,20118
1331,-1.9090909090909092,6,503.0957768801994,20124
1332,0.8333333333333333,16,503.92911021353274,20140
1333,2.0,9,505.92911021353274,20149
1334,-0.25,8,505.67911021353274,20157
1335,0.3666666666666667,16,506.0457768801994,20173
1336,0.0,4,506.0457768801994,20177
1337,-1.0,3,505.0457768801994,20180
1338,-1.6666666666666665,9,503.3791102135327,20189
1339,0.0,5,503.3791102135327,20194
1340,0.0,1,503.3791102135327,20195
1341,2.3333333333333335,16,505.71244354686604,20211
1342,0.0,5,505.71244354686604,20216
1343,-1.0,4,504.71244354686604,20220
1344,6.0,11,510.71244354686604,20231
1345,0.0,7,510.71244354686604,20238
1346,0.0,1,510.71244354686604,20239
1347,-1.0,11,509.71244354686604,20250
1348,7.0,45,516.7124435468661,20295
1349,-2.666666666666667,25,514.0457768801995,20320
1350,-6.5,44,507.54577688019947,20364
1351,3.0,17,510.54577688019947,20381
1352,9.5,22,520.0457768801995,20403
1353,4.0,39,524.0457768801995,20442
1354,1.5,29,525.5457768801995,20471
1355,2.0,19,527.5457768801995,20490
1356,-2.6666666666666665,5,524.8791102135328,20495
1357,3.0,3,527.8791102135328,20498
1358,6.142857142857142,20,534.02196735639,20518
1359,-8.221428571428572,14,525.8005387849614,20532
1360,0.0,2,525.8005387849614,20534
1361,4.2,13,530.0005387849615,20547
1362,0.33333333333333326,36,530.3338721182948,20583
1363,3.833333333333333,36,534.1672054516282,20619
1364,0.0,4,534.1672054516282,20623
1365,11.0,25,545.1672054516282,20648
1366,1.3333333333333337,14,546.5005387849616,20662
1367,2.7285714285714286,33,549.229110213533,20695
1368,-4.0,17,545.229110213533,20712
1369,0.5,34,545.729110213533,20746
1370,8.0,11,553.729110213533,20757
1371,0.1515151515151516,20,553.8806253650481,20777
1372,-1.5,18,552.3806253650481,20795
1373,6.5,41,558.8806253650481,20836
1374,0.0,3,558.8806253650481,20839
1375,4.5,35,563.3806253650481,20874
1376,2.0,15,565.3806253650481,20889
1377,0.0,4,565.3806253650481,20893
1378,4.0,12,569.3806253650481,20905
1379,1.0,5,570.3806253650481,20910
1380,-4.0,16,566.3806253650481,20926
1381,0.0,2,566.3806253650481,20928
1382,-3.5,21,562.8806253650481,20949
1383,1.2,12,564.0806253650481,20961
1384,0.0,8,564.0806253650481,20969
1385,0.0,6,564.0806253650481,20975
1386,-5.0,8,559.0806253650481,20983
1387,-0.25,21,558.8306253650481,21004
1388,-0.33333333333333326,8,558.4972920317148,21012
1389,5.45,37,563.9472920317148,21049
1390,0.0,7,563.9472920317148,21056
1391,-2.0,42,561.9472920317148,21098
1392,1.5,28,563.4472920317148,21126
1393,0.0,24,563.4472920317148,21150
1394,-1.9411764705882353,19,561.5061155611265,21169
1395,0.6666666666666665,14,562.1727822277932,21183
1396,0.6666666666666665,29,562.8394488944598,21212
1397,4.933333333333334,16,567.7727822277931,21228
1398,2.5,4,570.2727822277931,21232
1399,-1.107843137254902,26,569.1649390905382,21258
1400,-2.25,27,566.9149390905382,21285
1401,-0.33333333333333326,16,566.5816057572048,21301
1402,5.0,21,571.5816057572048,21322
1403,1.5,8,573.0816057572048,21330
1404,6.3,23,579.3816057572047,21353
1405,2.0,6,581.3816057572047,21359
1406,8.0,12,589.3816057572047,21371
1407,-8.142857142857142,30,581.2387486143476,21401
1408,0.6666666666666667,19,581.9054152810143,21420
1409,0,0,581.9054152810143,21420
1410,0,0,581.9054152810143,21420
1411,0,0,581.9054152810143,21420
1412,0.20000000000000018,16,582.1054152810143,21436
1413,0.5,16,582.6054152810143,21452
1414,2.666666666666667,18,585.2720819476809,21470
1415,-4.833333333333334,25,580.4387486143476,21495
1416,1.0,17,581.4387486143476,21512
1417,-0.4411764705882353,26,580.9975721437593,21538
1418,10.666666666666668,46,591.6642388104259,21584
1419,-2.0,19,589.6642388104259,21603
1420,0.0,8,589.6642388104259,21611
1421,0.0,2,589.6642388104259,21613
1422,-0.5,13,589.1642388104259,21626
1423,2.0,17,591.1642388104259,21643
1424,1.6666666666666665,14,592.8309054770925,21657
1425,4.833333333333333,22,597.6642388104259,21679
1426,1.0,7,598.6642388104259,21686
1427,-1.0,29,597.6642388104259,21715
1428,-0.5,15,597.1642388104259,21730
1429,-2.0,3,595.1642388104259,21733
1430,-1.0,5,594.1642388104259,21738
1431,-2.0,6,592.1642388104259,21744
1432,-0.19999999999999996,10,591.9642388104259,21754
1433,-3.0,3,588.9642388104259,21757
1434,-0.6666666666666667,10,588.2975721437592,21767
1435,0.33333333333333326,9,588.6309054770926,21776
1436,4.0,7,592.6309054770926,21783
1437,0.0,1,592.6309054770926,21784
1438,-4.333333333333333,22,588.2975721437592,21806
1439,1.5,18,589.7975721437592,21824
1440,3.5,24,593.2975721437592,21848
1441,-4.0,28,589.2975721437592,21876
1442,1.3333333333333333,3,590.6309054770926,21879
1443,6.0,8,596.6309054770926,21887
1444,1.0,18,597.6309054770926,21905
1445,3.75,31,601.3809054770926,21936
1446,-0.2250000000000001,31,601.1559054770926,21967
1447,1.1666666666666665,35,602.3225721437592,22002
1448,-1.6666666666666665,26,600.6559054770926,22028
1449,1.0,13,601.6559054770926,22041
1450,2.0,6,603.6559054770926,22047
1451,-0.5,7,603.1559054770926,22054
1452,0.5,7,603.6559054770926,22061
1453,3.5,9,607.1559054770926,22070
1454,-7.155555555555556,26,600.000349921537,22096
1455,-3.5999999999999996,32,596.400349921537,22128
1456,0.0,18,596.400349921537,22146
1457,-2.0,23,594.400349921537,22169
1458,1.2984126984126982,29,595.6987626199497,22198
1459,-2.0,16,593.6987626199497,22214
1460,-5.866666666666666,34,587.832095953283,22248
1461,2.0,6,589.832095953283,22254
1462,-6.566666666666666,27,583.2654292866163,22281
1463,-1.0,14,582.2654292866163,22295
1464,5.333333333333333,10,587.5987626199496,22305
1465,0.0,2,587.5987626199496,22307
1466,0.0,7,587.5987626199496,22314
1467,0.0,9,587.5987626199496,22323
1468,7.666666666666667,8,595.2654292866163,22331
1469,0.0,3,595.2654292866163,22334
1470,0.0,4,595.2654292866163,22338
1471,-0.5999999999999996,10,594.6654292866162,22348
1472,-1.4,9,593.2654292866163,22357
1473,-2.083333333333333,7,591.1820959532829,22364
1474,1.0,2,592.1820959532829,22366
1475,-3.2,8,588.9820959532829,22374
1476,-2.0,10,586.9820959532829,22384
1477,3.428571428571429,15,590.4106673818543,22399
1478,1.0,8,591.4106673818543,22407
1479,0.0,10,591.4106673818543,22417
1480,0.3333333333333333,5,591.7440007151877,22422
1481,0.3333333333333333,5,592.077334048521,22427
1482,-2.0,4,590.077334048521,22431
1483,1.0,12,591.077334048521,22443
1484,0.0,6,591.077334048521,22449
1485,0.0,5,591.077334048521,22454
1486,-3.25,12,587.827334048521,22466
1487,-6.07056277056277,25,581.7567712779583,22491
1488,-4.0,7,577.7567712779583,22498
1489,-1.0,10,576.7567712779583,22508
1490,-0.5,10,576.2567712779583,22518
1491,-1.0,2,575.2567712779583,22520
1492,0.0,6,575.2567712779583,22526
1493,0.0,9,575.2567712779583,22535
1494,7.933333333333332,16,583.1901046112915,22551
1495,0.0,3,583.1901046112915,22554
1496,4.0,10,587.1901046112915,22564
1497,5.333333333333334,27,592.5234379446249,22591
1498,4.6,20,597.1234379446249,22611
1499,-1.0,2,596.1234379446249,22613
1500,3.2,5,599.323437944625,22618
1501,0.20000000000000018,19,599.523437944625,22637
1502,5.0,10,604.523437944625,22647
1503,3.0,19,607.523437944625,22666
1504,0.833333333333333,24,608.3567712779584,22690
1505,1.75,8,610.1067712779584,22698
1506,2.7,13,612.8067712779584,22711
1507,0.0,10,612.8067712779584,22721
1508,-1.8333333333333333,21,610.9734379446251,22742
1509,2.666666666666667,24,613.6401046112917,22766
1510,5.155555555555555,23,618.7956601668473,22789
1511,-1.8333333333333333,28,616.9623268335139,22817
1512,8.333333333333334,16,625.2956601668473,22833
1513,-2.0,7,623.2956601668473,22840
1514,0.0,1,623.2956601668473,22841
1515,0.0,4,623.2956601668473,22845
1516,0.0,3,623.2956601668473,22848
1517,-1.0,3,622.2956601668473,22851
1518,1.0,7,623.2956601668473,22858
1519,-6.0,31,617.2956601668473,22889
1520,-3.5,39,613.7956601668473,22928
1521,-1.5,21,612.2956601668473,22949
1522,-1.6666666666666667,23,610.6289935001806,22972
1523,-3.6,13,607.0289935001806,22985
1524,1.0,4,608.0289935001806,22989
1525,-1.0,3,607.0289935001806,22992
1526,-0.6666666666666665,10,606.362326833514,23002
1527,-3.0,2,603.362326833514,23004
1528,0.0,3,603.362326833514,23007
1529,0.0,6,603.362326833514,23013
1530,0.0,20,603.362326833514,23033
1531,3.3333333333333335,6,606.6956601668473,23039
1532,0.0,13,606.6956601668473,23052
1533,0.0,6,606.6956601668473,23058
1534,-0.04999999999999999,12,606.6456601668474,23070
1535,-0.8,15,605.8456601668474,23085
1536,-5.0,11,600.8456601668474,23096
1537,-1.0,3,599.8456601668474,23099
1538,-1.0,2,598.8456601668474,23101
1539,0.0,4,598.8456601668474,23105
1540,2.0,3,600.8456601668474,23108
1541,0.0,4,600.8456601668474,23112
1542,0,0,600.8456601668474,23112
1543,8.0,2,608.8456601668474,23114
1544,-3.083333333333333,19,605.7623268335141,23133
1545,-3.621212121212121,45,602.1411147123019,23178
1546,-0.8214285714285714,16,601.3196861408734,23194
1547,0.0,3,601.3196861408734,23197
1548,2.0,5,603.3196861408734,23202
1549,0.0,4,603.3196861408734,23206
1550,-5.0,16,598.3196861408734,23222
1551,-4.0,6,594.3196861408734,23228
1552,1.5,11,595.8196861408734,23239
1553,-2.0,23,593.8196861408734,23262
1554,1.1666666666666667,15,594.98635280754,23277
1555,3.095238095238095,15,598.0815909027781,23292
1556,-1.0,2,597.0815909027781,23294
1557,2.0,20,599.0815909027781,23314
1558,4.416666666666667,9,603.4982575694447,23323
1559,2.8,13,606.2982575694447,23336
1560,5.0,23,611.2982575694447,23359
1561,-5.133333333333333,33,606.1649242361113,23392
1562,1.5454545454545454,12,607.7103787815659,23404
1563,0.0,8,607.7103787815659,23412
1564,0.0,7,607.7103787815659,23419
1565,-2.333333333333333,11,605.3770454482325,23430
1566,3.0,6,608.3770454482325,23436
1567,-2.0,9,606.3770454482325,23445
1568,0.3333333333333333,6,606.7103787815659,23451
1569,0.0,8,606.7103787815659,23459
1570,0.0,1,606.7103787815659,23460
1571,-1.3333333333333333,3,605.3770454482325,23463
1572,-2.25,9,603.1270454482325,23472
1573,6.2,4,609.3270454482325,23476
1574,-1.5,2,607.8270454482325,23478
1575,4.0,3,611.8270454482325,23481
1576,-0.4444444444444444,15,611.3826010037881,23496
1577,-3.333333333333333,6,608.0492676704547,23502
1578,-9.333333333333334,26,598.7159343371213,23528
1579,3.75,30,602.4659343371213,23558
1580,-1.0,6,601.4659343371213,23564
1581,3.1666666666666665,18,604.632601003788,23582
1582,2.0,9,606.632601003788,23591
1583,7.0,27,613.632601003788,23618
1584,1.0,9,614.632601003788,23627
1585,-2.0,5,612.632601003788,23632
1586,-3.333333333333333,14,609.2992676704546,23646
1587,4.75,22,614.0492676704546,23668
1588,-4.25,41,609.7992676704546,23709
1589,0.3333333333333333,6,610.132601003788,23715
1590,-2.0,17,608.132601003788,23732
1591,1.5333333333333334,30,609.6659343371213,23762
1592,0.0,19,609.6659343371213,23781
1593,2.0,8,611.6659343371213,23789
1594,0.7000000000000002,10,612.3659343371213,23799
1595,4.5,15,616.8659343371213,23814
1596,4.0,9,620.8659343371213,23823
1597,-3.0,17,617.8659343371213,23840
1598,1.3333333333333333,20,619.1992676704547,23860
1599,3.0,4,622.1992676704547,23864
1600,5.666666666666667,15,627.8659343371213,23879
1601,-1.4,30,626.4659343371213,23909
1602,7.0,14,633.4659343371213,23923
1603,-5.25,25,628.2159343371213,23948
1604,-1.65,23,626.5659343371213,23971
1605,-1.5714285714285714,4,624.9945057656928,23975
1606,-3.0,5,621.9945057656928,23980
1607,1.0,4,622.9945057656928,23984
1608,-1.5833333333333333,12,621.4111724323594,23996
1609,3.0,14,624.4111724323594,24010
1610,-3.0,4,621.4111724323594,24014
1611,1.0,4,622.4111724323594,24018
1612,-11.333333333333332,18,611.077839099026,24036
1613,1.5,15,612.577839099026,24051
1614,-2.0,3,610.577839099026,24054
1615,0.0,3,610.577839099026,24057
1616,2.5,6,613.077839099026,24063
1617,0.0,5,613.077839099026,24068
1618,-2.0,11,611.077839099026,24079
1619,-4.0,7,607.077839099026,24086
1620,-2.0,7,605.077839099026,24093
1621,2.220446049250313e-16,25,605.077839099026,24118
1622,-3.2,41,601.877839099026,24159
1623,-0.2999999999999998,23,601.577839099026,24182
1624,1.3333333333333333,30,602.9111724323594,24212
1625,-1.5,42,601.4111724323594,24254
1626,-0.9666666666666666,20,600.4445057656927,24274
1627,-3.583333333333334,13,596.8611724323594,24287
1628,-3.0,14,593.8611724323594,24301
1629,-0.15714285714285725,34,593.7040295752165,24335
1630,3.428571428571429,26,597.132601003788,24361
1631,-2.333333333333333,6,594.7992676704546,24367
1632,3.7,25,598.4992676704546,24392
1633,-0.6666666666666667,15,597.832601003788,24407
1634,-0.9833333333333334,26,596.8492676704547,24433
1635,-7.333333333333333,32,589.5159343371213,24465
1636,-0.5,26,589.0159343371213,24491
1637,-2.0,11,587.0159343371213,24502
1638,9.533333333333333,23,596.5492676704546,24525
1639,9.0,15,605.5492676704546,24540
1640,1.4285714285714286,11,606.977839099026,24551
1641,-1.0,4,605.977839099026,24555
1642,0.5,2,606.477839099026,24557
1643,19.555555555555557,37,626.0333946545816,24594
1644,0.0,6,626.0333946545816,24600
1645,-1.0,4,625.0333946545816,24604
1646,6.0,4,631.0333946545816,24608
1647,0.5,13,631.5333946545816,24621
1648,5.0,20,636.5333946545816,24641
1649,4.2,8,640.7333946545816,24649
1650,8.0,3,648.7333946545816,24652
1651,-5.333333333333333,24,643.4000613212482,24676
1652,2.5333333333333337,7,645.9333946545815,24683
1653,-1.0,2,644.9333946545815,24685
1654,3.7555555555555555,10,648.6889502101371,24695
1655,4.0,6,652.6889502101371,24701
1656,1.0,1,653.6889502101371,24702
1657,-1.6666666666666665,11,652.0222835434705,24713
1658,1.2000000000000002,13,653.2222835434706,24726
1659,0.0,6,653.2222835434706,24732
1660,-2.0,22,651.2222835434706,24754
1661,5.666666666666667,35,656.8889502101372,24789
1662,-2.0,10,654.8889502101372,24799
1663,-1.0,14,653.8889502101372,24813
1664,4.0,8,657.8889502101372,24821
1665,1.0,7,658.8889502101372,24828
1666,2.0,14,660.8889502101372,24842
1667,3.666666666666667,23,664.5556168768038,24865
1668,2.0,4,666.5556168768038,24869
1669,-2.0,3,664.5556168768038,24872
1670,2.0,4,666.5556168768038,24876
1671,3.333333333333333,14,669.8889502101372,24890
1672,4.5,11,674.3889502101372,24901
1673,3.0,5,677.3889502101372,24906
1674,3.0,2,680.3889502101372,24908
1675,-2.037878787878788,20,678.3510714222584,24928
1676,17.0,44,695.3510714222584,24972
1677,1.1666666666666665,30,696.5177380889251,25002
1678,-10.11111111111111,36,686.406626977814,25038
1679,-2.238095238095238,24,684.1685317397188,25062
1680,0.5,44,684.6685317397188,25106
1681,0.0,6,684.6685317397188,25112
1682,-2.0,11,682.6685317397188,25123
1683,3.2,36,685.8685317397188,25159
1684,5.2,30,691.0685317397189,25189
1685,2.0,27,693.0685317397189,25216
1686,-2.0,9,691.0685317397189,25225
1687,1.0,22,692.0685317397189,25247
1688,1.2,22,693.2685317397189,25269
1689,10.6,10,703.868531739719,25279
1690,-4.111111111111111,20,699.7574206286079,25299
1691,1.5,15,701.2574206286079,25314
1692,1.0,30,702.2574206286079,25344
1693,1.3333333333333333,12,703.5907539619412,25356
1694,1.3333333333333333,34,704.9240872952746,25390
1695,-1.75,11,703.1740872952746,25401
1696,1.0,16,704.1740872952746,25417
1697,-6.8238095238095235,41,697.3502777714651,25458
1698,-0.5833333333333333,35,696.7669444381318,25493
1699,-2.0,17,694.7669444381318,25510
1700,4.0,14,698.7669444381318,25524
1701,1.6,14,700.3669444381318,25538
1702,1.0,44,701.3669444381318,25582
1703,1.0,17,702.3669444381318,25599
1704,-4.944444444444445,16,697.4224999936873,25615
1705,1.5,17,698.9224999936873,25632
1706,0.5555555555555556,17,699.4780555492429,25649
1707,4.433333333333333,21,703.9113888825761,25670
1708,5.0,11,708.9113888825761,25681
1709,-1.4444444444444444,10,707.4669444381317,25691
1710,2.0,9,709.4669444381317,25700
1711,-1.0,15,708.4669444381317,25715
1712,1.4285714285714286,19,709.8955158667031,25734
1713,0.0,3,709.8955158667031,25737
1714,0.0,1,709.8955158667031,25738
1715,8.0,7,717.8955158667031,25745
1716,0.0,5,717.8955158667031,25750
1717,-3.0,4,714.8955158667031,25754
1718,1.6666666666666665,9,716.5621825333698,25763
1719,1.2,28,717.7621825333698,25791
1720,3.0,3,720.7621825333698,25794
1721,-1.5,2,719.2621825333698,25796
1722,0.0,2,719.2621825333698,25798
1723,0.0,11,719.2621825333698,25809
1724,1.3333333333333333,6,720.5955158667032,25815
1725,0.0,8,720.5955158667032,25823
1726,0.0,7,720.5955158667032,25830
1727,0.6285714285714288,19,721.2240872952746,25849
1728,1.0,1,722.2240872952746,25850
1729,0,0,722.2240872952746,25850
1730,0,0,722.2240872952746,25850
1731,0,0,722.2240872952746,25850
1732,-0.7999999999999998,6,721.4240872952746,25856
1733,0,0,721.4240872952746,25856
1734,0,0,721.4240872952746,25856
1735,0,0,721.4240872952746,25856
1736,5.0,7,726.4240872952746,25863
1737,0,0,726.4240872952746,25863
1738,0,0,726.4240872952746,25863
1739,0,0,726.4240872952746,25863
1740,-0.5,5,725.9240872952746,25868
1741,0,0,725.9240872952746,25868
1742,0,0,725.9240872952746,25868
1743,0,0,725.9240872952746,25868
1744,-1.0,8,724.9240872952746,25876
1745,0,0,724.9240872952746,25876
1746,0,0,724.9240872952746,25876
1747,0,0,724.9240872952746,25876
1748,-0.2999999999999998,16,724.6240872952746,25892
1749,0,0,724.6240872952746,25892
1750,0,0,724.6240872952746,25892
1751,0,0,724.6240872952746,25892
1752,-1.5,3,723.1240872952746,25895
1753,3.0,3,726.1240872952746,25898
1754,-2.0,5,724.1240872952746,25903
1755,-0.375,27,723.7490872952746,25930
1756,4.083333333333334,30,727.832420628608,25960
1757,-3.733333333333333,21,724.0990872952747,25981
1758,3.5,15,727.5990872952747,25996
1759,-3.9999999999999996,8,723.5990872952747,26004
1760,-2.0,22,721.5990872952747,26026
1761,3.6666666666666665,21,725.2657539619413,26047
1762,-2.0,5,723.2657539619413,26052
1763,0.0,3,723.2657539619413,26055
1764,-6.0,11,717.2657539619413,26066
1765,-1.0,6,716.2657539619413,26072
1766,1.75,4,718.0157539619413,26076
1767,0,0,718.0157539619413,26076
1768,0,0,718.0157539619413,26076
1769,0,0,718.0157539619413,26076
1770,1.5,9,719.5157539619413,26085
1771,8.0,6,727.5157539619413,26091
1772,6.2,5,733.7157539619413,26096
1773,4.0,8,737.7157539619413,26104
1774,-2.333333333333333,12,735.382420628608,26116
1775,-4.0,4,731.382420628608,26120
1776,-0.4444444444444444,11,730.9379761841635,26131
1777,-2.0,13,728.9379761841635,26144
1778,-6.944444444444445,36,721.9935317397191,26180
1779,0.0,21,721.9935317397191,26201
1780,3.0,8,724.9935317397191,26209
1781,4.0,7,728.9935317397191,26216
1782,9.0,15,737.9935317397191,26231
1783,4.0,1,741.9935317397191,26232
1784,3.75,27,745.7435317397191,26259
1785,0.7619047619047619,24,746.5054365016239,26283
1786,4.0,16,750.5054365016239,26299
1787,5.9,17,756.4054365016239,26316
1788,7.0,44,763.4054365016239,26360
1789,0.0,3,763.4054365016239,26363
1790,-5.45,29,757.9554365016238,26392
1791,-1.3333333333333333,7,756.6221031682904,26399
1792,-0.5,27,756.1221031682904,26426
1793,-3.8333333333333335,18,752.2887698349571,26444
1794,0.0,10,752.2887698349571,26454
1795,0.6025974025974026,24,752.8913672375545,26478
1796,3.0,25,755.8913672375545,26503
1797,-0.5,21,755.3913672375545,26524
1798,3.0,17,758.3913672375545,26541
1799,-7.541666666666666,19,750.8497005708879,26560
1800,3.333333333333333,28,754.1830339042212,26588
1801,0.0,5,754.1830339042212,26593
1802,0.0,3,754.1830339042212,26596
1803,-2.0,6,752.1830339042212,26602
1804,-2.0,32,750.1830339042212,26634
1805,-2.5,15,747.6830339042212,26649
1806,-0.13043478260869557,13,747.5525991216125,26662
1807,1.6150793650793651,32,749.1676784866919,26694
1808,5.166666666666667,50,754.3343451533585,26744
1809,5.1,20,759.4343451533585,26764
1810,-0.3999999999999999,11,759.0343451533586,26775
1811,3.0,38,762.0343451533586,26813
1812,-6.0095238095238095,57,756.0248213438348,26870
1813,-2.0,14,754.0248213438348,26884
1814,0.0,20,754.0248213438348,26904
1815,1.0,18,755.0248213438348,26922
1816,9.166666666666668,34,764.1914880105014,26956
1817,10.5,30,774.6914880105014,26986
1818,1.5,36,776.1914880105014,27022
1819,0.8333333333333333,17,777.0248213438348,27039
1820,-7.300000000000001,40,769.7248213438348,27079
1821,-1.8333333333333335,9,767.8914880105015,27088
1822,8.5,13,776.3914880105015,27101
1823,-11.61111111111111,32,764.7803768993904,27133
1824,3.0,22,767.7803768993904,27155
1825,0.0,37,767.7803768993904,27192
1826,5.166666666666667,23,772.947043566057,27215
1827,-5.833333333333334,34,767.1137102327236,27249
1828,3.75,31,770.8637102327236,27280
1829,5.0,24,775.8637102327236,27304
1830,-1.4,38,774.4637102327237,27342
1831,-2.0,36,772.4637102327237,27378
1832,1.1,25,773.5637102327237,27403
1833,7.0,26,780.5637102327237,27429
1834,5.0,17,785.5637102327237,27446
1835,3.833333333333333,26,789.397043566057,27472
1836,-4.383333333333333,25,785.0137102327237,27497
1837,-1.8823529411764706,16,783.1313572915473,27513
1838,-1.166666666666667,53,781.9646906248806,27566
1839,-2.333333333333333,15,779.6313572915473,27581
1840,-1.0,27,778.6313572915473,27608
1841,-1.375,45,777.2563572915473,27653
1842,2.0,11,779.2563572915473,27664
1843,-0.8333333333333335,25,778.4230239582139,27689
1844,3.0,16,781.4230239582139,27705
1845,-0.25,5,781.1730239582139,27710
1846,-0.666666666666667,22,780.5063572915473,27732
1847,-0.9411764705882353,23,779.565180820959,27755
1848,0.30000000000000004,33,779.8651808209589,27788
1849,-1.0,24,778.8651808209589,27812
1850,1.9083333333333334,23,780.7735141542922,27835
1851,0.125,11,780.8985141542922,27846
1852,0.9999999999999998,45,781.8985141542922,27891
1853,2.0,16,783.8985141542922,27907
1854,1.0,16,784.8985141542922,27923
1855,2.0,28,786.8985141542922,27951
1856,7.0,12,793.8985141542922,27963
1857,5.0,7,798.8985141542922,27970
1858,1.25,4,800.1485141542922,27974
1859,0.0,3,800.1485141542922,27977
1860,-3.0,6,797.1485141542922,27983
1861,1.0,8,798.1485141542922,27991
1862,4.5,12,802.6485141542922,28003
1863,-1.0,11,801.6485141542922,28014
1864,-0.38888888888888884,24,801.2596252654033,28038
1865,1.1428571428571428,4,802.4024824082604,28042
1866,0.0,2,802.4024824082604,28044
1867,1.0,2,803.4024824082604,28046
1868,0.0,3,803.4024824082604,28049
1869,2.0,4,805.4024824082604,28053
1870,0,0,805.4024824082604,28053
1871,0,0,805.4024824082604,28053
1872,0,0,805.4024824082604,28053
1873,5.0,9,810.4024824082604,28062
1874,3.0,5,813.4024824082604,28067
1875,1.0,5,814.4024824082604,28072
1876,3.5,17,817.9024824082604,28089
1877,1.3333333333333333,8,819.2358157415938,28097
1878,0.0,1,819.2358157415938,28098
1879,5.0,10,824.2358157415938,28108
1880,0.0,3,824.2358157415938,28111
1881,4.2,4,828.4358157415938,28115
1882,0.0,4,828.4358157415938,28119
1883,1.0,3,829.4358157415938,28122
1884,-2.0,5,827.4358157415938,28127
1885,0.5,8,827.9358157415938,28135
1886,0.0,2,827.9358157415938,28137
1887,0.0,4,827.9358157415938,28141
1888,1.833333333333333,5,829.7691490749272,28146
1889,3.0,2,832.7691490749272,28148
1890,0.0,2,832.7691490749272,28150
1891,1.0,28,833.7691490749272,28178
1892,5.0,13,838.7691490749272,28191
1893,0.0,4,838.7691490749272,28195
1894,0.0,1,838.7691490749272,28196
1895,3.0,7,841.7691490749272,28203
1896,3.0,8,844.7691490749272,28211
1897,2.2,7,846.9691490749273,28218
1898,3.0,7,849.9691490749273,28225
1899,3.142857142857143,14,853.1120062177844,28239
1900,-0.8,11,852.3120062177844,28250
1901,0.33333333333333326,14,852.6453395511178,28264
1902,2.0,10,854.6453395511178,28274
1903,0.0,3,854.6453395511178,28277
1904,-1.0,3,853.6453395511178,28280
1905,-0.25,6,853.3953395511178,28286
1906,0.0,8,853.3953395511178,28294
1907,0.0,5,853.3953395511178,28299
1908,3.0,6,856.3953395511178,28305
1909,1.0,3,857.3953395511178,28308
1910,-1.0,5,856.3953395511178,28313
1911,2.8095238095238093,17,859.2048633606416,28330
1912,5.0,11,864.2048633606416,28341
1913,6.2,8,870.4048633606417,28349
1914,3.0,8,873.4048633606417,28357
1915,3.0,12,876.4048633606417,28369
1916,-0.25,8,876.1548633606417,28377
1917,-5.333333333333334,14,870.8215300273083,28391
1918,2.0,9,872.8215300273083,28400
1919,1.5,6,874.3215300273083,28406
1920,1.6666666666666667,19,875.9881966939749,28425
1921,4.0,10,879.9881966939749,28435
1922,0.5,9,880.4881966939749,28444
1923,1.0,6,881.4881966939749,28450
1924,4.0,14,885.4881966939749,28464
1925,0.0,2,885.4881966939749,28466
1926,0.9999999999999998,9,886.4881966939749,28475
1927,5.666666666666666,21,892.1548633606416,28496
1928,0.3333333333333335,7,892.4881966939749,28503
1929,-5.333333333333334,14,887.1548633606416,28517
1930,2.0,10,889.1548633606416,28527
1931,-1.5833333333333333,5,887.5715300273082,28532
1932,-2.0,12,885.5715300273082,28544
1933,10.555555555555555,40,896.1270855828637,28584
1934,0.33333333333333304,24,896.4604189161971,28608
1935,-1.6666666666666665,24,894.7937522495305,28632
1936,4.0,42,898.7937522495305,28674
1937,5.333333333333333,52,904.1270855828639,28726
1938,1.6666666666666665,21,905.7937522495305,28747
1939,0.5,23,906.2937522495305,28770
1940,4.0,7,910.2937522495305,28777
1941,5.0,26,915.2937522495305,28803
1942,2.5,4,917.7937522495305,28807
1943,0.3333333333333335,5,918.1270855828639,28812
1944,-0.12121212121212127,9,918.0058734616517,28821
1945,2.0,4,920.0058734616517,28825
1946,7.0,17,927.0058734616517,28842
1947,-2.0,7,925.0058734616517,28849
1948,-1.3333333333333333,9,923.6725401283184,28858
1949,4.0,13,927.6725401283184,28871
1950,-0.5,5,927.1725401283184,28876
1951,2.0,19,929.1725401283184,28895
1952,4.0,21,933.1725401283184,28916
1953,3.0,5,936.1725401283184,28921
1954,0.0,8,936.1725401283184,28929
1955,0.2,10,936.3725401283184,28939
1956,0,0,936.3725401283184,28939
1957,0,0,936.3725401283184,28939
1958,-3.0,13,933.3725401283184,28952
1959,0.0,7,933.3725401283184,28959
1960,7.0,20,940.3725401283184,28979
1961,1.3333333333333333,7,941.7058734616518,28986
1962,-1.5,2,940.2058734616518,28988
1963,2.416666666666667,14,942.6225401283184,29002
1964,-0.5,10,942.1225401283184,29012
1965,4.2,5,946.3225401283185,29017
1966,2.3333333333333335,25,948.6558734616518,29042
1967,0.0,4,948.6558734616518,29046
1968,2.0,17,950.6558734616518,29063
1969,-6.833333333333334,42,943.8225401283185,29105
1970,-1.0,13,942.8225401283185,29118
1971,0.0,11,942.8225401283185,29129
1972,0.0,2,942.8225401283185,29131
1973,1.25,8,944.0725401283185,29139
1974,4.866666666666667,20,948.9392067949851,29159
1975,0,0,948.9392067949851,29159
1976,0,0,948.9392067949851,29159
1977,0,0,948.9392067949851,29159
1978,-5.5,37,943.4392067949851,29196
1979,-1.0,7,942.4392067949851,29203
1980,-0.8666666666666667,22,941.5725401283185,29225
1981,2.0,12,943.5725401283185,29237
1982,-1.0,6,942.5725401283185,29243
1983,-6.0,11,936.5725401283185,29254
1984,2.0,10,938.5725401283185,29264
1985,0.0,1,938.5725401283185,29265
1986,1.0,32,939.5725401283185,29297
1987,0.0,14,939.5725401283185,29311
1988,-3.0,9,936.5725401283185,29320
1989,-5.0,9,931.5725401283185,29329
1990,0.5333333333333332,19,932.1058734616518,29348
1991,5.2,12,937.3058734616518,29360
1992,-5.25,15,932.0558734616518,29375
1993,-6.25,15,925.8058734616518,29390
1994,-0.6666666666666667,9,925.1392067949852,29399
1995,-2.0,10,923.1392067949852,29409
1996,0.0,3,923.1392067949852,29412
1997,-7.0,4,916.1392067949852,29416
1998,3.0,3,919.1392067949852,29419
1999,2.0,8,921.1392067949852,29427
2000,2.0,4,923.1392067949852,29431
2001,4.5,19,927.6392067949852,29450
2002,0.08333333333333304,22,927.7225401283185,29472
2003,6.0,36,933.7225401283185,29508
2004,5.0,10,938.7225401283185,29518
2005,0.0,16,938.7225401283185,29534
2006,1.5595238095238093,48,940.2820639378424,29582
2007,-3.0,12,937.2820639378424,29594
2008,-3.3333333333333335,14,933.948730604509,29608
2009,-3.7111111111111112,23,930.2376194933979,29631
2010,0.0,28,930.2376194933979,29659
2011,0.0,5,930.2376194933979,29664
2012,-4.0,3,926.2376194933979,29667
2013,1.0,3,927.2376194933979,29670
2014,0.0,5,927.2376194933979,29675
2015,0.0,2,927.2376194933979,29677
2016,0.0,5,927.2376194933979,29682
2017,0.0,3,927.2376194933979,29685
2018,7.0,13,934.2376194933979,29698
2019,0.0,5,934.2376194933979,29703
2020,-3.0,6,931.2376194933979,29709
2021,-1.0,9,930.2376194933979,29718
2022,0.9500000000000002,12,931.187619493398,29730
2023,-1.6666666666666667,11,929.5209528267313,29741
2024,-0.5,16,929.0209528267313,29757
2025,2.3333333333333335,6,931.3542861600647,29763
2026,2.2,3,933.5542861600647,29766
2027,1.0,6,934.5542861600647,29772
2028,-4.0,18,930.5542861600647,29790
2029,-1.0,30,929.5542861600647,29820
2030,6.0,32,935.5542861600647,29852
2031,1.0,12,936.5542861600647,29864
2032,-1.0,6,935.5542861600647,29870
2033,1.3333333333333335,13,936.8876194933981,29883
2034,1.5,14,938.3876194933981,29897
2035,-1.4,11,936.9876194933981,29908
2036,0.0,8,936.9876194933981,29916
2037,1.0,10,937.9876194933981,29926
2038,4.0,5,941.9876194933981,29931
2039,3.0,8,944.9876194933981,29939
2040,1.0,5,945.9876194933981,29944
2041,-4.357843137254902,33,941.6297763561432,29977
2042,-2.0,19,939.6297763561432,29996
2043,4.333333333333334,16,943.9631096894766,30012
2044,0.0,9,943.9631096894766,30021
2045,8.0,41,951.9631096894766,30062
2046,-0.3333333333333333,5,951.6297763561432,30067
2047,1.0000000000000002,40,952.6297763561432,30107
2048,-7.666666666666667,25,944.9631096894766,30132
2049,2.0,8,946.9631096894766,30140
2050,0.0,4,946.9631096894766,30144
2051,2.0,7,948.9631096894766,30151
2052,1.0,7,949.9631096894766,30158
2053,-4.0,10,945.9631096894766,30168
2054,1.0,8,946.9631096894766,30176
2055,-1.4,7,945.5631096894766,30183
2056,0.0,5,945.5631096894766,30188
2057,0.0,2,945.5631096894766,30190
2058,-2.888888888888889,14,942.6742208005877,30204
2059,6.0,6,948.6742208005877,30210
2060,2.8095238095238093,19,951.4837446101116,30229
2061,-2.8,20,948.6837446101116,30249
2062,4.166666666666667,30,952.8504112767782,30279
2063,0.0,7,952.8504112767782,30286
2064,-1.3333333333333335,7,951.5170779434449,30293
2065,-4.166666666666667,27,947.3504112767782,30320
2066,-0.5,10,946.8504112767782,30330
2067,-3.0,6,943.8504112767782,30336
2068,-3.0,5,940.8504112767782,30341
2069,-2.0,3,938.8504112767782,30344
2070,-3.0,5,935.8504112767782,30349
2071,-0.5,25,935.3504112767782,30374
2072,2.261904761904762,16,937.612316038683,30390
2073,1.0,3,938.612316038683,30393
2074,4.809523809523809,27,943.4218398482069,30420
2075,0.2575757575757578,34,943.6794156057827,30454
2076,0,0,943.6794156057827,30454
2077,0,0,943.6794156057827,30454
2078,0,0,943.6794156057827,30454
2079,0,0,943.6794156057827,30454
2080,0,0,943.6794156057827,30454
2081,0,0,943.6794156057827,30454
2082,0.10000000000000009,36,943.7794156057827,30490
2083,-1.0,8,942.7794156057827,30498
2084,6.0,21,948.7794156057827,30519
2085,4.666666666666667,22,953.4460822724493,30541
2086,-2.0,55,951.4460822724493,30596
2087,6.5,16,957.9460822724493,30612
2088,3.5,29,961.4460822724493,30641
2089,0.0,19,961.4460822724493,30660
2090,2.0,4,963.4460822724493,30664
2091,2.75,16,966.1960822724493,30680
2092,-7.0,31,959.1960822724493,30711
2093,-4.8,35,954.3960822724493,30746
2094,2.6,14,956.9960822724494,30760
2095,-0.6666666666666665,38,956.3294156057827,30798
2096,-1.8333333333333335,25,954.4960822724494,30823
2097,-2.333333333333333,25,952.162748939116,30848
2098,-2.0,4,950.162748939116,30852
2099,0.0,1,950.162748939116,30853
2100,-2.0,11,948.162748939116,30864
2101,-2.0,11,946.162748939116,30875
2102,2.0,6,948.162748939116,30881
2103,0.0,1,948.162748939116,30882
2104,-1.0,3,947.162748939116,30885
2105,0.0,1,947.162748939116,30886
2106,0.0,1,947.162748939116,30887
2107,1.0,6,948.162748939116,30893
2108,-5.0,5,943.162748939116,30898
2109,-5.333333333333333,44,937.8294156057826,30942
2110,4.333333333333333,28,942.162748939116,30970
2111,2.3333333333333335,8,944.4960822724494,30978
2112,-1.5714285714285714,2,942.9246537010208,30980
2113,0.0,2,942.9246537010208,30982
2114,7.0,3,949.9246537010208,30985
2115,-2.0,7,947.9246537010208,30992
2116,1.1428571428571428,7,949.0675108438779,30999
2117,2.0,8,951.0675108438779,31007
2118,0.0,17,951.0675108438779,31024
2119,1.1428571428571428,10,952.210367986735,31034
2120,0.0,6,952.210367986735,31040
2121,-2.5,7,949.710367986735,31047
2122,1.0,2,950.710367986735,31049
2123,3.3333333333333335,17,954.0437013200684,31066
2124,-2.0,5,952.0437013200684,31071
2125,6.5,16,958.5437013200684,31087
2126,2.0,3,960.5437013200684,31090
2127,-0.3333333333333335,28,960.210367986735,31118
2128,2.833333333333333,14,963.0437013200684,31132
2129,-1.0,24,962.0437013200684,31156
2130,-2.0,44,960.0437013200684,31200
2131,1.5,7,961.5437013200684,31207
2132,0.0,2,961.5437013200684,31209
2133,0.0,2,961.5437013200684,31211
2134,8.0,50,969.5437013200684,31261
2135,0.0,1,969.5437013200684,31262
2136,0.0,6,969.5437013200684,31268
2137,2.0,2,971.5437013200684,31270
2138,0.0,1,971.5437013200684,31271
2139,0.0,1,971.5437013200684,31272
2140,0.0,1,971.5437013200684,31273
2141,1.0,6,972.5437013200684,31279
2142,0.0,3,972.5437013200684,31282
2143,0.0,2,972.5437013200684,31284
2144,0,0,972.5437013200684,31284
2145,0,0,972.5437013200684,31284
2146,0,0,972.5437013200684,31284
2147,0.3999999999999999,14,972.9437013200684,31298
2148,11.433333333333334,23,984.3770346534017,31321
2149,0,0,984.3770346534017,31321
2150,0,0,984.3770346534017,31321
2151,0,0,984.3770346534017,31321
2152,-6.666666666666667,29,977.710367986735,31350
2153,2.5,4,980.210367986735,31354
2154,0.0,6,980.210367986735,31360
2155,-1.25,19,978.960367986735,31379
2156,1.0,6,979.960367986735,31385
2157,0,0,979.960367986735,31385
2158,0,0,979.960367986735,31385
2159,1.0,1,980.960367986735,31386
2160,0,0,980.960367986735,31386
2161,0,0,980.960367986735,31386
2162,1.0,3,981.960367986735,31389
2163,1.9500000000000002,17,983.9103679867351,31406
2164,-1.0,6,982.9103679867351,31412
2165,-2.0,6,980.9103679867351,31418
2166,-0.33333333333333326,15,980.5770346534017,31433
2167,1.6,10,982.1770346534017,31443
2168,7.0,24,989.1770346534017,31467
2169,-2.0,7,987.1770346534017,31474
2170,2.0,14,989.1770346534017,31488
2171,0.0,6,989.1770346534017,31494
2172,0.0,2,989.1770346534017,31496
2173,-6.0,12,983.1770346534017,31508
2174,0.0,15,983.1770346534017,31523
2175,10.333333333333334,21,993.5103679867351,31544
2176,-2.0,14,991.5103679867351,31558
2177,-3.0,3,988.5103679867351,31561
2178,-1.0,9,987.5103679867351,31570
2179,2.2,12,989.7103679867352,31582
2180,0,0,989.7103679867352,31582
2181,0,0,989.7103679867352,31582
2182,0,0,989.7103679867352,31582
2183,3.0,9,992.7103679867352,31591
2184,0,0,992.7103679867352,31591
2185,0,0,992.7103679867352,31591
2186,0,0,992.7103679867352,31591
2187,-1.7575757575757573,18,990.9527922291594,31609
2188,-1.0,7,989.9527922291594,31616
2189,0.16666666666666674,7,990.119458895826,31623
2190,0.4,6,990.519458895826,31629
2191,1.5,6,992.019458895826,31635
2192,-4.333333333333333,21,987.6861255624926,31656
2193,0.0,1,987.6861255624926,31657
2194,0.0,1,987.6861255624926,31658
2195,-0.2999999999999998,11,987.3861255624927,31669
2196,7.0,7,994.3861255624927,31676
2197,0,0,994.3861255624927,31676
2198,0,0,994.3861255624927,31676
2199,0,0,994.3861255624927,31676
2200,-2.0,1,992.3861255624927,31677
2201,0,0,992.3861255624927,31677
2202,0,0,992.3861255624927,31677
2203,0,0,992.3861255624927,31677
2204,-2.4,7,989.9861255624927,31684
2205,1.4754901960784315,24,991.4616157585712,31708
2206,2.5,7,993.9616157585712,31715
2207,1.3333333333333335,9,995.2949490919045,31724
2208,-1.0,4,994.2949490919045,31728
2209,0.0,4,994.2949490919045,31732
2210,-4.787878787878788,5,989.5070703040258,31737
2211,2.0,4,991.5070703040258,31741
2212,-4.0,10,987.5070703040258,31751
2213,5.166666666666667,26,992.6737369706924,31777
2214,-2.0,10,990.6737369706924,31787
2215,5.0,8,995.6737369706924,31795
2216,-2.0,18,993.6737369706924,31813
2217,0.0,5,993.6737369706924,31818
2218,3.75,9,997.4237369706924,31827
2219,1.3333333333333335,8,998.7570703040258,31835
2220,-0.30000000000000004,13,998.4570703040258,31848
2221,0.33333333333333326,9,998.7904036373592,31857
2222,1.0,13,999.7904036373592,31870
2223,-0.25,12,999.5404036373592,31882
2224,-0.3571428571428572,10,999.1832607802163,31892
2225,1.5,12,1000.6832607802163,31904
2226,1.0,3,1001.6832607802163,31907
2227,1.0,4,1002.6832607802163,31911
2228,0.0,5,1002.6832607802163,31916
2229,-0.25,9,1002.4332607802163,31925
2230,3.25,7,1005.6832607802163,31932
2231,0.0,9,1005.6832607802163,31941
2232,1.0,6,1006.6832607802163,31947
2233,0.0,3,1006.6832607802163,31950
2234,2.3333333333333335,9,1009.0165941135497,31959
2235,2.3333333333333335,4,1011.349927446883,31963
2236,-0.25,10,1011.099927446883,31973
2237,1.0,6,1012.099927446883,31979
2238,-6.133333333333333,11,1005.9665941135497,31990
2239,2.0,2,1007.9665941135497,31992
2240,6.0,2,1013.9665941135497,31994
2241,5.7,35,1019.6665941135498,32029
2242,4.2,5,1023.8665941135498,32034
2243,0.33333333333333326,9,1024.199927446883,32043
2244,1.0,6,1025.199927446883,32049
2245,1.75,14,1026.949927446883,32063
2246,1.6785714285714288,30,1028.6284988754544,32093
2247,5.333333333333333,17,1033.9618322087877,32110
2248,-3.333333333333333,8,1030.6284988754544,32118
2249,1.4444444444444444,17,1032.0729433198987,32135
2250,2.3333333333333335,15,1034.406276653232,32150
2251,4.0,6,1038.406276653232,32156
2252,0.0,3,1038.406276653232,32159
2253,-1.0,20,1037.406276653232,32179
2254,-0.5833333333333333,16,1036.8229433198987,32195
2255,1.4444444444444444,10,1038.267387764343,32205
2256,2.0,8,1040.267387764343,32213
2257,0.0,13,1040.267387764343,32226
2258,-1.333333333333333,21,1038.9340544310098,32247
2259,1.0,20,1039.9340544310098,32267
2260,0.0,6,1039.9340544310098,32273
2261,-0.25,12,1039.6840544310098,32285
2262,-4.0,17,1035.6840544310098,32302
2263,-0.33333333333333326,6,1035.3507210976766,32308
2264,0.6666666666666667,15,1036.0173877643433,32323
2265,2.2,31,1038.2173877643434,32354
2266,-1.0,6,1037.2173877643434,32360
2267,-1.0,3,1036.2173877643434,32363
2268,0.0,6,1036.2173877643434,32369
2269,-0.6666666666666667,7,1035.5507210976766,32376
2270,-1.6666666666666667,13,1033.8840544310099,32389
2271,-4.0,9,1029.8840544310099,32398
2272,1.3333333333333333,7,1031.2173877643431,32405
2273,4.0,12,1035.2173877643431,32417
2274,3.0,3,1038.2173877643431,32420
2275,2.0,31,1040.2173877643431,32451
2276,-1.3333333333333333,11,1038.8840544310099,32462
2277,4.166666666666667,21,1043.0507210976766,32483
2278,0.4285714285714286,8,1043.479292526248,32491
2279,2.5,12,1045.979292526248,32503
2280,0.5,3,1046.479292526248,32506
2281,2.0,2,1048.479292526248,32508
2282,-1.8333333333333335,5,1046.6459591929147,32513
2283,1.0,5,1047.6459591929147,32518
2284,-0.5714285714285714,9,1047.074530621486,32527
2285,-5.5,20,1041.574530621486,32547
2286,-1.5,16,1040.074530621486,32563
2287,-0.40476190476190466,6,1039.669768716724,32569
2288,0.0,2,1039.669768716724,32571
2289,2.0,2,1041.669768716724,32573
2290,-2.571428571428571,12,1039.0983401452954,32585
2291,0.0,5,1039.0983401452954,32590
2292,6.0,8,1045.0983401452954,32598
2293,-2.0,6,1043.0983401452954,32604
2294,1.6666666666666667,4,1044.7650068119622,32608
2295,0.0,7,1044.7650068119622,32615
2296,2.0,3,1046.7650068119622,32618
2297,-1.5833333333333333,19,1045.181673478629,32637
2298,-2.0,12,1043.181673478629,32649
2299,0.0,16,1043.181673478629,32665
2300,1.75,6,1044.931673478629,32671
2301,-3.0,5,1041.931673478629,32676
2302,-1.0,9,1040.931673478629,32685
2303,0.0,1,1040.931673478629,32686
2304,-2.0,2,1038.931673478629,32688
2305,-6.571428571428571,14,1032.3602449072002,32702
2306,3.95,13,1036.3102449072003,32715
2307,-0.6666666666666666,6,1035.6435782405335,32721
2308,1.75,7,1037.3935782405335,32728
2309,0.6666666666666667,3,1038.0602449072003,32731
2310,5.0,15,1043.0602449072003,32746
2311,-0.25,8,1042.8102449072003,32754
2312,-1.0,6,1041.8102449072003,32760
2313,-2.0,9,1039.8102449072003,32769
2314,0.0,3,1039.8102449072003,32772
2315,0.0,5,1039.8102449072003,32777
2316,3.142857142857143,25,1042.9531020500574,32802
2317,0,0,1042.9531020500574,32802
2318,0,0,1042.9531020500574,32802
2319,0,0,1042.9531020500574,32802
2320,2.375,12,1045.3281020500574,32814
2321,0,0,1045.3281020500574,32814
2322,0,0,1045.3281020500574,32814
2323,0,0,1045.3281020500574,32814
2324,-1.2777777777777781,32,1044.0503242722796,32846
2325,-1.3333333333333333,7,1042.7169909389463,32853
2326,0.0,2,1042.7169909389463,32855
2327,-6.0,9,1036.7169909389463,32864
2328,-1.9411764705882353,9,1034.775814468358,32873
2329,-1.0,4,1033.775814468358,32877
2330,-1.0,2,1032.775814468358,32879
2331,1.0,1,1033.775814468358,32880
2332,2.4000000000000004,14,1036.175814468358,32894
2333,-2.0,6,1034.175814468358,32900
2334,-1.5,10,1032.675814468358,32910
2335,-3.5,6,1029.175814468358,32916
2336,-3.0,5,1026.175814468358,32921
2337,-5.666666666666667,12,1020.5091478016915,32933
2338,-4.5,9,1016.0091478016915,32942
2339,-2.0,7,1014.0091478016915,32949
2340,-4.111111111111111,31,1009.8980366905804,32980
2341,2.0,14,1011.8980366905804,32994
2342,0.2,8,1012.0980366905804,33002
2343,-1.5,14,1010.5980366905804,33016
2344,-1.8,5,1008.7980366905805,33021
2345,2.0,8,1010.7980366905805,33029
2346,4.333333333333334,11,1015.1313700239139,33040
2347,-14.588768115942027,34,1000.5426019079719,33074
2348,1.0,4,1001.5426019079719,33078
2349,-1.0,2,1000.5426019079719,33080
2350,1.0,2,1001.5426019079719,33082
2351,0.0,15,1001.5426019079719,33097
2352,1.0,9,1002.5426019079719,33106
2353,0.0,2,1002.5426019079719,33108
2354,1.5,18,1004.0426019079719,33126
2355,-1.0,10,1003.0426019079719,33136
2356,2.0,15,1005.0426019079719,33151
2357,0.09999999999999998,11,1005.1426019079719,33162
2358,0.16666666666666674,18,1005.3092685746385,33180
2359,0.0,3,1005.3092685746385,33183
2360,0.0,1,1005.3092685746385,33184
2361,-1.0,8,1004.3092685746385,33192
2362,0.0,2,1004.3092685746385,33194
2363,0.0,2,1004.3092685746385,33196
2364,0.0,2,1004.3092685746385,33198
2365,-1.0,4,1003.3092685746385,33202
2366,-0.9,12,1002.4092685746385,33214
2367,2.0,11,1004.4092685746385,33225
2368,0.0,3,1004.4092685746385,33228
2369,0.0,3,1004.4092685746385,33231
2370,-2.0,4,1002.4092685746385,33235
2371,-2.0,5,1000.4092685746385,33240
2372,0.0,6,1000.4092685746385,33246
2373,1.3333333333333333,10,1001.7426019079719,33256
2374,0.0,2,1001.7426019079719,33258
2375,1.0,13,1002.7426019079719,33271
2376,-1.0,3,1001.7426019079719,33274
2377,1.0,13,1002.7426019079719,33287
2378,-1.0,20,1001.7426019079719,33307
2379,2.1666666666666665,22,1003.9092685746385,33329
2380,0.5,11,1004.4092685746385,33340
2381,1.0,9,1005.4092685746385,33349
2382,0.41666666666666674,11,1005.8259352413052,33360
2383,-1.5,18,1004.3259352413052,33378
2384,-1.0,19,1003.3259352413052,33397
2385,-0.5,5,1002.8259352413052,33402
2386,-2.0,3,1000.8259352413052,33405
2387,3.0,11,1003.8259352413052,33416
2388,2.0,7,1005.8259352413052,33423
2389,-2.0,5,1003.8259352413052,33428
2390,1.0,4,1004.8259352413052,33432
2391,2.3333333333333335,5,1007.1592685746385,33437
2392,4.2,5,1011.3592685746386,33442
2393,-1.0,2,1010.3592685746386,33444
2394,3.2,7,1013.5592685746386,33451
2395,-2.9411764705882355,21,1010.6180921040503,33472
2396,0.0,7,1010.6180921040503,33479
2397,-2.0,10,1008.6180921040503,33489
2398,1.1285714285714286,20,1009.7466635326217,33509
2399,3.0,6,1012.7466635326217,33515
2400,0.0,2,1012.7466635326217,33517
2401,-4.5,5,1008.2466635326217,33522
2402,5.0,14,1013.2466635326217,33536
2403,0.5,4,1013.7466635326217,33540
2404,5.0,5,1018.7466635326217,33545
2405,-1.4,10,1017.3466635326217,33555
2406,1.0,10,1018.3466635326217,33565
2407,0.0,6,1018.3466635326217,33571
2408,0.75,5,1019.0966635326217,33576
2409,-0.33333333333333326,8,1018.7633301992884,33584
2410,0.0,3,1018.7633301992884,33587
2411,-3.5,3,1015.2633301992884,33590
2412,0.0,9,1015.2633301992884,33599
2413,0.0,11,1015.2633301992884,33610
2414,-1.2380952380952381,11,1014.0252349611932,33621
2415,1.1785714285714286,7,1015.2038063897646,33628
2416,-3.0,18,1012.2038063897646,33646
2417,0.0,5,1012.2038063897646,33651
2418,-3.0,3,1009.2038063897646,33654
2419,6.75,14,1015.9538063897646,33668
2420,0.75,8,1016.7038063897646,33676
2421,-2.090909090909091,10,1014.6128972988555,33686
2422,0.0,5,1014.6128972988555,33691
2423,0.0,2,1014.6128972988555,33693
2424,-6.166666666666666,29,1008.4462306321889,33722
2425,-3.4,24,1005.0462306321889,33746
2426,-2.2,46,1002.8462306321888,33792
2427,-10.75,21,992.0962306321888,33813
2428,1.0,9,993.0962306321888,33822
2429,1.0,7,994.0962306321888,33829
2430,-2.5,28,991.5962306321888,33857
2431,5.333333333333333,35,996.9295639655222,33892
2432,0.5,25,997.4295639655222,33917
2433,7.75,28,1005.1795639655222,33945
2434,-4.633333333333333,54,1000.5462306321889,33999
2435,-4.5,24,996.0462306321889,34023
2436,3.8461538461538463,18,999.8923844783427,34041
2437,-3.6916666666666664,47,996.200717811676,34088
2438,2.0,10,998.200717811676,34098
2439,5.333333333333333,12,1003.5340511450094,34110
2440,4.428571428571429,22,1007.9626225735808,34132
2441,-0.916666666666667,32,1007.0459559069142,34164
2442,-1.5714285714285714,4,1005.4745273354856,34168
2443,-2.0,2,1003.4745273354856,34170
2444,0.0,4,1003.4745273354856,34174
2445,-2.0,6,1001.4745273354856,34180
2446,-1.3333333333333333,2,1000.1411940021522,34182
2447,0.3333333333333333,8,1000.4745273354856,34190
2448,-0.6666666666666667,14,999.807860668819,34204
2449,-3.0,8,996.807860668819,34212
2450,-11.333333333333332,20,985.4745273354856,34232
2451,2.0,15,987.4745273354856,34247
2452,-0.5,26,986.9745273354856,34273
2453,-5.0,18,981.9745273354856,34291
2454,0.0,4,981.9745273354856,34295
2455,-1.315151515151515,19,980.659375820334,34314
2456,-0.16666666666666696,49,980.4927091536674,34363
2457,2.9000000000000004,30,983.3927091536674,34393
2458,-0.40000000000000036,34,982.9927091536674,34427
2459,0,0,982.9927091536674,34427
2460,0,0,982.9927091536674,34427
2461,0,0,982.9927091536674,34427
2462,-3.071428571428571,27,979.9212805822389,34454
2463,1.1666666666666667,15,981.0879472489055,34469
2464,3.4,12,984.4879472489055,34481
2465,-0.3333333333333333,8,984.1546139155721,34489
2466,0.0,5,984.1546139155721,34494
2467,4.866666666666667,21,989.0212805822388,34515
2468,-10.4,10,978.6212805822388,34525
2469,0.0,15,978.6212805822388,34540
2470,7.0,7,985.6212805822388,34547
2471,0.0,2,985.6212805822388,34549
2472,4.142857142857142,10,989.7641377250959,34559
2473,0.0,6,989.7641377250959,34565
2474,-6.653846153846153,23,983.1102915712497,34588
2475,3.333333333333333,7,986.4436249045831,34595
2476,-0.25,4,986.1936249045831,34599
2477,0.0,7,986.1936249045831,34606
2478,0.5,11,986.6936249045831,34617
2479,3.0,10,989.6936249045831,34627
2480,0.0,3,989.6936249045831,34630
2481,0.0,2,989.6936249045831,34632
2482,8.0,5,997.6936249045831,34637
2483,2.0,6,999.6936249045831,34643
2484,1.2285714285714284,26,1000.9221963331545,34669
2485,-0.5,10,1000.4221963331545,34679
2486,5.866666666666667,29,1006.2888629998212,34708
2487,1.6666666666666667,6,1007.9555296664878,34714
2488,-2.0,3,1005.9555296664878,34717
2489,3.75,14,1009.7055296664878,34731
2490,0.0,2,1009.7055296664878,34733
2491,0.0,5,1009.7055296664878,34738
2492,2.0,4,1011.7055296664878,34742
2493,0.0,4,1011.7055296664878,34746
2494,-1.4,16,1010.3055296664878,34762
2495,2.8333333333333335,17,1013.1388629998212,34779
2496,-2.583333333333333,14,1010.5555296664878,34793
2497,-3.9411764705882355,7,1006.6143531958995,34800
2498,0.0,17,1006.6143531958995,34817
2499,-2.8333333333333335,11,1003.7810198625662,34828
2500,0.0,4,1003.7810198625662,34832
2501,0.5588235294117647,9,1004.3398433919779,34841
2502,-1.0,10,1003.3398433919779,34851
2503,-1.0,27,1002.3398433919779,34878
2504,-1.0,11,1001.3398433919779,34889
2505,3.75,6,1005.0898433919779,34895
2506,3.0,9,1008.0898433919779,34904
2507,0.0,5,1008.0898433919779,34909
2508,-0.5,6,1007.5898433919779,34915
2509,0.0,1,1007.5898433919779,34916
2510,-3.0,5,1004.5898433919779,34921
2511,-0.5,5,1004.0898433919779,34926
2512,1.0,7,1005.0898433919779,34933
2513,-2.0,5,1003.0898433919779,34938
2514,1.0,6,1004.0898433919779,34944
2515,1.0,7,1005.0898433919779,34951
2516,1.7000000000000002,6,1006.7898433919779,34957
2517,-0.6666666666666666,7,1006.1231767253113,34964
2518,-2.5,17,1003.6231767253113,34981
2519,2.0,2,1005.6231767253113,34983
2520,0.0,7,1005.6231767253113,34990
2521,0.0,11,1005.6231767253113,35001
2522,-1.0,8,1004.6231767253113,35009
2523,0.0,1,1004.6231767253113,35010
2524,-6.916666666666666,21,997.7065100586447,35031
2525,0.0,12,997.7065100586447,35043
2526,0.0,2,997.7065100586447,35045
2527,-0.33333333333333326,8,997.3731767253113,35053
2528,-0.33333333333333326,4,997.0398433919779,35057
2529,-2.0,2,995.0398433919779,35059
2530,-5.333333333333333,20,989.7065100586445,35079
2531,-2.0,2,987.7065100586445,35081
2532,-0.5,27,987.2065100586445,35108
2533,3.2142857142857144,10,990.4207957729302,35118
2534,-1.3333333333333333,8,989.0874624395968,35126
2535,1.5,10,990.5874624395968,35136
2536,-2.3333333333333335,10,988.2541291062635,35146
2537,-4.0,12,984.2541291062635,35158
2538,1.0,10,985.2541291062635,35168
2539,-1.0,7,984.2541291062635,35175
2540,1.0,16,985.2541291062635,35191
2541,-1.3333333333333333,12,983.9207957729301,35203
2542,3.892857142857143,11,987.8136529157872,35214
2543,3.0,16,990.8136529157872,35230
2544,0.6666666666666667,9,991.4803195824538,35239
2545,-0.3333333333333333,6,991.1469862491205,35245
2546,-1.9,8,989.2469862491205,35253
2547,1.0,9,990.2469862491205,35262
2548,0,0,990.2469862491205,35262
2549,0,0,990.2469862491205,35262
2550,0,0,990.2469862491205,35262
2551,-1.1666666666666667,4,989.0803195824539,35266
2552,-2.0,14,987.0803195824539,35280
2553,-1.3333333333333333,5,985.7469862491205,35285
2554,0.5,14,986.2469862491205,35299
2555,-3.8333333333333335,12,982.4136529157871,35311
2556,1.0,6,983.4136529157871,35317
2557,-3.0,8,980.4136529157871,35325
2558,1.0,5,981.4136529157871,35330
2559,2.0,6,983.4136529157871,35336
2560,1.0,2,984.4136529157871,35338
2561,0.0,3,984.4136529157871,35341
2562,5.6,20,990.0136529157871,35361
2563,-1.7999999999999998,11,988.2136529157872,35372
2564,0,0,988.2136529157872,35372
2565,0,0,988.2136529157872,35372
2566,0,0,988.2136529157872,35372
2567,1.1666666666666665,25,989.3803195824538,35397
2568,-1.833333333333333,16,987.5469862491204,35413
2569,0.0,7,987.5469862491204,35420
2570,5.5,7,993.0469862491204,35427
2571,1.0,6,994.0469862491204,35433
2572,2.1,22,996.1469862491205,35455
2573,0.0,18,996.1469862491205,35473
2574,-1.0,9,995.1469862491205,35482
2575,7.75,11,1002.8969862491205,35493
2576,-1.0,6,1001.8969862491205,35499
2577,1.0,3,1002.8969862491205,35502
2578,-2.0,3,1000.8969862491205,35505
2579,0.6666666666666667,6,1001.5636529157871,35511
2580,-1.3333333333333333,7,1000.2303195824537,35518
2581,3.0,5,1003.2303195824537,35523
2582,1.75,3,1004.9803195824537,35526
2583,2.0,3,1006.9803195824537,35529
2584,2.3333333333333335,4,1009.3136529157871,35533
2585,1.0,11,1010.3136529157871,35544
2586,3.0,8,1013.3136529157871,35552
2587,3.0,5,1016.3136529157871,35557
2588,3.0,3,1019.3136529157871,35560
2589,-2.0,4,1017.3136529157871,35564
2590,-1.5,3,1015.8136529157871,35567
2591,5.0,8,1020.8136529157871,35575
2592,3.0,7,1023.8136529157871,35582
2593,-2.0,2,1021.8136529157871,35584
2594,-7.0,16,1014.8136529157871,35600
2595,0.16666666666666652,16,1014.9803195824537,35616
2596,2.666666666666667,41,1017.6469862491203,35657
2597,-1.0,3,1016.6469862491203,35660
2598,-2.0,9,1014.6469862491203,35669
2599,-1.5714285714285714,5,1013.0755576776918,35674
2600,1.0,7,1014.0755576776918,35681
2601,-1.5714285714285714,10,1012.5041291062632,35691
2602,-2.071428571428571,10,1010.4327005348347,35701
2603,0.0,5,1010.4327005348347,35706
2604,1.0,9,1011.4327005348347,35715
2605,1.0,4,1012.4327005348347,35719
2606,-0.6666666666666667,5,1011.766033868168,35724
2607,8.5,17,1020.266033868168,35741
2608,-1.8333333333333335,20,1018.4327005348347,35761
2609,0.0,4,1018.4327005348347,35765
2610,1.0,15,1019.4327005348347,35780
2611,-2.0,3,1017.4327005348347,35783
2612,0.0,2,1017.4327005348347,35785
2613,-3.75,42,1013.6827005348347,35827
2614,-1.0,11,1012.6827005348347,35838
2615,6.0,12,1018.6827005348347,35850
2616,0.6666666666666666,6,1019.3493672015013,35856
2617,0.0,3,1019.3493672015013,35859
2618,-3.75,20,1015.5993672015013,35879
2619,0.0,3,1015.5993672015013,35882
2620,3.0,8,1018.5993672015013,35890
2621,0.933333333333334,31,1019.5327005348346,35921
2622,-2.0,5,1017.5327005348346,35926
2623,-5.006833036244801,24,1012.5258674985898,35950
2624,3.0,16,1015.5258674985898,35966
2625,0.0,7,1015.5258674985898,35973
2626,0.0,9,1015.5258674985898,35982
2627,1.0,6,1016.5258674985898,35988
2628,3.5,17,1020.0258674985898,36005
2629,-1.0,5,1019.0258674985898,36010
2630,3.0,7,1022.0258674985898,36017
2631,3.0,4,1025.0258674985898,36021
2632,-2.0,2,1023.0258674985898,36023
2633,2.3095238095238093,35,1025.3353913081137,36058
2634,0.0,5,1025.3353913081137,36063
2635,0.0,4,1025.3353913081137,36067
2636,3.0,9,1028.3353913081137,36076
2637,0.0,3,1028.3353913081137,36079
2638,-4.0,3,1024.3353913081137,36082
2639,-1.0,1,1023.3353913081137,36083
2640,-1.0,16,1022.3353913081137,36099
2641,-0.16666666666666674,16,1022.168724641447,36115
2642,3.5,8,1025.6687246414472,36123
2643,0,0,1025.6687246414472,36123
2644,0,0,1025.6687246414472,36123
2645,0,0,1025.6687246414472,36123
2646,0.0,1,1025.6687246414472,36124
2647,1.0,3,1026.6687246414472,36127
2648,-3.333333333333333,11,1023.3353913081138,36138
2649,-1.0,4,1022.3353913081138,36142
2650,-4.444444444444445,16,1017.8909468636693,36158
2651,-8.0,12,1009.8909468636693,36170
2652,1.0,5,1010.8909468636693,36175
2653,-2.0,4,1008.8909468636693,36179
2654,4.0,8,1012.8909468636693,36187
2655,-1.0,7,1011.8909468636693,36194
2656,-4.571428571428571,5,1007.3195182922408,36199
2657,6.0,10,1013.3195182922408,36209
2658,0.0,6,1013.3195182922408,36215
2659,3.0,4,1016.3195182922408,36219
2660,0.0,2,1016.3195182922408,36221
2661,-3.0,8,1013.3195182922408,36229
2662,0.5,7,1013.8195182922408,36236
2663,-2.5,21,1011.3195182922408,36257
2664,-5.0,8,1006.3195182922408,36265
2665,-1.0,9,1005.3195182922408,36274
2666,-2.0,21,1003.3195182922408,36295
2667,2.0,5,1005.3195182922408,36300
2668,1.0,7,1006.3195182922408,36307
2669,0.0,5,1006.3195182922408,36312
2670,1.0,8,1007.3195182922408,36320
2671,1.0,4,1008.3195182922408,36324
2672,5.628571428571428,12,1013.9480897208122,36336
2673,-3.25,11,1010.6980897208122,36347
2674,0.6285714285714286,11,1011.3266611493835,36358
2675,3.0,3,1014.3266611493835,36361
2676,1.0,7,1015.3266611493835,36368
2677,1.0,7,1016.3266611493835,36375
2678,0.0,3,1016.3266611493835,36378
2679,-0.875,4,1015.4516611493835,36382
2680,-2.0,1,1013.4516611493835,36383
2681,-2.0,9,1011.4516611493835,36392
2682,-0.875,5,1010.5766611493835,36397
2683,-4.0,8,1006.5766611493835,36405
2684,-2.0,18,1004.5766611493835,36423
2685,2.3333333333333335,5,1006.9099944827169,36428
2686,-2.0,2,1004.9099944827169,36430
2687,-0.25,6,1004.6599944827169,36436
2688,0.0,4,1004.6599944827169,36440
2689,-3.0,3,1001.6599944827169,36443
2690,2.5,18,1004.1599944827169,36461
2691,2.7666666666666666,16,1006.9266611493836,36477
2692,5.333333333333334,8,1012.2599944827169,36485
2693,0.0,3,1012.2599944827169,36488
2694,0.0,8,1012.2599944827169,36496
2695,0.0,7,1012.2599944827169,36503
2696,-6.0,24,1006.2599944827169,36527
2697,1.0,7,1007.2599944827169,36534
2698,-3.0,18,1004.2599944827169,36552
2699,0.0,3,1004.2599944827169,36555
2700,0.0,3,1004.2599944827169,36558
2701,4.0,15,1008.2599944827169,36573
2702,-0.9411764705882353,10,1007.3188180121286,36583
2703,0.0,13,1007.3188180121286,36596
2704,1.0,1,1008.3188180121286,36597
2705,1.0,10,1009.3188180121286,36607
2706,-2.0,6,1007.3188180121286,36613
2707,13.0,11,1020.3188180121286,36624
2708,7.0,7,1027.3188180121288,36631
2709,-2.0,2,1025.3188180121288,36633
2710,0.0,3,1025.3188180121288,36636
2711,-1.0,18,1024.3188180121288,36654
2712,1.3333333333333333,12,1025.652151345462,36666
2713,1.75,26,1027.402151345462,36692
2714,1.1666666666666665,32,1028.5688180121288,36724
2715,-1.0,12,1027.5688180121288,36736
2716,-8.0,23,1019.5688180121288,36759
2717,7.5,16,1027.0688180121288,36775
2718,-3.511111111111111,22,1023.5577069010177,36797
2719,-12.022893772893774,47,1011.5348131281239,36844
2720,-0.33333333333333326,6,1011.2014797947905,36850
2721,1.0,2,1012.2014797947905,36852
2722,-3.6666666666666665,7,1008.5348131281239,36859
2723,-1.3333333333333333,15,1007.2014797947905,36874
2724,0.0,8,1007.2014797947905,36882
2725,0.0,5,1007.2014797947905,36887
2726,-4.0,12,1003.2014797947905,36899
2727,-1.3333333333333333,2,1001.8681464614572,36901
2728,1.0,5,1002.8681464614572,36906
2729,1.5,11,1004.3681464614572,36917
2730,-8.733333333333334,17,995.6348131281238,36934
2731,1.75,17,997.3848131281238,36951
2732,0.0,5,997.3848131281238,36956
2733,0.0,1,997.3848131281238,36957
2734,0,0,997.3848131281238,36957
2735,0,0,997.3848131281238,36957
2736,0,0,997.3848131281238,36957
2737,-2.0,1,995.3848131281238,36958
2738,1.6666666666666667,4,997.0514797947905,36962
2739,-2.0,1,995.0514797947905,36963
2740,-1.0,3,994.0514797947905,36966
2741,0.0,1,994.0514797947905,36967
2742,1.0,2,995.0514797947905,36969
2743,-1.0,1,994.0514797947905,36970
2744,0,0,994.0514797947905,36970
2745,0,0,994.0514797947905,36970
2746,4.5,8,998.5514797947905,36978
2747,0.0,3,998.5514797947905,36981
2748,0.8888888888888888,11,999.4403686836794,36992
2749,-0.25,19,999.1903686836794,37011
2750,2.666666666666666,30,1001.857035350346,37041
2751,-3.833333333333333,21,998.0237020170126,37062
2752,-2.0,24,996.0237020170126,37086
2753,7.533333333333333,22,1003.5570353503459,37108
2754,-8.568253968253968,32,994.9887813820919,37140
2755,-2.5,10,992.4887813820919,37150
2756,3.3333333333333335,19,995.8221147154253,37169
2757,-2.6666666666666665,36,993.1554480487587,37205
2758,-4.833333333333333,22,988.3221147154253,37227
2759,-7.0,14,981.3221147154253,37241
2760,1.75,12,983.0721147154253,37253
2761,-2.942857142857143,19,980.1292575725681,37272
2762,3.0,21,983.1292575725681,37293
2763,-2.611111111111111,35,980.518146461457,37328
2764,4.0,14,984.518146461457,37342
2765,0.0,10,984.518146461457,37352
2766,-2.0,42,982.518146461457,37394
2767,5.2,30,987.7181464614571,37424
2768,0.0,4,987.7181464614571,37428
2769,-1.0,8,986.7181464614571,37436
2770,-0.3999999999999999,29,986.3181464614571,37465
2771,-0.6666666666666666,2,985.6514797947905,37467
2772,-1.0,4,984.6514797947905,37471
2773,-7.166666666666666,10,977.4848131281238,37481
2774,-0.16666666666666674,25,977.3181464614572,37506
2775,-2.666666666666666,30,974.6514797947906,37536
2776,-2.2444444444444445,18,972.4070353503462,37554
2777,5.161904761904763,42,977.568940112251,37596
2778,-2.157843137254902,42,975.4110969749961,37638
2779,2.9264069264069255,28,978.337503901403,37666
2780,2.75,17,981.087503901403,37683
2781,-2.0,1,979.087503901403,37684
2782,0.0,2,979.087503901403,37686
2783,3.0,3,982.087503901403,37689
2784,-1.5,8,980.587503901403,37697
2785,3.85,33,984.437503901403,37730
2786,3.3666666666666667,11,987.8041705680697,37741
2787,2.75,39,990.5541705680697,37780
2788,-2.0,8,988.5541705680697,37788
2789,-5.0,9,983.5541705680697,37797
2790,1.5555555555555554,29,985.1097261236253,37826
2791,-1.4,23,983.7097261236253,37849
2792,3.3333333333333335,22,987.0430594569586,37871
2793,1.333333333333333,14,988.376392790292,37885
2794,-0.5,44,987.876392790292,37929
2795,2.5454545454545454,19,990.4218473357465,37948
2796,5.833333333333334,44,996.2551806690799,37992
2797,-3.454545454545455,29,992.8006352145344,38021
2798,-8.88888888888889,33,983.9117463256455,38054
2799,0.0,4,983.9117463256455,38058
2800,0.0,4,983.9117463256455,38062
2801,0.0,3,983.9117463256455,38065
2802,0.0,4,983.9117463256455,38069
2803,-2.3333333333333335,25,981.5784129923121,38094
2804,2.0,21,983.5784129923121,38115
2805,0.0,3,983.5784129923121,38118
2806,7.642857142857142,20,991.2212701351692,38138
2807,1.0,4,992.2212701351692,38142
2808,2.5,9,994.7212701351692,38151
2809,-0.6153846153846154,3,994.1058855197846,38154
2810,-3.0,3,991.1058855197846,38157
2811,-2.3333333333333335,5,988.7725521864512,38162
2812,-1.6666666666666667,5,987.1058855197846,38167
2813,-5.0,9,982.1058855197846,38176
2814,3.0,11,985.1058855197846,38187
2815,-1.5714285714285714,2,983.534456948356,38189
2816,-1.0,4,982.534456948356,38193
2817,1.0,4,983.534456948356,38197
2818,-0.32380952380952377,39,983.2106474245466,38236
2819,1.0,8,984.2106474245466,38244
2820,-1.0,3,983.2106474245466,38247
2821,-0.25,5,982.9606474245466,38252
2822,0.3666666666666667,7,983.3273140912132,38259
2823,1.0,10,984.3273140912132,38269
2824,1.3333333333333333,1,985.6606474245466,38270
2825,-1.0,3,984.6606474245466,38273
2826,-1.0,3,983.6606474245466,38276
2827,-3.182539682539683,13,980.478107742007,38289
2828,-1.5714285714285714,3,978.9066791705784,38292
2829,3.0,8,981.9066791705784,38300
2830,-1.6666666666666667,3,980.2400125039118,38303
2831,0.75,6,980.9900125039118,38309
2832,0.33333333333333304,25,981.3233458372451,38334
2833,2.0,13,983.3233458372451,38347
2834,1.5,8,984.8233458372451,38355
2835,0.0,16,984.8233458372451,38371
2836,2.0,19,986.8233458372451,38390
2837,3.0833333333333335,12,989.9066791705785,38402
2838,1.1428571428571428,26,991.0495363134356,38428
2839,0.6666666666666666,7,991.7162029801023,38435
2840,3.583333333333333,10,995.2995363134356,38445
2841,0.0,12,995.2995363134356,38457
2842,-1.0,14,994.2995363134356,38471
2843,1.0,7,995.2995363134356,38478
2844,3.333333333333333,27,998.632869646769,38505
2845,0.0,4,998.632869646769,38509
2846,-1.0,2,997.632869646769,38511
2847,4.0,6,1001.632869646769,38517
2848,5.583333333333333,13,1007.2162029801024,38530
2849,-0.5,9,1006.7162029801024,38539
2850,0,0,1006.7162029801024,38539
2851,0,0,1006.7162029801024,38539
2852,0,0,1006.7162029801024,38539
2853,0.0,5,1006.7162029801024,38544
2854,-1.1666666666666667,11,1005.5495363134357,38555
2855,-2.0,6,1003.5495363134357,38561
2856,-1.5833333333333333,8,1001.9662029801024,38569
2857,4.333333333333333,9,1006.2995363134357,38578
2858,-2.0,17,1004.2995363134357,38595
2859,6.333333333333334,32,1010.6328696467691,38627
2860,2.0,9,1012.6328696467691,38636
2861,-1.0,3,1011.6328696467691,38639
2862,1.6666666666666667,18,1013.2995363134357,38657
2863,-2.3333333333333335,18,1010.9662029801024,38675
2864,1.6388888888888888,12,1012.6050918689913,38687
2865,5.725757575757576,35,1018.3308494447489,38722
2866,0.0,24,1018.3308494447489,38746
2867,-8.025974025974026,20,1010.3048754187748,38766
2868,-3.0,4,1007.3048754187748,38770
2869,0.0,2,1007.3048754187748,38772
2870,-1.0,7,1006.3048754187748,38779
2871,-4.6,12,1001.7048754187748,38791
2872,1.0555555555555556,21,1002.7604309743303,38812
2873,0.0,5,1002.7604309743303,38817
2874,-2.25,14,1000.5104309743303,38831
2875,-3.0,10,997.5104309743303,38841
2876,-3.0,7,994.5104309743303,38848
2877,-0.5,13,994.0104309743303,38861
2878,0.75,20,994.7604309743303,38881
2879,0.6166666666666667,34,995.377097640997,38915
2880,0.0,4,995.377097640997,38919
2881,2.0,2,997.377097640997,38921
2882,1.0,2,998.377097640997,38923
2883,3.0,12,1001.377097640997,38935
2884,-1.0,4,1000.377097640997,38939
2885,2.0,7,1002.377097640997,38946
2886,3.0,6,1005.377097640997,38952
2887,1.0,2,1006.377097640997,38954
2888,-1.8571428571428572,12,1004.5199547838541,38966
2889,-1.0,7,1003.5199547838541,38973
2890,-2.0,8,1001.5199547838541,38981
2891,-7.333333333333333,26,994.1866214505208,39007
2892,-2.0,24,992.1866214505208,39031
2893,4.533333333333333,29,996.7199547838541,39060
2894,-2.0,17,994.7199547838541,39077
2895,-0.6666666666666667,21,994.0532881171874,39098
2896,-2.6666666666666665,25,991.3866214505208,39123
2897,0.0,4,991.3866214505208,39127
2898,0.0,2,991.3866214505208,39129
2899,10.5,5,1001.8866214505208,39134
2900,-2.5,6,999.3866214505208,39140
2901,-10.67142857142857,36,988.7151928790922,39176
2902,-1.0,8,987.7151928790922,39184
2903,-1.0,5,986.7151928790922,39189
2904,1.0,1,987.7151928790922,39190
2905,-2.0,2,985.7151928790922,39192
2906,-3.0,3,982.7151928790922,39195
2907,1.0,1,983.7151928790922,39196
2908,0.0,9,983.7151928790922,39205
2909,2.0,11,985.7151928790922,39216
2910,3.2,5,988.9151928790923,39221
2911,0.0,13,988.9151928790923,39234
2912,-2.5245098039215685,19,986.3906830751707,39253
2913,-0.8,15,985.5906830751708,39268
2914,-3.5,21,982.0906830751708,39289
2915,0.0,4,982.0906830751708,39293
2916,0.0,2,982.0906830751708,39295
2917,0.0,4,982.0906830751708,39299
2918,0.0,5,982.0906830751708,39304
2919,-0.3333333333333335,6,981.7573497418374,39310
2920,-6.3,17,975.4573497418374,39327
2921,-1.0,3,974.4573497418374,39330
2922,1.0,14,975.4573497418374,39344
2923,3.801247771836007,38,979.2585975136734,39382
2924,2.642857142857143,24,981.9014546565305,39406
2925,0.20000000000000018,21,982.1014546565306,39427
2926,-1.0,17,981.1014546565306,39444
2927,7.666666666666666,10,988.7681213231972,39454
2928,0.0,2,988.7681213231972,39456
2929,-2.3333333333333335,5,986.4347879898638,39461
2930,-3.4,17,983.0347879898638,39478
2931,-2.857142857142857,11,980.177645132721,39489
2932,1.0,9,981.177645132721,39498
2933,-1.0714285714285712,20,980.1062165612924,39518
2934,-3.015873015873016,24,977.0903435454194,39542
2935,2.75,7,979.8403435454194,39549
2936,2.0,6,981.8403435454194,39555
2937,9.0,7,990.8403435454194,39562
2938,-2.571428571428571,7,988.2689149739908,39569
2939,0.0,4,988.2689149739908,39573
2940,-1.8333333333333333,7,986.4355816406575,39580
2941,1.3333333333333333,8,987.7689149739908,39588
2942,-1.0,9,986.7689149739908,39597
2943,1.0,13,987.7689149739908,39610
2944,0.5,25,988.2689149739908,39635
2945,-1.0,5,987.2689149739908,39640
2946,3.0,11,990.2689149739908,39651
2947,-2.5833333333333335,19,987.6855816406575,39670
2948,-1.3333333333333333,14,986.3522483073241,39684
2949,-0.9444444444444444,28,985.4078038628796,39712
2950,-2.0,12,983.4078038628796,39724
2951,-3.0,26,980.4078038628796,39750
2952,0.3333333333333333,22,980.741137196213,39772
2953,2.0,13,982.741137196213,39785
2954,0.3333333333333335,22,983.0744705295464,39807
2955,4.0,21,987.0744705295464,39828
2956,-0.6000000000000001,20,986.4744705295464,39848
2957,-2.9411764705882355,11,983.5332940589581,39859
2958,4.0,6,987.5332940589581,39865
2959,-1.0,3,986.5332940589581,39868
2960,3.0,5,989.5332940589581,39873
2961,-2.0,2,987.5332940589581,39875
2962,3.75,9,991.2832940589581,39884
2963,3.0,4,994.2832940589581,39888
2964,-1.8333333333333333,10,992.4499607256247,39898
2965,11.0,4,1003.4499607256247,39902
2966,4.0,28,1007.4499607256247,39930
2967,-0.9411764705882353,15,1006.5087842550364,39945
2968,-3.875,29,1002.6337842550364,39974
2969,-5.333333333333333,42,997.300450921703,40016
2970,-3.183333333333333,27,994.1171175883698,40043
2971,2.0,5,996.1171175883698,40048
2972,-0.4444444444444444,24,995.6726731439253,40072
2973,0.0,23,995.6726731439253,40095
2974,-1.0444444444444443,35,994.6282286994808,40130
2975,-2.0,23,992.6282286994808,40153
2976,-1.0,14,991.6282286994808,40167
2977,-5.833333333333333,16,985.7948953661474,40183
2978,-1.3333333333333333,7,984.4615620328141,40190
2979,1.0,9,985.4615620328141,40199
2980,6.666666666666667,5,992.1282286994807,40204
2981,0.6666666666666667,11,992.7948953661473,40215
2982,0.0,5,992.7948953661473,40220
2983,-3.071428571428571,15,989.7234667947188,40235
2984,3.5,16,993.2234667947188,40251
2985,-1.0,42,992.2234667947188,40293
2986,1.6428571428571428,18,993.8663239375759,40311
2987,0.5,10,994.3663239375759,40321
2988,2.0,19,996.3663239375759,40340
2989,4.0,5,1000.3663239375759,40345
2990,-3.333333333333333,15,997.0329906042425,40360
2991,5.0,13,1002.0329906042425,40373
2992,9.0,31,1011.0329906042425,40404
2993,12.478787878787879,63,1023.5117784830304,40467
2994,9.0,18,1032.5117784830304,40485
2995,4.75,20,1037.2617784830304,40505
2996,-2.5,14,1034.7617784830304,40519
2997,8.333333333333334,35,1043.0951118163637,40554
2998,-2.4,8,1040.6951118163636,40562
2999,4.85,29,1045.5451118163635,40591
3000,-4.133333333333333,14,1041.41177848303,40605
3001,7.311111111111111,48,1048.7228895941412,40653
3002,-5.0,36,1043.7228895941412,40689
3003,-4.0,16,1039.7228895941412,40705
3004,3.8666666666666667,26,1043.5895562608077,40731
3005,3.5,19,1047.0895562608077,40750
3006,4.125,14,1051.2145562608077,40764
3007,0.0,8,1051.2145562608077,40772
3008,2.333333333333333,17,1053.547889594141,40789
3009,7.0,31,1060.547889594141,40820
3010,8.933333333333334,53,1069.4812229274744,40873
3011,8.5,18,1077.9812229274744,40891
3012,3.1,24,1081.0812229274743,40915
3013,1.0,13,1082.0812229274743,40928
3014,0,0,1082.0812229274743,40928
3015,0,0,1082.0812229274743,40928
3016,0,0,1082.0812229274743,40928
3017,8.45,23,1090.5312229274743,40951
3018,4.428571428571429,23,1094.9597943560457,40974
3019,-7.833333333333333,20,1087.1264610227124,40994
3020,-4.0,15,1083.1264610227124,41009
3021,0.23333333333333328,20,1083.3597943560458,41029
3022,6.6,25,1089.9597943560457,41054
3023,0.3333333333333335,43,1090.293127689379,41097
3024,0.20000000000000018,7,1090.493127689379,41104
3025,-1.5833333333333333,27,1088.9097943560457,41131
3026,-7.25,19,1081.6597943560457,41150
3027,-6.0,15,1075.6597943560457,41165
3028,3.0,9,1078.6597943560457,41174
3029,6.142857142857142,33,1084.8026514989028,41207
3030,10.333333333333334,36,1095.135984832236,41243
3031,-0.29166666666666663,26,1094.8443181655693,41269
3032,-3.9545454545454546,35,1090.8897727110239,41304
3033,-8.666666666666668,52,1082.223106044357,41356
3034,-4.0,12,1078.223106044357,41368
3035,8.076190476190476,28,1086.2992965205476,41396
3036,0.5333333333333334,15,1086.832629853881,41411
3037,0.0,15,1086.832629853881,41426
3038,2.0,10,1088.832629853881,41436
3039,2.75,10,1091.582629853881,41446
3040,4.222222222222222,27,1095.804852076103,41473
3041,-8.34047619047619,20,1087.4643758856269,41493
3042,7.277777777777778,17,1094.7421536634047,41510
3043,3.0,8,1097.7421536634047,41518
3044,-1.0,11,1096.7421536634047,41529
3045,13.0,11,1109.7421536634047,41540
3046,0.43333333333333335,24,1110.175486996738,41564
3047,0.16666666666666663,11,1110.3421536634048,41575
3048,-1.0,4,1109.3421536634048,41579
3049,9.5,25,1118.8421536634048,41604
3050,-1.0,17,1117.8421536634048,41621
3051,4.1,22,1121.9421536634047,41643
3052,0.8499999999999996,31,1122.7921536634046,41674
3053,-0.8333333333333335,35,1121.9588203300714,41709
3054,4.666666666666667,37,1126.6254869967381,41746
3055,-3.8161764705882355,20,1122.8093105261498,41766
3056,0.0,9,1122.8093105261498,41775
3057,-4.166666666666666,27,1118.642643859483,41802
3058,-1.0,34,1117.642643859483,41836
3059,-3.025974025974026,33,1114.6166698335091,41869
3060,-4.9,29,1109.716669833509,41898
3061,-1.0436507936507935,30,1108.6730190398582,41928
3062,-4.833333333333333,15,1103.839685706525,41943
3063,1.1,19,1104.9396857065249,41962
3064,-0.8333333333333335,17,1104.1063523731916,41979
3065,1.4285714285714286,10,1105.534923801763,41989
3066,-4.566666666666666,15,1100.9682571350963,42004
3067,2.0,7,1102.9682571350963,42011
3068,0.0,5,1102.9682571350963,42016
3069,5.166666666666666,12,1108.134923801763,42028
3070,1.0,8,1109.134923801763,42036
3071,0.0,5,1109.134923801763,42041
3072,-0.33333333333333326,9,1108.8015904684298,42050
3073,1.5,22,1110.3015904684298,42072
3074,-2.25,13,1108.0515904684298,42085
3075,1.0,8,1109.0515904684298,42093
3076,8.0,3,1117.0515904684298,42096
3077,-1.0,6,1116.0515904684298,42102
3078,-2.3333333333333335,6,1113.7182571350966,42108
3079,-1.0,6,1112.7182571350966,42114
3080,2.2666666666666666,13,1114.9849238017632,42127
3081,0.0,3,1114.9849238017632,42130
3082,5.2,2,1120.1849238017633,42132
3083,3.0,7,1123.1849238017633,42139
3084,5.5,12,1128.6849238017633,42151
3085,-4.8,10,1123.8849238017633,42161
3086,3.0,9,1126.8849238017633,42170
3087,3.0,8,1129.8849238017633,42178
3088,-4.0,18,1125.8849238017633,42196
3089,4.666666666666667,29,1130.55159046843,42225
3090,-5.685714285714287,34,1124.8658761827157,42259
3091,-4.333333333333334,33,1120.5325428493825,42292
3092,2.0,6,1122.5325428493825,42298
3093,2.0,11,1124.5325428493825,42309
3094,2.3333333333333335,3,1126.8658761827157,42312
3095,2.0,4,1128.8658761827157,42316
3096,-3.357142857142857,27,1125.5087333255728,42343
3097,0.7666666666666666,18,1126.2753999922395,42361
3098,1.4333333333333336,35,1127.708733325573,42396
3099,3.0,37,1130.708733325573,42433
3100,-0.9411764705882353,8,1129.7675568549846,42441
3101,3.428571428571429,13,1133.196128283556,42454
3102,-1.4,22,1131.7961282835558,42476
3103,1.5,9,1133.2961282835558,42485
3104,1.0,6,1134.2961282835558,42491
3105,0.0,4,1134.2961282835558,42495
3106,2.0,7,1136.2961282835558,42502
3107,2.0,6,1138.2961282835558,42508
3108,0.6666666666666667,13,1138.9627949502226,42521
3109,-1.0,7,1137.9627949502226,42528
3110,2.2,2,1140.1627949502226,42530
3111,-2.0,5,1138.1627949502226,42535
3112,-1.0,17,1137.1627949502226,42552
3113,2.5,20,1139.6627949502226,42572
3114,-1.0,23,1138.6627949502226,42595
3115,-0.6666666666666666,14,1137.996128283556,42609
3116,-4.0,21,1133.996128283556,42630
3117,-5.954545454545455,15,1128.0415828290104,42645
3118,0.0,11,1128.0415828290104,42656
3119,2.5,4,1130.5415828290104,42660
3120,-2.111111111111111,21,1128.4304717178993,42681
3121,1.4,58,1129.8304717178994,42739
3122,1.7254901960784317,22,1131.5559619139779,42761
3123,-2.0,8,1129.5559619139779,42769
3124,-4.333333333333333,31,1125.2226285806446,42800
3125,1.5,19,1126.7226285806446,42819
3126,2.2,20,1128.9226285806446,42839
3127,5.0,27,1133.9226285806446,42866
3128,4.666666666666667,21,1138.5892952473114,42887
3129,-2.0,11,1136.5892952473114,42898
3130,0.0,18,1136.5892952473114,42916
3131,-4.4833333333333325,29,1132.105961913978,42945
3132,-2.3333333333333335,10,1129.7726285806448,42955
3133,3.5,23,1133.2726285806448,42978
3134,-2.0,42,1131.2726285806448,43020
3135,0.0,16,1131.2726285806448,43036
3136,-2.0,5,1129.2726285806448,43041
3137,-5.4,8,1123.8726285806447,43049
3138,0.0,7,1123.8726285806447,43056
3139,3.416666666666667,13,1127.2892952473114,43069
3140,0.0,6,1127.2892952473114,43075
3141,0.0,2,1127.2892952473114,43077
3142,0.0,4,1127.2892952473114,43081
3143,1.75,10,1129.0392952473114,43091
3144,0.0,6,1129.0392952473114,43097
3145,-3.7777777777777777,37,1125.2615174695336,43134
3146,-3.333333333333333,51,1121.9281841362003,43185
3147,-1.5833333333333333,10,1120.344850802867,43195
3148,-2.0,12,1118.344850802867,43207
3149,3.75,21,1122.094850802867,43228
3150,0.0,5,1122.094850802867,43233
3151,0.0,11,1122.094850802867,43244
3152,-1.3333333333333333,7,1120.7615174695338,43251
3153,-0.25,8,1120.5115174695338,43259
3154,0.0,5,1120.5115174695338,43264
3155,-0.25,8,1120.2615174695338,43272
3156,-2.0,6,1118.2615174695338,43278
3157,-4.0,16,1114.2615174695338,43294
3158,1.833333333333333,14,1116.094850802867,43308
3159,0.3333333333333333,11,1116.4281841362003,43319
3160,0.0,2,1116.4281841362003,43321
3161,1.0,4,1117.4281841362003,43325
3162,3.5,7,1120.9281841362003,43332
3163,-0.9,17,1120.0281841362003,43349
3164,1.3333333333333333,4,1121.3615174695335,43353
3165,0.0,1,1121.3615174695335,43354
3166,2.0,5,1123.3615174695335,43359
3167,0.0,4,1123.3615174695335,43363
3168,2.0,5,1125.3615174695335,43368
3169,2.5,14,1127.8615174695335,43382
3170,-3.0,6,1124.8615174695335,43388
3171,2.0,10,1126.8615174695335,43398
3172,-4.0,24,1122.8615174695335,43422
3173,3.0,20,1125.8615174695335,43442
3174,2.0588235294117645,12,1127.9203409989452,43454
3175,-3.0,6,1124.9203409989452,43460
3176,-4.333333333333333,5,1120.587007665612,43465
3177,0.0,2,1120.587007665612,43467
3178,0.0,7,1120.587007665612,43474
3179,1.0,7,1121.587007665612,43481
3180,-0.8571428571428571,16,1120.729864808469,43497
3181,3.0,9,1123.729864808469,43506
3182,-2.0,3,1121.729864808469,43509
3183,-2.0,5,1119.729864808469,43514
3184,3.0,4,1122.729864808469,43518
3185,2.0,15,1124.729864808469,43533
3186,2.05,32,1126.779864808469,43565
3187,0.0,7,1126.779864808469,43572
3188,-2.666666666666667,12,1124.1131981418023,43584
3189,1.0,20,1125.1131981418023,43604
3190,-0.6666666666666667,20,1124.4465314751355,43624
3191,2.0,7,1126.4465314751355,43631
3192,4.0,13,1130.4465314751355,43644
3193,-2.0,17,1128.4465314751355,43661
3194,0.75,11,1129.1965314751355,43672
3195,4.2,23,1133.3965314751356,43695
3196,3.583333333333334,28,1136.9798648084688,43723
3197,-2.5277777777777777,14,1134.452087030691,43737
3198,-3.8,27,1130.652087030691,43764
3199,0.0,10,1130.652087030691,43774
3200,-3.0,13,1127.652087030691,43787
3201,-2.05,41,1125.602087030691,43828
3202,-6.0,10,1119.602087030691,43838
3203,-2.5,31,1117.102087030691,43869
3204,2.0,5,1119.102087030691,43874
3205,1.1666666666666667,7,1120.2687536973579,43881
3206,0.9333333333333333,14,1121.2020870306912,43895
3207,-1.0,18,1120.2020870306912,43913
3208,1.0,18,1121.2020870306912,43931
3209,2.3333333333333335,30,1123.5354203640245,43961
3210,0.3333333333333335,25,1123.8687536973578,43986
3211,-5.0,36,1118.8687536973578,44022
3212,0.0,18,1118.8687536973578,44040
3213,-6.0,36,1112.8687536973578,44076
3214,0.0,8,1112.8687536973578,44084
3215,-4.238095238095238,36,1108.6306584592626,44120
3216,5.776190476190477,30,1114.4068489354531,44150
3217,-1.0,19,1113.4068489354531,44169
3218,-2.5,9,1110.9068489354531,44178
3219,1.392156862745098,31,1112.2990057981983,44209
3220,6.0,25,1118.2990057981983,44234
3221,1.0333333333333332,28,1119.3323391315316,44262
3222,0.0,9,1119.3323391315316,44271
3223,2.0,31,1121.3323391315316,44302
3224,-0.33333333333333304,33,1120.9990057981984,44335
3225,3.25,19,1124.2490057981984,44354
3226,7.0,28,1131.2490057981984,44382
3227,3.242857142857143,35,1134.4918629410556,44417
3228,6.833333333333333,17,1141.3251962743889,44434
3229,0,0,1141.3251962743889,44434
3230,0,0,1141.3251962743889,44434
3231,4.0,12,1145.3251962743889,44446
3232,-3.0,28,1142.3251962743889,44474
3233,0.6666666666666665,26,1142.9918629410556,44500
3234,-0.5,7,1142.4918629410556,44507
3235,-1.0,19,1141.4918629410556,44526
3236,-4.0,26,1137.4918629410556,44552
3237,-3.5,18,1133.9918629410556,44570
3238,-6.5,21,1127.4918629410556,44591
3239,-5.15,23,1122.3418629410555,44614
3240,-2.5,29,1119.8418629410555,44643
3241,1.0,39,1120.8418629410555,44682
3242,2.9999999999999996,42,1123.8418629410555,44724
3243,1.6666666666666665,38,1125.5085296077223,44762
3244,4.0,12,1129.5085296077223,44774
3245,4.055555555555555,41,1133.564085163278,44815
3246,0.5714285714285712,50,1134.1355137347066,44865
3247,-1.0,21,1133.1355137347066,44886
3248,-2.5,21,1130.6355137347066,44907
3249,0.0,4,1130.6355137347066,44911
3250,1.0,10,1131.6355137347066,44921
3251,0.0,9,1131.6355137347066,44930
3252,-5.0,25,1126.6355137347066,44955
3253,7.0,58,1133.6355137347066,45013
3254,1.666666666666667,17,1135.3021804013733,45030
3255,-1.1333333333333333,15,1134.16884706804,45045
3256,-1.9411764705882353,3,1132.2276705974516,45048
3257,-1.0,1,1131.2276705974516,45049
3258,1.0,6,1132.2276705974516,45055
3259,-1.0,1,1131.2276705974516,45056
3260,0.0,5,1131.2276705974516,45061
3261,1.0,5,1132.2276705974516,45066
3262,-0.5,4,1131.7276705974516,45070
3263,-3.0,3,1128.7276705974516,45073
3264,0.8928571428571428,7,1129.6205277403087,45080
3265,0.5595238095238095,20,1130.1800515498326,45100
3266,-3.0,3,1127.1800515498326,45103
3267,3.25,20,1130.4300515498326,45123
3268,0.3333333333333335,32,1130.7633848831658,45155
3269,-1.0,4,1129.7633848831658,45159
3270,-2.0,6,1127.7633848831658,45165
3271,2.0,4,1129.7633848831658,45169
3272,-1.0,1,1128.7633848831658,45170
3273,1.0,7,1129.7633848831658,45177
3274,-2.333333333333333,25,1127.4300515498326,45202
3275,-2.0,20,1125.4300515498326,45222
3276,7.833333333333332,12,1133.2633848831658,45234
3277,-2.25,6,1131.0133848831658,45240
3278,-6.333333333333333,7,1124.6800515498326,45247
3279,-8.571428571428571,34,1116.108622978404,45281
3280,-6.333333333333333,20,1109.7752896450706,45301
3281,9.333333333333332,28,1119.108622978404,45329
3282,0.0,8,1119.108622978404,45337
3283,4.9,44,1124.008622978404,45381
3284,3.666666666666667,26,1127.6752896450707,45407
3285,0.0,3,1127.6752896450707,45410
3286,-2.5,25,1125.1752896450707,45435
3287,-4.4,13,1120.7752896450706,45448
3288,7.75,24,1128.5252896450706,45472
3289,-2.5,18,1126.0252896450706,45490
3290,-2.5,21,1123.5252896450706,45511
3291,-3.1666666666666665,45,1120.358622978404,45556
3292,1.0,15,1121.358622978404,45571
3293,0.0,4,1121.358622978404,45575
3294,0,0,1121.358622978404,45575
3295,0,0,1121.358622978404,45575
3296,0,0,1121.358622978404,45575
3297,1.0,1,1122.358622978404,45576
3298,0.0,4,1122.358622978404,45580
3299,-4.0,7,1118.358622978404,45587
3300,-0.25,3,1118.108622978404,45590
3301,0.0,6,1118.108622978404,45596
3302,0.0,8,1118.108622978404,45604
3303,1.0,12,1119.108622978404,45616
3304,4.128787878787879,15,1123.237410857192,45631
3305,-0.5,7,1122.737410857192,45638
3306,-5.0,9,1117.737410857192,45647
3307,-2.0,3,1115.737410857192,45650
3308,0.3333333333333333,7,1116.0707441905251,45657
3309,-3.0,4,1113.0707441905251,45661
3310,0.0,16,1113.0707441905251,45677
3311,0,0,1113.0707441905251,45677
3312,0,0,1113.0707441905251,45677
3313,-5.0,9,1108.0707441905251,45686
3314,2.0,21,1110.0707441905251,45707
3315,-2.875,17,1107.1957441905251,45724
3316,3.0,25,1110.1957441905251,45749
3317,-1.2166666666666663,37,1108.9790775238585,45786
3318,-3.1999999999999993,27,1105.7790775238584,45813
3319,-1.0,15,1104.7790775238584,45828
3320,0.0,9,1104.7790775238584,45837
3321,-1.0,7,1103.7790775238584,45844
3322,1.0,4,1104.7790775238584,45848
3323,0.5,8,1105.2790775238584,45856
3324,1.5,9,1106.7790775238584,45865
3325,-3.0,7,1103.7790775238584,45872
3326,-3.0,5,1100.7790775238584,45877
3327,2.0,6,1102.7790775238584,45883
3328,2.0,3,1104.7790775238584,45886
3329,1.0,5,1105.7790775238584,45891
3330,4.0,7,1109.7790775238584,45898
3331,6.2,6,1115.9790775238585,45904
3332,-0.25,5,1115.7290775238585,45909
3333,-1.7411764705882353,15,1113.9879010532702,45924
3334,-2.666666666666667,26,1111.3212343866035,45950
3335,-3.0,26,1108.3212343866035,45976
3336,-0.5,56,1107.8212343866035,46032
3337,2.7,27,1110.5212343866035,46059
3338,0.5,14,1111.0212343866035,46073
3339,0.0,2,1111.0212343866035,46075
3340,1.2,10,1112.2212343866036,46085
3341,3.0,4,1115.2212343866036,46089
3342,3.0,7,1118.2212343866036,46096
3343,3.0,9,1121.2212343866036,46105
3344,1.0,9,1122.2212343866036,46114
3345,4.25,4,1126.4712343866036,46118
3346,3.5,9,1129.9712343866036,46127
3347,3.0,15,1132.9712343866036,46142
3348,0.33333333333333337,8,1133.3045677199368,46150
3349,3.0,12,1136.3045677199368,46162
3350,0.6000000000000001,6,1136.9045677199367,46168
3351,6.0,8,1142.9045677199367,46176
3352,2.0,6,1144.9045677199367,46182
3353,-3.3,20,1141.6045677199368,46202
3354,-2.1666666666666665,21,1139.43790105327,46223
3355,0.0,6,1139.43790105327,46229
3356,2.0,4,1141.43790105327,46233
3357,0.0,3,1141.43790105327,46236
3358,2.0,15,1143.43790105327,46251
3359,2.0833333333333335,25,1145.5212343866033,46276
3360,1.5,5,1147.0212343866033,46281
3361,-1.0,6,1146.0212343866033,46287
3362,0.0,7,1146.0212343866033,46294
3363,3.0,10,1149.0212343866033,46304
3364,-4.0,7,1145.0212343866033,46311
3365,4.0,13,1149.0212343866033,46324
3366,-0.8999999999999999,5,1148.1212343866032,46329
3367,0.0,7,1148.1212343866032,46336
3368,1.2000000000000002,5,1149.3212343866032,46341
3369,-1.6666666666666665,11,1147.6545677199365,46352
3370,2.0,6,1149.6545677199365,46358
3371,6.866666666666667,31,1156.521234386603,46389
3372,2.0,10,1158.521234386603,46399
3373,2.75,11,1161.271234386603,46410
3374,-0.3333333333333333,5,1160.9379010532698,46415
3375,-2.9411764705882346,24,1157.9967245826815,46439
3376,2.0,16,1159.9967245826815,46455
3377,4.0,14,1163.9967245826815,46469
3378,6.0,22,1169.9967245826815,46491
3379,-0.25,23,1169.7467245826815,46514
3380,-3.033333333333333,36,1166.7133912493482,46550
3381,3.0,25,1169.7133912493482,46575
3382,0.6666666666666665,31,1170.380057916015,46606
3383,-16.133333333333333,34,1154.2467245826815,46640
3384,0.0,5,1154.2467245826815,46645
3385,-2.333333333333333,6,1151.9133912493483,46651
3386,1.0,18,1152.9133912493483,46669
3387,2.333333333333333,9,1155.2467245826815,46678
3388,-6.25,10,1148.9967245826815,46688
3389,-0.6666666666666666,10,1148.3300579160148,46698
3390,0.0,7,1148.3300579160148,46705
3391,0.0,9,1148.3300579160148,46714
3392,0.75,10,1149.0800579160148,46724
3393,-0.5,6,1148.5800579160148,46730
3394,-1.1333333333333333,18,1147.4467245826813,46748
3395,-5.916666666666666,15,1141.5300579160146,46763
3396,-0.25,6,1141.2800579160146,46769
3397,-2.0,11,1139.2800579160146,46780
3398,0.0,3,1139.2800579160146,46783
3399,0.0,2,1139.2800579160146,46785
3400,-1.0,6,1138.2800579160146,46791
3401,1.5,7,1139.7800579160146,46798
3402,-1.0,2,1138.7800579160146,46800
3403,-1.0,14,1137.7800579160146,46814
3404,-2.666666666666667,26,1135.1133912493478,46840
3405,5.551115123125783e-17,12,1135.1133912493478,46852
3406,3.583333333333334,18,1138.696724582681,46870
3407,-1.3333333333333335,21,1137.3633912493478,46891
3408,-2.0,22,1135.3633912493478,46913
3409,0.0,10,1135.3633912493478,46923
3410,2.0,9,1137.3633912493478,46932
3411,2.0,13,1139.3633912493478,46945
3412,0.0,6,1139.3633912493478,46951
3413,0.0,2,1139.3633912493478,46953
3414,0.0,2,1139.3633912493478,46955
3415,-0.4,3,1138.9633912493478,46958
3416,0.0,1,1138.9633912493478,46959
3417,-1.6666666666666665,12,1137.296724582681,46971
3418,7.5,28,1144.796724582681,46999
3419,1.75,17,1146.546724582681,47016
3420,1.0,14,1147.546724582681,47030
3421,4.0,16,1151.546724582681,47046
3422,2.0,14,1153.546724582681,47060
3423,-3.0,9,1150.546724582681,47069
3424,5.5,18,1156.046724582681,47087
3425,4.0,5,1160.046724582681,47092
3426,4.2,3,1164.246724582681,47095
3427,3.0,18,1167.246724582681,47113
3428,-4.25,15,1162.996724582681,47128
3429,1.75,8,1164.746724582681,47136
3430,0.0,5,1164.746724582681,47141
3431,0.5,17,1165.246724582681,47158
3432,-0.5,3,1164.746724582681,47161
3433,-4.0,25,1160.746724582681,47186
3434,-4.0,14,1156.746724582681,47200
3435,7.0,19,1163.746724582681,47219
3436,0.0,5,1163.746724582681,47224
3437,-3.0,3,1160.746724582681,47227
3438,-0.5714285714285712,20,1160.1752960112524,47247
3439,1.0,22,1161.1752960112524,47269
3440,-1.0,10,1160.1752960112524,47279
3441,-0.7911764705882354,20,1159.3841195406642,47299
3442,2.666666666666667,20,1162.050786207331,47319
3443,3.0,22,1165.050786207331,47341
3444,1.0,5,1166.050786207331,47346
3445,-3.8,8,1162.250786207331,47354
3446,0.3333333333333333,2,1162.5841195406642,47356
3447,-6.5,16,1156.0841195406642,47372
3448,-2.0,8,1154.0841195406642,47380
3449,0.3333333333333333,2,1154.4174528739975,47382
3450,2.0,7,1156.4174528739975,47389
3451,1.0,20,1157.4174528739975,47409
3452,1.0,5,1158.4174528739975,47414
3453,1.0,8,1159.4174528739975,47422
3454,4.2,4,1163.6174528739975,47426
3455,2.2,2,1165.8174528739976,47428
3456,1.0,5,1166.8174528739976,47433
3457,-0.6666666666666667,18,1166.1507862073308,47451
3458,0.8333333333333333,22,1166.984119540664,47473
3459,3.5,11,1170.484119540664,47484
3460,3.6,13,1174.084119540664,47497
3461,1.0,17,1175.084119540664,47514
3462,5.0476190476190474,20,1180.131738588283,47534
3463,0.3333333333333333,13,1180.4650719216163,47547
3464,2.5,4,1182.9650719216163,47551
3465,2.75,15,1185.7150719216163,47566
3466,1.5,16,1187.2150719216163,47582
3467,0.5,5,1187.7150719216163,47587
3468,0,0,1187.7150719216163,47587
3469,0,0,1187.7150719216163,47587
3470,0,0,1187.7150719216163,47587
3471,0,0,1187.7150719216163,47587
3472,0,0,1187.7150719216163,47587
3473,0,0,1187.7150719216163,47587
3474,0,0,1187.7150719216163,47587
3475,0,0,1187.7150719216163,47587
3476,0,0,1187.7150719216163,47587
3477,0,0,1187.7150719216163,47587
3478,0,0,1187.7150719216163,47587
3479,0,0,1187.7150719216163,47587
3480,0,0,1187.7150719216163,47587
3481,0,0,1187.7150719216163,47587
3482,0,0,1187.7150719216163,47587
3483,3.0,9,1190.7150719216163,47596
3484,0,0,1190.7150719216163,47596
3485,0,0,1190.7150719216163,47596
3486,0,0,1190.7150719216163,47596
3487,0,0,1190.7150719216163,47596
3488,0,0,1190.7150719216163,47596
3489,0.0,7,1190.7150719216163,47603
3490,0,0,1190.7150719216163,47603
3491,0,0,1190.7150719216163,47603
3492,0,0,1190.7150719216163,47603
3493,0,0,1190.7150719216163,47603
3494,0,0,1190.7150719216163,47603
3495,0,0,1190.7150719216163,47603
3496,0,0,1190.7150719216163,47603
3497,0,0,1190.7150719216163,47603
3498,0,0,1190.7150719216163,47603
3499,0,0,1190.7150719216163,47603
3500,0,0,1190.7150719216163,47603
3501,-0.5,5,1190.2150719216163,47608
3502,0,0,1190.2150719216163,47608
3503,0,0,1190.2150719216163,47608
3504,0,0,1190.2150719216163,47608
3505,0,0,1190.2150719216163,47608
3506,0,0,1190.2150719216163,47608
3507,0,0,1190.2150719216163,47608
3508,0,0,1190.2150719216163,47608
3509,0,0,1190.2150719216163,47608
3510,0,0,1190.2150719216163,47608
3511,0,0,1190.2150719216163,47608
3512,0,0,1190.2150719216163,47608
3513,0,0,1190.2150719216163,47608
3514,0,0,1190.2150719216163,47608
3515,0,0,1190.2150719216163,47608
3516,0,0,1190.2150719216163,47608
3517,0,0,1190.2150719216163,47608
3518,0,0,1190.2150719216163,47608
3519,0,0,1190.2150719216163,47608
3520,0,0,1190.2150719216163,47608
3521,0,0,1190.2150719216163,47608
3522,3.0,6,1193.2150719216163,47614
3523,4.0,3,1197.2150719216163,47617
3524,0,0,1197.2150719216163,47617
3525,0,0,1197.2150719216163,47617
3526,0,0,1197.2150719216163,47617
3527,0,0,1197.2150719216163,47617
3528,0,0,1197.2150719216163,47617
3529,0,0,1197.2150719216163,47617
3530,0,0,1197.2150719216163,47617
3531,0,0,1197.2150719216163,47617
3532,0,0,1197.2150719216163,47617
3533,0,0,1197.2150719216163,47617
3534,0,0,1197.2150719216163,47617
3535,0,0,1197.2150719216163,47617
3536,4.0,19,1201.2150719216163,47636
3537,0,0,1201.2150719216163,47636
3538,0,0,1201.2150719216163,47636
3539,0,0,1201.2150719216163,47636
3540,0,0,1201.2150719216163,47636
3541,0,0,1201.2150719216163,47636
3542,0,0,1201.2150719216163,47636
3543,0,0,1201.2150719216163,47636
3544,0,0,1201.2150719216163,47636
3545,0,0,1201.2150719216163,47636
3546,0,0,1201.2150719216163,47636
3547,2.0,56,1203.2150719216163,47692
3548,2.5,7,1205.7150719216163,47699
3549,2.5,4,1208.2150719216163,47703
3550,-0.25,6,1207.9650719216163,47709
3551,4.0,9,1211.9650719216163,47718
3552,1.75,11,1213.7150719216163,47729
3553,3.0,6,1216.7150719216163,47735
3554,1.3333333333333335,15,1218.0484052549496,47750
3555,2.0,17,1220.0484052549496,47767
3556,-3.0,15,1217.0484052549496,47782
3557,-1.6666666666666667,22,1215.3817385882828,47804
3558,1.0,5,1216.3817385882828,47809
3559,-7.111111111111111,33,1209.2706274771717,47842
3560,-3.8,22,1205.4706274771718,47864
3561,-1.0,6,1204.4706274771718,47870
3562,2.0,2,1206.4706274771718,47872
3563,-10.333333333333334,64,1196.1372941438385,47936
3564,-4.0,27,1192.1372941438385,47963
3565,-1.0,3,1191.1372941438385,47966
3566,6.0,25,1197.1372941438385,47991
3567,1.0,7,1198.1372941438385,47998
3568,-2.0,14,1196.1372941438385,48012
3569,-2.3,25,1193.8372941438386,48037
3570,0.0,34,1193.8372941438386,48071
3571,-2.5555555555555554,28,1191.281738588283,48099
3572,0.0,10,1191.281738588283,48109
3573,0.0,8,1191.281738588283,48117
3574,-0.25,9,1191.031738588283,48126
3575,0.0,4,1191.031738588283,48130
3576,-1.3333333333333333,2,1189.6984052549496,48132
3577,0.0,2,1189.6984052549496,48134
3578,1.0,3,1190.6984052549496,48137
3579,-3.666666666666667,8,1187.031738588283,48145
3580,-1.3,12,1185.731738588283,48157
3581,-7.0,8,1178.731738588283,48165
3582,4.0,21,1182.731738588283,48186
3583,10.75,41,1193.481738588283,48227
3584,3.261904761904762,44,1196.7436433501878,48271
3585,0.0,2,1196.7436433501878,48273
3586,0.0,2,1196.7436433501878,48275
3587,-0.33333333333333326,11,1196.4103100168545,48286
3588,-4.5,25,1191.9103100168545,48311
3589,-4.199999999999999,44,1187.7103100168545,48355
3590,-3.0,36,1184.7103100168545,48391
3591,-9.1,48,1175.6103100168546,48439
3592,3.0833333333333335,40,1178.6936433501878,48479
3593,1.1,41,1179.7936433501877,48520
3594,1.0,50,1180.7936433501877,48570
3595,6.75,10,1187.5436433501877,48580
3596,4.0,28,1191.5436433501877,48608
3597,1.3333333333333333,28,1192.876976683521,48636
3598,2.0,11,1194.876976683521,48647
3599,-4.5,11,1190.376976683521,48658
3600,1.5,12,1191.876976683521,48670
3601,-2.0,19,1189.876976683521,48689
3602,-2.7333333333333334,29,1187.1436433501876,48718
3603,-0.9411764705882355,22,1186.2024668795993,48740
3604,-0.8571428571428577,22,1185.3453240224565,48762
3605,10.75,32,1196.0953240224565,48794
3606,11.333333333333334,43,1207.4286573557897,48837
3607,-0.6818181818181818,16,1206.7468391739715,48853
3608,-1.0,23,1205.7468391739715,48876
3609,8.85,27,1214.5968391739714,48903
3610,-4.5,9,1210.0968391739714,48912
3611,-1.5,7,1208.5968391739714,48919
3612,-1.6666666666666667,26,1206.9301725073046,48945
3613,3.0,3,1209.9301725073046,48948
3614,1.0,16,1210.9301725073046,48964
3615,0.0,3,1210.9301725073046,48967
3616,-6.666666666666666,14,1204.263505840638,48981
3617,-0.46666666666666634,9,1203.7968391739712,48990
3618,-5.4,13,1198.396839173971,49003
3619,3.0,9,1201.396839173971,49012
3620,2.0,7,1203.396839173971,49019
3621,3.0,5,1206.396839173971,49024
3622,8.0,14,1214.396839173971,49038
3623,1.6666666666666667,4,1216.0635058406378,49042
3624,-1.0,13,1215.0635058406378,49055
3625,2.0,9,1217.0635058406378,49064
3626,-6.5,41,1210.5635058406378,49105
3627,-0.5,21,1210.0635058406378,49126
3628,-2.0,11,1208.0635058406378,49137
3629,-1.0,5,1207.0635058406378,49142
3630,1.6666666666666665,8,1208.7301725073046,49150
3631,1.0,1,1209.7301725073046,49151
3632,-0.5,7,1209.2301725073046,49158
3633,-3.0,7,1206.2301725073046,49165
3634,-6.0,3,1200.2301725073046,49168
3635,0.5,10,1200.7301725073046,49178
3636,0.0,11,1200.7301725073046,49189
3637,-2.5,18,1198.2301725073046,49207
3638,-2.1333333333333333,16,1196.0968391739711,49223
3639,0.0,7,1196.0968391739711,49230
3640,-0.9166666666666666,30,1195.1801725073044,49260
3641,-4.0,17,1191.1801725073044,49277
3642,0.5,20,1191.6801725073044,49297
3643,0.0,6,1191.6801725073044,49303
3644,2.0,7,1193.6801725073044,49310
3645,2.8,19,1196.4801725073044,49329
3646,1.666666666666667,17,1198.146839173971,49346
3647,2.0,16,1200.146839173971,49362
3648,-3.0,43,1197.146839173971,49405
3649,2.0,26,1199.146839173971,49431
3650,-4.0,7,1195.146839173971,49438
3651,1.4333333333333331,43,1196.5801725073045,49481
3652,0,0,1196.5801725073045,49481
3653,0,0,1196.5801725073045,49481
3654,0,0,1196.5801725073045,49481
3655,-1.0,22,1195.5801725073045,49503
3656,-4.833333333333333,26,1190.7468391739712,49529
3657,-1.8578431372549022,20,1188.8889960367164,49549
3658,2.8000000000000003,54,1191.6889960367164,49603
3659,-1.75,17,1189.9389960367164,49620
3660,3.845238095238095,45,1193.7842341319545,49665
3661,1.3333333333333335,18,1195.1175674652877,49683
3662,0.0,5,1195.1175674652877,49688
3663,-2.5,25,1192.6175674652877,49713
3664,-9.833333333333332,30,1182.7842341319545,49743
3665,-5.333333333333334,33,1177.4509007986212,49776
3666,-6.0,13,1171.4509007986212,49789
3667,3.666666666666667,26,1175.117567465288,49815
3668,4.333333333333333,38,1179.4509007986212,49853
3669,6.6,71,1186.0509007986211,49924
3670,-1.4444444444444444,32,1184.6064563541768,49956
3671,3.916666666666667,26,1188.5231230208435,49982
3672,-4.1,31,1184.4231230208436,50013
3673,1.5555555555555554,16,1185.9786785763993,50029
3674,-2.166666666666667,19,1183.8120119097325,50048
3675,0,0,1183.8120119097325,50048
3676,0,0,1183.8120119097325,50048
3677,0,0,1183.8120119097325,50048
3678,3.3333333333333335,18,1187.1453452430658,50066
3679,-2.0,5,1185.1453452430658,50071
