Sentence,AFINN Score of Sentence,Sentence Word Count,Total AFINN Score,Total Words
1,0.0,6,0.0,6
2,-3.0,4,-3.0,10
3,0.33333333333333337,59,-2.6666666666666665,69
4,-2.0,11,-4.666666666666666,80
5,-4.0,19,-8.666666666666666,99
6,5.025,97,-3.6416666666666657,196
7,1.3666666666666667,56,-2.274999999999999,252
8,4.578787878787878,27,2.303787878787879,279
9,5.833333333333334,33,8.137121212121214,312
10,4.0,14,12.137121212121214,326
11,3.0000000000000004,56,15.137121212121214,382
12,2.5,82,17.637121212121215,464
13,1.1,35,18.737121212121217,499
14,1.0,33,19.737121212121217,532
15,12.528571428571428,70,32.26569264069265,602
16,0.3333333333333335,27,32.599025974025984,629
17,2.0,7,34.599025974025984,636
18,17.2,105,51.79902597402598,741
19,7.833333333333334,64,59.632359307359316,805
20,9.333333333333332,44,68.96569264069265,849
21,-10.0,42,58.96569264069265,891
22,12.333333333333332,63,71.29902597402598,954
23,-8.821428571428571,46,62.47759740259741,1000
24,-2.333333333333333,24,60.144264069264075,1024
25,-1.1666666666666667,69,58.97759740259741,1093
26,-1.6666666666666667,17,57.31093073593075,1110
27,-3.625,65,53.68593073593075,1175
28,-3.7787878787878784,99,49.907142857142865,1274
29,2.5,17,52.407142857142865,1291
30,1.0,9,53.407142857142865,1300
31,1.4222222222222225,35,54.82936507936509,1335
32,0.8333333333333333,23,55.662698412698425,1358
33,0.0,12,55.662698412698425,1370
34,0.0,15,55.662698412698425,1385
35,0.0,1,55.662698412698425,1386
36,1.9333333333333333,43,57.596031746031755,1429
37,4.333333333333333,36,61.92936507936509,1465
38,9.11904761904762,71,71.0484126984127,1536
39,-4.066666666666666,66,66.98174603174604,1602
40,1.342857142857143,51,68.32460317460318,1653
41,1.8333333333333335,68,70.15793650793651,1721
42,-4.25,32,65.90793650793651,1753
43,-4.0,58,61.90793650793651,1811
44,0.16666666666666674,78,62.074603174603176,1889
45,1.9477124183006536,28,64.02231559290382,1917
46,5.0,28,69.02231559290382,1945
47,10.25,58,79.27231559290382,2003
48,1.3888888888888893,47,80.66120448179271,2050
49,0.0,41,80.66120448179271,2091
50,1.0,8,81.66120448179271,2099
51,3.866666666666667,36,85.52787114845938,2135
52,-0.4,19,85.12787114845938,2154
53,0.8333333333333333,42,85.9612044817927,2196
54,-1.8,24,84.16120448179271,2220
55,1.3333333333333333,53,85.49453781512604,2273
56,1.0,15,86.49453781512604,2288
57,-6.166666666666667,36,80.32787114845937,2324
58,-4.466666666666667,59,75.8612044817927,2383
59,-8.083333333333332,75,67.77787114845937,2458
60,3.25,28,71.02787114845937,2486
61,-4.666666666666666,40,66.3612044817927,2526
62,-3.0,11,63.3612044817927,2537
63,-2.6078431372549016,60,60.753361344537794,2597
64,3.5,31,64.2533613445378,2628
65,0.3333333333333335,20,64.58669467787112,2648
66,-0.45228758169934663,28,64.13440709617177,2676
67,1.8666666666666671,35,66.00107376283844,2711
68,-6.25,44,59.751073762838445,2755
69,2.9333333333333336,36,62.68440709617178,2791
70,2.0,58,64.68440709617178,2849
71,1.2666666666666666,64,65.95107376283845,2913
72,2.75,65,68.70107376283845,2978
73,-0.7777777777777777,42,67.92329598506068,3020
74,-8.555555555555557,114,59.36774042950512,3134
75,-10.25,49,49.11774042950512,3183
76,10.533333333333333,73,59.65107376283845,3256
77,3.9611111111111112,61,63.61218487394956,3317
78,1.5,30,65.11218487394956,3347
79,-0.8888888888888888,6,64.22329598506067,3353
80,14.0,58,78.22329598506067,3411
81,-2.5,30,75.72329598506067,3441
82,-0.07142857142857117,38,75.6518674136321,3479
83,-7.666666666666666,22,67.98520074696543,3501
84,-3.5,28,64.48520074696543,3529
85,3.761904761904762,95,68.24710550887019,3624
86,-1.6666666666666667,20,66.58043884220352,3644
87,4.199999999999999,140,70.78043884220352,3784
88,5.833333333333332,116,76.61377217553685,3900
89,-3.8,68,72.81377217553685,3968
90,-0.4333333333333333,57,72.38043884220352,4025
91,2.0,7,74.38043884220352,4032
92,17.6,86,91.98043884220351,4118
93,40.66767676767677,204,132.64811560988028,4322
94,-3.533333333333333,60,129.11478227654695,4382
95,-3.7222222222222223,107,125.39256005432472,4489
96,10.875,56,136.26756005432472,4545
97,8.722222222222223,122,144.98978227654695,4667
98,6.622222222222222,118,151.61200449876918,4785
99,8.9,54,160.5120044987692,4839
100,6.591666666666667,58,167.10367116543586,4897
101,-6.5,59,160.60367116543586,4956
102,1.0,20,161.60367116543586,4976
103,1.0,49,162.60367116543586,5025
104,2.0,8,164.60367116543586,5033
105,0.0,41,164.60367116543586,5074
106,0.6666666666666667,27,165.2703378321025,5101
107,4.5,34,169.7703378321025,5135
108,-0.22619047619047628,94,169.54414735591203,5229
109,2.5833333333333335,16,172.12748068924537,5245
110,-5.7,58,166.42748068924539,5303
111,-1.5,48,164.92748068924539,5351
112,-2.0,19,162.92748068924539,5370
113,7.5,74,170.42748068924539,5444
114,-2.0,19,168.42748068924539,5463
115,-10.5,68,157.92748068924539,5531
116,1.5,26,159.42748068924539,5557
117,4.333333333333334,85,163.76081402257873,5642
118,6.0,35,169.76081402257873,5677
119,-2.9000000000000004,39,166.86081402257872,5716
120,-5.0,15,161.86081402257872,5731
121,-1.9555555555555557,12,159.90525846702317,5743
122,-9.941176470588236,83,149.96408199643494,5826
123,-8.5,28,141.46408199643494,5854
124,-0.10000000000000009,73,141.36408199643495,5927
125,3.0,38,144.36408199643495,5965
126,0.33333333333333326,14,144.6974153297683,5979
127,-1.5,33,143.1974153297683,6012
128,0.0,17,143.1974153297683,6029
129,3.0,17,146.1974153297683,6046
130,-2.500000000000001,61,143.6974153297683,6107
131,-1.0,16,142.6974153297683,6123
132,1.2,12,143.89741532976828,6135
133,-3.0,73,140.89741532976828,6208
134,10.430555555555555,41,151.32797088532382,6249
135,1.3333333333333335,15,152.66130421865716,6264
136,4.0,18,156.66130421865716,6282
137,-0.666666666666667,47,155.9946375519905,6329
138,-5.25,19,150.7446375519905,6348
139,-9.25,94,141.4946375519905,6442
140,1.8888888888888888,62,143.3835264408794,6504
141,1.5,67,144.8835264408794,6571
142,0.75,66,145.6335264408794,6637
143,10.5,51,156.1335264408794,6688
144,9.666666666666668,61,165.80019310754605,6749
145,0.0,11,165.80019310754605,6760
146,1.0,11,166.80019310754605,6771
147,0,0,166.80019310754605,6771
148,0,0,166.80019310754605,6771
149,0,0,166.80019310754605,6771
150,0,0,166.80019310754605,6771
151,0,0,166.80019310754605,6771
152,0,0,166.80019310754605,6771
153,0,0,166.80019310754605,6771
154,0,0,166.80019310754605,6771
155,0,0,166.80019310754605,6771
156,0,0,166.80019310754605,6771
157,0.0,5,166.80019310754605,6776
158,0,0,166.80019310754605,6776
159,0,0,166.80019310754605,6776
160,0,0,166.80019310754605,6776
161,0,0,166.80019310754605,6776
162,0,0,166.80019310754605,6776
163,0,0,166.80019310754605,6776
164,0,0,166.80019310754605,6776
165,0,0,166.80019310754605,6776
166,0,0,166.80019310754605,6776
167,0.0,5,166.80019310754605,6781
168,0,0,166.80019310754605,6781
169,0,0,166.80019310754605,6781
170,0,0,166.80019310754605,6781
171,0,0,166.80019310754605,6781
172,0,0,166.80019310754605,6781
173,0,0,166.80019310754605,6781
174,0,0,166.80019310754605,6781
175,0,0,166.80019310754605,6781
176,0,0,166.80019310754605,6781
177,0,0,166.80019310754605,6781
178,0.0,5,166.80019310754605,6786
179,0,0,166.80019310754605,6786
180,0,0,166.80019310754605,6786
181,0,0,166.80019310754605,6786
182,0,0,166.80019310754605,6786
183,0,0,166.80019310754605,6786
184,0,0,166.80019310754605,6786
185,0,0,166.80019310754605,6786
186,0,0,166.80019310754605,6786
187,0,0,166.80019310754605,6786
188,0,0,166.80019310754605,6786
189,0,0,166.80019310754605,6786
190,0,0,166.80019310754605,6786
191,1.0,8,167.80019310754605,6794
192,0,0,167.80019310754605,6794
193,0,0,167.80019310754605,6794
194,0.0,2,167.80019310754605,6796
195,-2.0,13,165.80019310754605,6809
196,2.2,22,168.00019310754604,6831
197,18.357142857142858,139,186.3573359646889,6970
198,6.035714285714286,45,192.39305025040318,7015
199,-1.666666666666667,40,190.72638358373652,7055
200,-0.2142857142857144,41,190.5120978694508,7096
201,0.34999999999999964,62,190.8620978694508,7158
202,4.0,35,194.8620978694508,7193
203,-1.7777777777777777,33,193.08432009167302,7226
204,0.0,8,193.08432009167302,7234
205,-9.075,84,184.00932009167303,7318
206,2.666666666666667,81,186.6759867583397,7399
207,-0.4666666666666668,31,186.20932009167302,7430
208,-5.0,30,181.20932009167302,7460
209,13.0,77,194.20932009167302,7537
210,1.25,61,195.45932009167302,7598
211,-0.8416666666666659,79,194.61765342500635,7677
212,5.0,25,199.61765342500635,7702
213,3.0,24,202.61765342500635,7726
214,-2.6666666666666665,86,199.9509867583397,7812
215,3.0,23,202.9509867583397,7835
216,-4.0,33,198.9509867583397,7868
217,0.5,12,199.4509867583397,7880
218,-0.3999999999999999,13,199.0509867583397,7893
219,-0.674603174603174,107,198.37638358373653,8000
220,11.214285714285715,53,209.59066929802225,8053
221,3.616666666666667,91,213.20733596468892,8144
222,-5.296428571428571,90,207.91090739326035,8234
223,0.0,13,207.91090739326035,8247
224,1.2000000000000002,21,209.11090739326033,8268
225,4.25,45,213.36090739326033,8313
226,4.0095238095238095,38,217.37043120278415,8351
227,1.916666666666667,62,219.2870978694508,8413
228,2.666666666666667,20,221.95376453611746,8433
229,2.6,41,224.55376453611746,8474
230,11.00873015873016,201,235.5624946948476,8675
231,7.5,60,243.0624946948476,8735
232,4.2681818181818185,139,247.33067651302943,8874
233,-9.166666666666668,35,238.16400984636277,8909
234,9.7,41,247.86400984636276,8950
235,-0.20454545454545503,91,247.6594643918173,9041
236,3.333333333333333,37,250.99279772515064,9078
237,1.0,19,251.99279772515064,9097
238,4.833333333333334,43,256.82613105848395,9140
239,10.533333333333333,75,267.3594643918173,9215
240,-3.4,42,263.95946439181733,9257
241,-2.9,17,261.05946439181736,9274
242,2.0,20,263.05946439181736,9294
243,3.5,90,266.55946439181736,9384
244,11.0,33,277.55946439181736,9417
245,-5.447619047619048,47,272.1118453441983,9464
246,-9.60909090909091,29,262.50275443510736,9493
247,2.0,8,264.50275443510736,9501
248,3.0,35,267.50275443510736,9536
249,-2.75,49,264.75275443510736,9585
250,1.9666666666666668,37,266.719421101774,9622
251,-1.4166666666666665,48,265.3027544351073,9670
252,5.0,32,270.3027544351073,9702
253,-0.5,30,269.8027544351073,9732
254,-8.9,22,260.90275443510734,9754
255,0.0,14,260.90275443510734,9768
256,-3.4000000000000004,38,257.50275443510736,9806
257,0.09999999999999964,30,257.6027544351074,9836
258,6.533333333333333,39,264.13608776844075,9875
259,-6.25,40,257.88608776844075,9915
260,-16.271031746031746,82,241.615056022409,9997
261,-6.375,26,235.240056022409,10023
262,-8.538461538461538,40,226.70159448394745,10063
263,4.714285714285714,42,231.41588019823317,10105
264,-6.016666666666666,67,225.3992135315665,10172
265,9.0,18,234.3992135315665,10190
266,8.69047619047619,55,243.0896897220427,10245
267,-4.583333333333333,30,238.50635638870935,10275
268,11.0,19,249.50635638870935,10294
269,0.666666666666667,68,250.173023055376,10362
270,-6.0,48,244.173023055376,10410
271,8.666666666666666,58,252.83968972204266,10468
272,-3.6666666666666665,30,249.173023055376,10498
273,4.366666666666667,52,253.53968972204268,10550
274,5.1,73,258.6396897220427,10623
275,0.0,12,258.6396897220427,10635
276,-3.0,55,255.6396897220427,10690
277,13.316666666666665,85,268.95635638870937,10775
278,6.75,51,275.70635638870937,10826
279,-0.5714285714285714,17,275.1349278172808,10843
280,-1.0,11,274.1349278172808,10854
281,2.0,10,276.1349278172808,10864
282,0.0,17,276.1349278172808,10881
283,0.5333333333333334,12,276.66826115061417,10893
284,-1.0,24,275.66826115061417,10917
285,16.88888888888889,105,292.5571500395031,11022
286,19.72222222222222,119,312.2793722617253,11141
287,-0.7000000000000002,63,311.5793722617253,11204
288,9.403267973856208,178,320.9826402355815,11382
289,5.0,28,325.9826402355815,11410
290,0.0,38,325.9826402355815,11448
291,1.7249999999999996,54,327.70764023558155,11502
292,2.0,10,329.70764023558155,11512
293,-2.333333333333333,18,327.37430690224824,11530
294,1.0,6,328.37430690224824,11536
295,2.0,6,330.37430690224824,11542
296,3.5,12,333.87430690224824,11554
297,-3.4,31,330.47430690224826,11585
298,-5.0,69,325.47430690224826,11654
299,2.6666666666666665,28,328.14097356891494,11682
300,7.541666666666668,77,335.68264023558163,11759
301,2.583333333333333,43,338.26597356891494,11802
302,-2.25,90,336.01597356891494,11892
303,6.25,54,342.26597356891494,11946
304,7.5,40,349.76597356891494,11986
305,-5.4,28,344.36597356891497,12014
306,-3.833333333333333,50,340.53264023558165,12064
307,-3.9000000000000004,60,336.6326402355817,12124
308,7.25,73,343.8826402355817,12197
309,-1.0,33,342.8826402355817,12230
310,-0.375,25,342.5076402355817,12255
311,14.333333333333334,93,356.840973568915,12348
312,0.0,15,356.840973568915,12363
313,-1.0,25,355.840973568915,12388
314,1.0,9,356.840973568915,12397
315,-3.0,12,353.840973568915,12409
316,0.5,21,354.340973568915,12430
317,0.5,43,354.840973568915,12473
318,-2.416666666666666,39,352.4243069022483,12512
319,-1.8484848484848486,15,350.57582205376343,12527
320,1.0,13,351.57582205376343,12540
321,6.0,30,357.57582205376343,12570
322,2.7333333333333334,75,360.3091553870968,12645
323,1.8333333333333333,56,362.1424887204301,12701
324,4.0,17,366.1424887204301,12718
325,-0.5,14,365.6424887204301,12732
326,-3.111111111111111,28,362.531377609319,12760
327,-3.0,21,359.531377609319,12781
328,6.025490196078431,26,365.5568678053974,12807
329,3.5,40,369.0568678053974,12847
330,3.6666666666666665,23,372.7235344720641,12870
331,-1.1666666666666665,14,371.5568678053974,12884
332,-2.0,11,369.5568678053974,12895
333,-1.5,17,368.0568678053974,12912
334,1.1363636363636367,77,369.19323144176104,12989
335,-0.8411764705882355,61,368.35205497117283,13050
336,0.0,17,368.35205497117283,13067
337,-3.1078431372549016,48,365.2442118339179,13115
338,-5.666666666666666,31,359.57754516725123,13146
339,4.0,23,363.57754516725123,13169
340,4.25,26,367.82754516725123,13195
341,-12.288888888888888,35,355.53865627836234,13230
342,-0.7857142857142856,12,354.75294199264806,13242
343,0.6666666666666665,17,355.41960865931475,13259
344,-2.0,27,353.41960865931475,13286
345,-1.1911764705882355,34,352.2284321887265,13320
346,6.25,39,358.4784321887265,13359
347,-2.333333333333333,33,356.1450988553932,13392
348,4.5,18,360.6450988553932,13410
349,-1.5,28,359.1450988553932,13438
350,4.0,42,363.1450988553932,13480
351,-3.5,5,359.6450988553932,13485
352,1.6666666666666665,10,361.3117655220599,13495
353,-5.857142857142858,35,355.45462266491705,13530
354,13.0,60,368.45462266491705,13590
355,2.5,42,370.95462266491705,13632
356,6.0,11,376.95462266491705,13643
357,2.5,45,379.45462266491705,13688
358,1.6666666666666667,29,381.12128933158374,13717
359,-1.1428571428571428,19,379.9784321887266,13736
360,2.101010101010101,201,382.0794422897367,13937
361,0.6666666666666665,33,382.74610895640336,13970
362,0.0,16,382.74610895640336,13986
363,-1.5714285714285714,27,381.1746803849748,14013
364,1.0,8,382.1746803849748,14021
365,-0.6666666666666665,19,381.5080137183081,14040
366,-1.0,33,380.5080137183081,14073
367,23.0,183,403.5080137183081,14256
368,4.2,125,407.7080137183081,14381
369,2.5,42,410.2080137183081,14423
370,6.0,46,416.2080137183081,14469
371,27.366666666666664,177,443.5746803849748,14646
372,4.0,43,447.5746803849748,14689
373,-0.523809523809524,48,447.05087086116527,14737
374,-3.6666666666666665,27,443.3842041944986,14764
375,-2.0,9,441.3842041944986,14773
376,-1.6666666666666665,65,439.7175375278319,14838
377,2.25,47,441.9675375278319,14885
378,1.1,29,443.0675375278319,14914
379,4.0,21,447.0675375278319,14935
380,0.0,18,447.0675375278319,14953
381,5.0,12,452.0675375278319,14965
382,-3.3333333333333335,9,448.7342041944986,14974
383,13.09047619047619,91,461.8246803849748,15065
384,3.8571428571428568,68,465.6818232421176,15133
385,8.85,75,474.53182324211764,15208
386,-5.654761904761905,68,468.8770613373557,15276
387,4.866666666666667,53,473.7437280040224,15329
388,-11.883333333333333,133,461.86039467068906,15462
389,-2.5416666666666665,43,459.3187280040224,15505
390,-3.6666666666666665,16,455.6520613373557,15521
391,0.0,18,455.6520613373557,15539
392,-4.531313131313132,35,451.12074820604255,15574
393,-2.3333333333333335,15,448.78741487270923,15589
394,1.8888888888888888,27,450.67630376159815,15616
395,-3.5,20,447.17630376159815,15636
396,-2.5,77,444.67630376159815,15713
397,4.555555555555555,27,449.2318593171537,15740
398,-3.0,8,446.2318593171537,15748
399,-2.409090909090909,15,443.82276840806276,15763
400,1.8888888888888893,41,445.71165729695167,15804
401,8.396212121212121,112,454.1078694181638,15916
402,2.1666666666666665,29,456.27453608483046,15945
403,-2.8,23,453.47453608483045,15968
404,7.1,54,460.57453608483047,16022
405,-3.666666666666667,31,456.9078694181638,16053
406,-1.5,36,455.4078694181638,16089
407,2.0,15,457.4078694181638,16104
408,-5.083333333333334,78,452.32453608483047,16182
409,-0.2142857142857144,40,452.11025037054475,16222
410,2.6666666666666665,44,454.77691703721143,16266
411,0.20000000000000018,48,454.9769170372114,16314
412,3.0,22,457.9769170372114,16336
413,4.0,20,461.9769170372114,16356
414,12.0,67,473.9769170372114,16423
415,3.8333333333333326,46,477.81025037054474,16469
416,1.9285714285714288,70,479.7388217991162,16539
417,8.0,35,487.7388217991162,16574
418,-5.0,25,482.7388217991162,16599
419,-9.4,52,473.3388217991162,16651
420,1.6666666666666665,27,475.0054884657829,16678
421,3.0,54,478.0054884657829,16732
422,12.0,50,490.0054884657829,16782
423,-2.666666666666667,32,487.3388217991162,16814
424,11.625,106,498.9638217991162,16920
425,-6.066666666666666,126,492.89715513244954,17046
426,3.0,20,495.89715513244954,17066
427,8.02777777777778,116,503.9249329102273,17182
428,-3.5666666666666664,122,500.35826624356065,17304
429,-3.0,26,497.35826624356065,17330
430,5.712121212121212,85,503.07038745568184,17415
431,-5.0,23,498.07038745568184,17438
432,0.0,9,498.07038745568184,17447
433,5.333333333333333,37,503.40372078901515,17484
434,-4.0,54,499.40372078901515,17538
435,-1.4444444444444444,19,497.9592763445707,17557
436,-6.4,69,491.5592763445707,17626
437,-3.4,71,488.15927634457074,17697
438,-1.166666666666666,39,486.99260967790406,17736
439,5.5,22,492.49260967790406,17758
440,0.8888888888888888,80,493.38149856679297,17838
441,-1.5555555555555556,22,491.8259430112374,17860
442,2.666666666666667,63,494.4926096779041,17923
443,0.5,29,494.9926096779041,17952
444,7.444444444444445,28,502.43705412234857,17980
445,0.8333333333333321,59,503.2703874556819,18039
446,3.166666666666667,17,506.43705412234857,18056
447,-8.5,44,497.93705412234857,18100
448,1.5,40,499.43705412234857,18140
449,-4.633333333333333,96,494.80372078901524,18236
450,3.5,13,498.30372078901524,18249
451,-6.218954248366014,78,492.08476654064924,18327
452,-4.111111111111111,36,487.97365542953816,18363
453,-4.681818181818182,36,483.29183724771997,18399
454,8.658823529411764,80,491.95066077713176,18479
455,-10.174603174603172,131,481.77605760252857,18610
456,0.4285714285714288,102,482.2046290311,18712
457,-25.071212121212124,256,457.1334169098879,18968
458,10.071428571428571,42,467.20484548131645,19010
459,-8.122222222222222,84,459.08262325909425,19094
460,-4.262605042016807,125,454.82001821707746,19219
461,-11.4,75,443.4200182170775,19294
462,16.519841269841272,118,459.93985948691875,19412
463,-3.0,165,456.93985948691875,19577
464,6.833333333333333,59,463.77319282025206,19636
465,14.058823529411764,57,477.83201634966383,19693
466,-1.9411764705882353,53,475.8908398790756,19746
467,-2.75,47,473.1408398790756,19793
468,-0.19166666666666665,48,472.94917321240894,19841
469,4.583333333333334,41,477.53250654574225,19882
470,6.0,14,483.53250654574225,19896
471,6.5,57,490.03250654574225,19953
472,25.0,190,515.0325065457423,20143
473,1.25,88,516.2825065457423,20231
474,3.0,15,519.2825065457423,20246
475,1.4285714285714288,64,520.7110779743138,20310
476,-4.833333333333333,32,515.8777446409804,20342
477,-5.366666666666667,99,510.5110779743137,20441
478,2.734920634920635,81,513.2459986092343,20522
479,0.0,17,513.2459986092343,20539
480,-3.566666666666667,29,509.67933194256767,20568
481,-3.0,16,506.67933194256767,20584
482,3.75,60,510.42933194256767,20644
483,4.5,48,514.9293319425676,20692
484,3.0,23,517.9293319425676,20715
485,7.166666666666666,61,525.0959986092342,20776
486,2.0,54,527.0959986092342,20830
487,6.888888888888889,35,533.9848874981232,20865
488,4.0,20,537.9848874981232,20885
489,3.658730158730158,82,541.6436176568533,20967
490,5.0588235294117645,37,546.702441186265,21004
491,2.0,11,548.702441186265,21015
492,-5.2936507936507935,70,543.4087903926142,21085
493,-4.5,22,538.9087903926142,21107
494,-2.7051282051282057,79,536.203662187486,21186
495,2.888888888888889,57,539.0925510763749,21243
496,2.7749999999999995,63,541.8675510763749,21306
497,8.613888888888889,90,550.4814399652638,21396
498,8.0,26,558.4814399652638,21422
499,-3.5732323232323235,48,554.9082076420315,21470
500,1.25,22,556.1582076420315,21492
501,2.0,23,558.1582076420315,21515
502,-2.9555555555555553,86,555.202652086476,21601
503,-3.566666666666667,127,551.6359854198092,21728
504,-3.1388888888888893,54,548.4970965309203,21782
505,-2.3545454545454545,36,546.1425510763748,21818
506,2.170454545454545,74,548.3130056218293,21892
507,-4.666666666666666,23,543.6463389551627,21915
508,14.958333333333336,94,558.6046722884961,22009
509,-3.416666666666666,70,555.1880056218295,22079
510,2.2,31,557.3880056218295,22110
511,8.0,56,565.3880056218295,22166
512,7.023809523809524,92,572.411815145639,22258
513,-3.6555555555555554,32,568.7562595900835,22290
514,16.166666666666664,83,584.9229262567501,22373
515,7.75,37,592.6729262567501,22410
516,-0.6666666666666665,50,592.0062595900835,22460
517,6.0,20,598.0062595900835,22480
518,6.0,91,604.0062595900835,22571
519,-7.411111111111111,80,596.5951484789723,22651
520,2.2,55,598.7951484789724,22706
521,5.333333333333333,37,604.1284818123057,22743
522,1.75,37,605.8784818123057,22780
523,-9.88888888888889,79,595.9895929234168,22859
524,3.0,53,598.9895929234168,22912
525,3.5,22,602.4895929234168,22934
526,-2.183333333333333,47,600.3062595900835,22981
527,8.0,35,608.3062595900835,23016
528,3.866666666666667,31,612.1729262567502,23047
529,7.0,48,619.1729262567502,23095
530,0.33333333333333337,8,619.5062595900836,23103
531,0.33333333333333326,67,619.839592923417,23170
532,8.665476190476191,99,628.5050691138931,23269
533,11.0,49,639.5050691138931,23318
534,3.0,12,642.5050691138931,23330
535,-1.833333333333334,52,640.6717357805597,23382
536,-2.4,61,638.2717357805598,23443
537,-7.583333333333334,56,630.6884024472264,23499
538,13.0,91,643.6884024472264,23590
539,-11.607843137254902,58,632.0805593099715,23648
540,-6.454545454545455,50,625.626013855426,23698
541,5.188311688311687,137,630.8143255437377,23835
542,7.0,11,637.8143255437377,23846
543,-3.8333333333333335,20,633.9809922104043,23866
544,8.676190476190474,76,642.6571826865949,23942
545,10.555555555555555,71,653.2127382421504,24013
546,5.295454545454545,78,658.5081927876049,24091
547,8.7,85,667.208192787605,24176
548,-2.166666666666666,77,665.0415261209383,24253
549,-6.0,53,659.0415261209383,24306
550,0.9285714285714286,30,659.9700975495098,24336
551,-1.5714285714285712,27,658.3986689780812,24363
552,-9.166666666666668,70,649.2320023114146,24433
553,-6.333333333333334,85,642.8986689780812,24518
554,5.666666666666666,46,648.5653356447478,24564
555,4.166666666666666,30,652.7320023114145,24594
556,4.916666666666667,24,657.6486689780811,24618
557,-3.8863636363636367,96,653.7623053417175,24714
558,4.7,57,658.4623053417175,24771
559,18.661538461538463,59,677.123843803256,24830
560,-6.3,20,670.8238438032561,24850
561,-0.8888888888888888,31,669.9349549143672,24881
562,4.0,13,673.9349549143672,24894
563,-7.066666666666666,28,666.8682882477004,24922
564,6.649732620320857,72,673.5180208680213,24994
565,-0.06666666666666643,55,673.4513542013545,25049
566,-4.166666666666666,95,669.2846875346879,25144
567,3.6666666666666665,46,672.9513542013545,25190
568,-1.7484848484848476,59,671.2028693528697,25249
569,-3.909090909090909,10,667.2937784437788,25259
570,9.5,93,676.7937784437788,25352
571,-2.4166666666666665,9,674.3771117771122,25361
572,2.0,64,676.3771117771122,25425
573,2.6666666666666665,12,679.0437784437788,25437
574,20.251515151515154,164,699.295293595294,25601
575,1.5,19,700.795293595294,25620
576,3.2,54,703.995293595294,25674
577,11.833333333333332,43,715.8286269286274,25717
578,6.0,29,721.8286269286274,25746
579,1.9431669637551985,99,723.7717938923826,25845
580,5.0,24,728.7717938923826,25869
581,-7.276190476190476,37,721.4956034161921,25906
582,-1.8444444444444446,82,719.6511589717477,25988
583,0.41666666666666674,24,720.0678256384143,26012
584,-5.0,19,715.0678256384143,26031
585,1.5285714285714285,53,716.5963970669858,26084
586,4.1774891774891785,121,720.773886244475,26205
587,8.25,29,729.023886244475,26234
588,-10.012605042016807,98,719.0112812024581,26332
589,4.285714285714286,29,723.2969954881725,26361
590,-4.9,29,718.3969954881725,26390
591,-5.208333333333334,43,713.1886621548391,26433
592,5.0,49,718.1886621548391,26482
593,-3.5,23,714.6886621548391,26505
594,-1.2333333333333334,54,713.4553288215058,26559
595,0.8181818181818183,55,714.2735106396876,26614
596,-5.4,52,708.8735106396877,26666
597,3.2,36,712.0735106396877,26702
598,-5.4,58,706.6735106396877,26760
599,3.0,75,709.6735106396877,26835
600,-3.7333333333333334,41,705.9401773063544,26876
601,2.0,14,707.9401773063544,26890
602,3.7948717948717956,38,711.7350491012262,26928
603,-5.556818181818182,30,706.1782309194081,26958
604,1.5,19,707.6782309194081,26977
605,4.818181818181818,42,712.4964127375899,27019
606,0.0,17,712.4964127375899,27036
607,-3.0,12,709.4964127375899,27048
608,3.0,28,712.4964127375899,27076
609,7.151515151515151,76,719.6479278891051,27152
610,-2.3666666666666676,44,717.2812612224384,27196
611,-0.5999999999999996,37,716.6812612224384,27233
612,3.1999999999999993,55,719.8812612224384,27288
613,1.75,59,721.6312612224384,27347
614,4.733333333333333,22,726.3645945557718,27369
615,0.6000000000000001,30,726.9645945557718,27399
616,12.333333333333334,65,739.2979278891052,27464
617,9.928571428571429,70,749.2264993176766,27534
618,-1.8000000000000007,47,747.4264993176766,27581
619,2.25,67,749.6764993176766,27648
620,-2.0,42,747.6764993176766,27690
621,-13.416666666666666,103,734.25983265101,27793
622,7.0,48,741.25983265101,27841
623,9.356862745098038,93,750.6166953961081,27934
624,3.8235294117647056,45,754.4402248078728,27979
625,-1.5,34,752.9402248078728,28013
626,4.2,58,757.1402248078729,28071
627,7.6,33,764.7402248078729,28104
628,-0.06666666666666643,40,764.6735581412062,28144
629,2.0,25,766.6735581412062,28169
630,-7.550000000000001,95,759.1235581412062,28264
631,6.783333333333333,69,765.9068914745395,28333
632,0.4611111111111108,127,766.3680025856506,28460
633,5.233333333333333,46,771.601335918984,28506
634,7.5,41,779.101335918984,28547
635,-1.0,19,778.101335918984,28566
636,4.333333333333334,49,782.4346692523173,28615
637,0.4916666666666665,90,782.926335918984,28705
638,1.4,37,784.326335918984,28742
639,5.733333333333333,86,790.0596692523173,28828
640,7.495238095238095,81,797.5549073475554,28909
641,-1.333333333333333,47,796.221574014222,28956
642,-11.566666666666666,85,784.6549073475553,29041
643,2.2333333333333334,65,786.8882406808887,29106
644,1.3333333333333335,43,788.221574014222,29149
645,-1.75,53,786.471574014222,29202
646,-8.607142857142858,42,777.8644311570791,29244
647,-4.233333333333333,41,773.6310978237458,29285
648,0.16666666666666696,45,773.7977644904124,29330
649,-3.0,14,770.7977644904124,29344
650,5.0649350649350655,115,775.8626995553475,29459
651,2.0,14,777.8626995553475,29473
652,-7.166666666666666,29,770.6960328886809,29502
653,-11.988095238095237,100,758.7079376505857,29602
654,-8.841176470588236,88,749.8667611799974,29690
655,-25.0,82,724.8667611799974,29772
656,-4.0,34,720.8667611799974,29806
657,-2.0,13,718.8667611799974,29819
658,-9.0,22,709.8667611799974,29841
659,1.0,4,710.8667611799974,29845
660,-5.83080808080808,69,705.0359530991893,29914
661,2.3000000000000007,63,707.3359530991893,29977
662,5.988888888888889,73,713.3248419880782,30050
663,9.908730158730158,129,723.2335721468083,30179
664,5.428571428571429,11,728.6621435753798,30190
665,0.5,41,729.1621435753798,30231
666,4.0,46,733.1621435753798,30277
667,0.0,7,733.1621435753798,30284
668,-4.454545454545455,35,728.7075981208343,30319
669,-1.9545454545454537,82,726.7530526662888,30401
670,9.833333333333332,89,736.5863859996222,30490
671,-13.32121212121212,118,723.26517387841,30608
672,6.166666666666667,23,729.4318405450766,30631
673,1.125,18,730.5568405450766,30649
674,3.666666666666667,33,734.2235072117433,30682
675,-5.9,51,728.3235072117433,30733
676,5.833333333333334,149,734.1568405450766,30882
677,7.533333333333333,74,741.69017387841,30956
678,-3.166666666666668,115,738.5235072117433,31071
679,-0.033333333333333215,32,738.49017387841,31103
680,4.428571428571429,58,742.9187453069815,31161
681,1.9333333333333336,41,744.8520786403147,31202
682,4.0,18,748.8520786403147,31220
683,-0.6666666666666666,10,748.1854119736481,31230
684,4.0,31,752.1854119736481,31261
685,0.0,42,752.1854119736481,31303
686,17.27777777777778,64,769.463189751426,31367
687,5.5,31,774.963189751426,31398
688,1.25,38,776.213189751426,31436
689,8.566666666666666,69,784.7798564180927,31505
690,7.178571428571429,70,791.9584278466641,31575
691,-1.25,39,790.7084278466641,31614
692,3.5,28,794.2084278466641,31642
693,5.666666666666666,45,799.8750945133307,31687
694,-0.14285714285714285,21,799.7322373704736,31708
695,11.333333333333334,37,811.065570703807,31745
696,1.3333333333333335,41,812.3989040371404,31786
697,-0.5,29,811.8989040371404,31815
698,1.0,25,812.8989040371404,31840
699,0.08333333333333304,65,812.9822373704737,31905
700,5.111111111111112,41,818.0933484815848,31946
701,3.9333333333333327,49,822.0266818149181,31995
702,-2.038095238095238,109,819.9885865768229,32104
703,-0.833333333333333,35,819.1552532434895,32139
704,-3.833333333333334,114,815.3219199101561,32253
705,-3.2333333333333334,59,812.0885865768228,32312
706,1.0,14,813.0885865768228,32326
707,-2.0,23,811.0885865768228,32349
708,4.0,20,815.0885865768228,32369
709,3.5,15,818.5885865768228,32384
710,-2.0,10,816.5885865768228,32394
711,9.333333333333332,39,825.9219199101561,32433
712,-5.166666666666667,49,820.7552532434895,32482
713,5.5,37,826.2552532434895,32519
714,-1.7999999999999998,55,824.4552532434896,32574
715,0.25,9,824.7052532434896,32583
716,-2.0,26,822.7052532434896,32609
717,1.0,11,823.7052532434896,32620
718,3.0,21,826.7052532434896,32641
719,-4.660714285714286,64,822.0445389577752,32705
720,4.6,63,826.6445389577752,32768
721,-1.0,31,825.6445389577752,32799
722,9.195454545454544,130,834.8399935032298,32929
723,4.0,27,838.8399935032298,32956
724,-1.166666666666667,66,837.6733268365632,33022
725,9.25,84,846.9233268365632,33106
726,-3.0468253968253967,133,843.8765014397378,33239
727,-1.0,25,842.8765014397378,33264
728,1.8888888888888888,47,844.7653903286267,33311
729,0.6666666666666665,54,845.4320569952934,33365
730,11.8,33,857.2320569952933,33398
731,3.666666666666667,77,860.8987236619599,33475
732,4.833333333333333,50,865.7320569952933,33525
733,-4.666666666666666,43,861.0653903286267,33568
734,-2.3333333333333335,34,858.7320569952933,33602
735,-8.181818181818182,39,850.5502388134752,33641
736,-9.80952380952381,63,840.7407150039513,33704
737,-3.5,42,837.2407150039513,33746
738,-0.7424242424242422,73,836.4982907615271,33819
739,-8.75,71,827.7482907615271,33890
740,1.2467532467532467,22,828.9950440082803,33912
741,-7.875,23,821.1200440082803,33935
742,-6.222222222222222,47,814.8978217860581,33982
743,4.511904761904762,21,819.4097265479629,34003
744,-0.3999999999999999,67,819.0097265479629,34070
745,-2.666666666666667,54,816.3430598812963,34124
746,5.0,17,821.3430598812963,34141
747,-2.8333333333333335,50,818.5097265479629,34191
748,4.8121212121212125,47,823.3218477600842,34238
749,-6.322128851540617,111,816.9997189085436,34349
750,-7.6190476190476195,31,809.380671289496,34380
751,-1.0,24,808.380671289496,34404
752,6.142857142857142,68,814.5235284323531,34472
753,-6.833333333333334,51,807.6901950990198,34523
754,1.5,12,809.1901950990198,34535
755,-0.5,13,808.6901950990198,34548
756,5.9,18,814.5901950990198,34566
757,8.7,56,823.2901950990198,34622
758,0.0,8,823.2901950990198,34630
759,1.7454545454545456,77,825.0356496444743,34707
760,3.0,18,828.0356496444743,34725
761,2.0,16,830.0356496444743,34741
762,5.5,34,835.5356496444743,34775
763,0.0,20,835.5356496444743,34795
764,-5.4,43,830.1356496444744,34838
765,-4.333333333333333,33,825.802316311141,34871
766,-3.0,27,822.802316311141,34898
767,1.5,22,824.302316311141,34920
768,2.6,67,826.902316311141,34987
769,-1.5,52,825.402316311141,35039
770,2.0588235294117645,56,827.4611398405527,35095
771,4.833333333333333,31,832.2944731738861,35126
772,9.761904761904763,72,842.0563779357909,35198
773,0.6000000000000001,53,842.6563779357909,35251
774,8.666666666666668,108,851.3230446024576,35359
775,13.375,38,864.6980446024576,35397
776,8.75,57,873.4480446024576,35454
777,25.583333333333336,95,899.0313779357909,35549
778,-8.0,40,891.0313779357909,35589
779,1.6666666666666667,14,892.6980446024576,35603
780,5.0,55,897.6980446024576,35658
781,5.199999999999999,65,902.8980446024576,35723
782,-0.4,18,902.4980446024576,35741
783,18.0,32,920.4980446024576,35773
784,-0.3999999999999999,53,920.0980446024577,35826
785,1.25,10,921.3480446024577,35836
786,-3.9411764705882355,36,917.4068681318694,35872
787,-3.166666666666667,116,914.2402014652027,35988
788,1.0,9,915.2402014652027,35997
789,4.866666666666666,60,920.1068681318694,36057
790,9.833333333333332,61,929.9402014652028,36118
791,-5.133333333333333,29,924.8068681318695,36147
792,-2.1666666666666665,73,922.6402014652028,36220
793,4.75,33,927.3902014652028,36253
794,-3.0,19,924.3902014652028,36272
795,3.5934407096171803,119,927.98364217482,36391
796,6.25,78,934.23364217482,36469
797,2.428571428571429,87,936.6622136033915,36556
798,-3.8161764705882346,91,932.8460371328032,36647
799,-1.6666666666666665,15,931.1793704661366,36662
800,-4.2,22,926.9793704661365,36684
801,9.0,52,935.9793704661365,36736
802,-3.0,20,932.9793704661365,36756
803,-3.8,34,929.1793704661366,36790
804,-3.3578431372549025,48,925.8215273288816,36838
805,4.0,28,929.8215273288816,36866
806,-9.75,81,920.0715273288816,36947
807,1.0,66,921.0715273288816,37013
808,5.0,36,926.0715273288816,37049
809,4.0,37,930.0715273288816,37086
810,-1.0,21,929.0715273288816,37107
811,6.8921568627450975,42,935.9636841916267,37149
812,1.6666666666666665,50,937.6303508582934,37199
813,-1.7999999999999998,35,935.8303508582934,37234
814,-1.2682539682539686,84,934.5620968900395,37318
815,11.0,28,945.5620968900395,37346
816,0.0,15,945.5620968900395,37361
817,0.5,24,946.0620968900395,37385
818,1.0,13,947.0620968900395,37398
819,0.375,24,947.4370968900395,37422
820,-2.0,13,945.4370968900395,37435
821,3.0,18,948.4370968900395,37453
822,0.212121212121212,27,948.6492181021607,37480
823,1.0,6,949.6492181021607,37486
824,3.0,37,952.6492181021607,37523
825,-0.16666666666666652,44,952.4825514354941,37567
826,-5.0,28,947.4825514354941,37595
827,0.0,12,947.4825514354941,37607
828,1.1333333333333333,27,948.6158847688274,37634
829,0.0,10,948.6158847688274,37644
830,2.0,11,950.6158847688274,37655
831,-2.0,29,948.6158847688274,37684
832,-0.16666666666666674,20,948.4492181021608,37704
833,-6.0,22,942.4492181021608,37726
834,-1.3333333333333335,19,941.1158847688274,37745
835,3.5,47,944.6158847688274,37792
836,-7.125,54,937.4908847688274,37846
837,-5.81904761904762,106,931.6718371497798,37952
838,-2.0,12,929.6718371497798,37964
839,-3.0,11,926.6718371497798,37975
840,-9.454761904761904,106,917.2170752450179,38081
841,-1.333333333333333,26,915.8837419116845,38107
842,8.014285714285716,41,923.8980276259703,38148
843,-0.4166666666666665,37,923.4813609593036,38185
844,0.0,46,923.4813609593036,38231
845,-7.300000000000001,59,916.1813609593037,38290
846,-3.571428571428571,28,912.6099323878751,38318
847,-4.0,31,908.6099323878751,38349
848,3.1666666666666674,48,911.7765990545417,38397
849,1.0,21,912.7765990545417,38418
850,-9.833333333333332,44,902.9432657212084,38462
851,-13.999509803921569,140,888.9437559172868,38602
852,-5.9714285714285715,56,882.9723273458583,38658
853,5.166666666666669,103,888.1389940125249,38761
854,0.0,16,888.1389940125249,38777
855,1.0,16,889.1389940125249,38793
856,1.0,31,890.1389940125249,38824
857,4.428571428571429,38,894.5675654410963,38862
858,2.0,37,896.5675654410963,38899
859,5.5,25,902.0675654410963,38924
860,-8.583333333333332,26,893.484232107763,38950
861,0.20000000000000018,20,893.684232107763,38970
862,-2.3880952380952376,53,891.2961368696677,39023
863,6.266666666666667,33,897.5628035363344,39056
864,-5.333333333333334,47,892.229470203001,39103
865,-1.7777777777777777,69,890.4516924252232,39172
866,7.5,21,897.9516924252232,39193
867,-4.571428571428571,32,893.3802638537946,39225
868,10.31904761904762,159,903.6993114728423,39384
869,6.0,136,909.6993114728423,39520
870,4.633333333333334,44,914.3326448061756,39564
871,0.2,17,914.5326448061757,39581
872,7.277777777777778,52,921.8104225839535,39633
873,2.7,26,924.5104225839535,39659
874,0.1428571428571428,25,924.6532797268106,39684
875,3.0,32,927.6532797268106,39716
876,-6.0,32,921.6532797268106,39748
877,-9.666666666666666,52,911.986613060144,39800
878,3.0,36,914.986613060144,39836
879,4.013419913419914,81,919.000032973564,39917
880,-2.633333333333333,41,916.3666996402306,39958
881,0.8666666666666671,42,917.2333663068973,40000
882,8.104166666666668,188,925.337532973564,40188
883,2.3333333333333335,112,927.6708663068973,40300
884,12.959126984126986,167,940.6299932910243,40467
885,0.0,13,940.6299932910243,40480
886,-0.75,58,939.8799932910243,40538
887,2.5,15,942.3799932910243,40553
888,7.0,130,949.3799932910243,40683
889,11.325000000000001,157,960.7049932910244,40840
890,2.2,20,962.9049932910244,40860
891,-1.8333333333333333,37,961.071659957691,40897
892,-2.0,15,959.071659957691,40912
893,-5.0,18,954.071659957691,40930
894,-2.266666666666667,137,951.8049932910244,41067
895,3.5,59,955.3049932910244,41126
896,1.0,8,956.3049932910244,41134
897,3.833333333333333,13,960.1383266243578,41147
898,-9.942857142857143,81,950.1954694815006,41228
899,0.7301587301587305,47,950.9256282116593,41275
900,1.4333333333333331,106,952.3589615449926,41381
901,3.1999999999999997,59,955.5589615449926,41440
902,1.25,56,956.8089615449926,41496
903,-2.25,105,954.5589615449926,41601
904,-2.666666666666667,42,951.892294878326,41643
905,3.75,54,955.642294878326,41697
906,8.642857142857142,55,964.2851520211831,41752
907,-0.1499999999999999,65,964.1351520211831,41817
908,-1.9555555555555557,25,962.1795964656276,41842
909,-0.7745098039215685,23,961.405086661706,41865
910,10.987394957983193,67,972.3924816196892,41932
911,-7.861904761904762,43,964.5305768577845,41975
912,4.0,69,968.5305768577845,42044
913,1.0,26,969.5305768577845,42070
914,2.5,11,972.0305768577845,42081
915,2.5999999999999996,50,974.6305768577845,42131
916,5.6,37,980.2305768577845,42168
917,-4.333333333333333,14,975.8972435244511,42182
918,2.0,54,977.8972435244511,42236
919,-8.0,29,969.8972435244511,42265
920,-5.923809523809523,24,963.9734340006416,42289
921,3.5,67,967.4734340006416,42356
922,-7.333333333333334,21,960.1401006673083,42377
923,1.3142857142857138,61,961.454386381594,42438
924,-6.979761904761904,95,954.4746244768321,42533
925,3.0,9,957.4746244768321,42542
926,-6.571428571428571,59,950.9031959054035,42601
927,0.666666666666667,44,951.5698625720702,42645
928,6.416666666666667,65,957.9865292387368,42710
929,7.666666666666666,22,965.6531959054034,42732
930,-2.4444444444444446,12,963.208751460959,42744
931,-2.166666666666666,36,961.0420847942924,42780
932,2.3333333333333335,18,963.3754181276257,42798
933,2.5999999999999996,24,965.9754181276257,42822
934,4.28968253968254,65,970.2651006673083,42887
935,-2.5,35,967.7651006673083,42922
936,6.0,27,973.7651006673083,42949
937,2.888888888888889,41,976.6539895561972,42990
938,-0.5,10,976.1539895561972,43000
939,2.1,87,978.2539895561972,43087
940,3.5999999999999996,63,981.8539895561972,43150
941,1.0,25,982.8539895561972,43175
942,-4.966666666666667,122,977.8873228895305,43297
943,-1.4384615384615382,46,976.448861351069,43343
944,-6.8,20,969.6488613510691,43363
945,9.019047619047619,32,978.6679089701166,43395
946,-3.4523809523809526,76,975.2155280177357,43471
947,-7.833333333333334,48,967.3821946844023,43519
948,-2.1833333333333336,66,965.198861351069,43585
949,-2.0,18,963.198861351069,43603
950,2.0,24,965.198861351069,43627
951,-7.000000000000001,26,958.198861351069,43653
952,-3.571428571428571,21,954.6274327796405,43674
953,7.0,11,961.6274327796405,43685
954,0.0,7,961.6274327796405,43692
955,0.0,23,961.6274327796405,43715
956,10.0,17,971.6274327796405,43732
957,-6.916666666666666,53,964.7107661129738,43785
958,2.0,14,966.7107661129738,43799
959,-4.25,25,962.4607661129738,43824
960,-0.6666666666666667,12,961.7940994463072,43836
961,2.0,19,963.7940994463072,43855
962,-2.927655677655678,40,960.8664437686515,43895
963,4.0,25,964.8664437686515,43920
964,8.333333333333332,40,973.1997771019849,43960
965,-5.8,63,967.3997771019849,44023
966,-2.107142857142857,34,965.292634244842,44057
967,6.0,19,971.292634244842,44076
968,-5.166666666666667,23,966.1259675781754,44099
969,-0.5,14,965.6259675781754,44113
970,5.5,36,971.1259675781754,44149
971,1.0,19,972.1259675781754,44168
972,-1.5,6,970.6259675781754,44174
973,1.1,30,971.7259675781754,44204
974,10.133333333333333,57,981.8593009115087,44261
975,4.785714285714286,24,986.6450151972231,44285
976,-0.9659090909090909,41,985.679106106314,44326
977,-1.0952380952380953,18,984.5838680110759,44344
978,1.9255411255411259,123,986.509409136617,44467
979,0.5,32,987.009409136617,44499
980,-1.3333333333333333,11,985.6760758032837,44510
981,-0.07142857142857117,24,985.6046472318551,44534
982,7.0,19,992.6046472318551,44553
983,1.0,20,993.6046472318551,44573
984,-1.5,27,992.1046472318551,44600
985,4.0,25,996.1046472318551,44625
986,-5.0,12,991.1046472318551,44637
987,2.7833333333333337,35,993.8879805651884,44672
988,6.0,20,999.8879805651884,44692
989,-2.333333333333333,23,997.554647231855,44715
990,-4.666666666666667,29,992.8879805651884,44744
991,4.333333333333333,50,997.2213138985218,44794
992,4.333333333333333,59,1001.5546472318551,44853
993,2.2619047619047623,17,1003.81655199376,44870
994,-3.541666666666666,40,1000.2748853270933,44910
995,-1.75,47,998.5248853270933,44957
996,-1.25,23,997.2748853270933,44980
997,-1.1308080808080807,93,996.1440772462853,45073
998,-3.0,17,993.1440772462853,45090
999,-0.33333333333333304,58,992.8107439129519,45148
1000,5.583333333333333,136,998.3940772462853,45284
1001,-8.9,48,989.4940772462853,45332
1002,-6.000000000000001,39,983.4940772462853,45371
1003,-6.833333333333333,32,976.660743912952,45403
1004,9.5,49,986.160743912952,45452
1005,-2.5,13,983.660743912952,45465
1006,12.758823529411764,67,996.4195674423637,45532
1007,7.182539682539682,82,1003.6021071249033,45614
1008,4.666666666666667,36,1008.26877379157,45650
1009,12.0,46,1020.26877379157,45696
1010,-1.4666666666666668,45,1018.8021071249033,45741
1011,3.7222222222222223,29,1022.5243293471254,45770
1012,4.428571428571429,72,1026.952900775697,45842
1013,1.5952380952380953,46,1028.548138870935,45888
1014,15.0,110,1043.548138870935,45998
1015,3.0,83,1046.548138870935,46081
1016,-3.3,53,1043.248138870935,46134
1017,5.084126984126984,45,1048.332265855062,46179
1018,0.75,43,1049.082265855062,46222
1019,3.0,33,1052.082265855062,46255
1020,12.333333333333334,33,1064.4155991883952,46288
1021,-10.683333333333334,117,1053.7322658550618,46405
1022,-1.0499999999999998,40,1052.6822658550618,46445
1023,-3.388888888888889,59,1049.293376966173,46504
1024,-6.5,49,1042.793376966173,46553
1025,4.016666666666667,45,1046.8100436328396,46598
1026,-4.333333333333334,47,1042.4767102995063,46645
1027,-4.0,21,1038.4767102995063,46666
1028,11.333333333333334,65,1049.8100436328396,46731
1029,0.7857142857142847,40,1050.5957579185538,46771
1030,-18.288888888888888,99,1032.306869029665,46870
1031,8.333333333333332,21,1040.6402023629983,46891
1032,-4.333333333333334,46,1036.306869029665,46937
1033,-7.249999999999999,35,1029.056869029665,46972
1034,5.857142857142858,40,1034.9140118868079,47012
1035,10.333333333333334,106,1045.2473452201411,47118
1036,1.8333333333333335,83,1047.0806785534744,47201
1037,-2.0,20,1045.0806785534744,47221
1038,1.5,29,1046.5806785534744,47250
1039,-3.666666666666667,40,1042.9140118868077,47290
1040,-1.3,85,1041.6140118868077,47375
1041,1.1406926406926408,66,1042.7547045275003,47441
1042,3.6666666666666665,15,1046.421371194167,47456
1043,-2.6666666666666665,68,1043.7547045275003,47524
1044,4.333333333333334,30,1048.0880378608335,47554
1045,3.7857142857142856,24,1051.8737521465478,47578
1046,15.385714285714286,83,1067.2594664322621,47661
1047,3.5,32,1070.7594664322621,47693
1048,0.11111111111111105,18,1070.8705775433732,47711
1049,12.166666666666666,26,1083.03724421004,47737
1050,0.0,13,1083.03724421004,47750
1051,-1.0,26,1082.03724421004,47776
1052,-5.833333333333334,36,1076.2039108767067,47812
1053,0.0,22,1076.2039108767067,47834
1054,3.0,37,1079.2039108767067,47871
1055,-1.5,31,1077.7039108767067,47902
1056,-6.5,46,1071.2039108767067,47948
1057,6.0,40,1077.2039108767067,47988
1058,-4.5,26,1072.7039108767067,48014
1059,4.011904761904762,45,1076.7158156386115,48059
1060,3.5,17,1080.2158156386115,48076
1061,1.166666666666667,29,1081.3824823052782,48105
1062,3.0588235294117645,25,1084.44130583469,48130
1063,1.0952380952380953,62,1085.536543929928,48192
1064,-0.5,16,1085.036543929928,48208
1065,6.282467532467533,56,1091.3190114623956,48264
1066,-14.25,33,1077.0690114623956,48297
1067,3.0,7,1080.0690114623956,48304
1068,5.375,40,1085.4440114623956,48344
1069,2.761904761904762,28,1088.2059162243004,48372
1070,2.8636363636363633,52,1091.0695525879366,48424
1071,-2.4,11,1088.6695525879366,48435
1072,1.5,18,1090.1695525879366,48453
1073,-13.25,85,1076.9195525879366,48538
1074,0.0,28,1076.9195525879366,48566
1075,5.940476190476192,61,1082.8600287784127,48627
1076,1.0,43,1083.8600287784127,48670
1077,-4.880952380952381,12,1078.9790763974604,48682
1078,1.7230158730158731,89,1080.7020922704762,48771
1079,-3.6666666666666665,20,1077.0354256038095,48791
1080,11.250000000000002,23,1088.2854256038095,48814
1081,4.75,50,1093.0354256038095,48864
1082,6.0,24,1099.0354256038095,48888
1083,3.0,23,1102.0354256038095,48911
1084,1.892156862745098,33,1103.9275824665547,48944
1085,4.5,78,1108.4275824665547,49022
1086,-2.4,39,1106.0275824665546,49061
1087,-0.1212121212121211,47,1105.9063703453426,49108
1088,-7.071428571428571,83,1098.834941773914,49191
1089,15.416666666666668,113,1114.2516084405806,49304
1090,1.0,41,1115.2516084405806,49345
1091,8.5,57,1123.7516084405806,49402
1092,0.75,55,1124.5016084405806,49457
1093,5.0,18,1129.5016084405806,49475
1094,2.0,20,1131.5016084405806,49495
1095,17.0,47,1148.5016084405806,49542
1096,15.576190476190478,88,1164.0777989167711,49630
1097,7.75,25,1171.8277989167711,49655
1098,19.166666666666668,64,1190.994465583438,49719
1099,7.0,43,1197.994465583438,49762
1100,3.0,5,1200.994465583438,49767
1101,5.666666666666666,10,1206.6611322501046,49777
1102,7.5,25,1214.1611322501046,49802
1103,-2.0,43,1212.1611322501046,49845
1104,8.928571428571429,46,1221.089703678676,49891
1105,1.0,17,1222.089703678676,49908
1106,3.8181818181818183,20,1225.9078854968577,49928
1107,9.428571428571429,25,1235.336456925429,49953
1108,-2.5,66,1232.836456925429,50019
1109,-2.6,8,1230.2364569254291,50027
1110,-1.166666666666667,50,1229.0697902587624,50077
1111,6.0,12,1235.0697902587624,50089
1112,4.6,41,1239.6697902587623,50130
1113,5.166666666666667,30,1244.836456925429,50160
1114,-2.0,16,1242.836456925429,50176
1115,6.0,43,1248.836456925429,50219
1116,4.666666666666667,29,1253.5031235920958,50248
1117,9.0,24,1262.5031235920958,50272
1118,5.166666666666666,23,1267.6697902587625,50295
1119,8.875,27,1276.5447902587625,50322
1120,1.5,70,1278.0447902587625,50392
1121,5.888888888888889,48,1283.9336791476514,50440
1122,16.2,41,1300.1336791476515,50481
1123,0.0,10,1300.1336791476515,50491
1124,-2.3246753246753245,46,1297.8090038229761,50537
1125,5.0,20,1302.8090038229761,50557
1126,4.0,9,1306.8090038229761,50566
1127,3.3515151515151516,97,1310.1605189744912,50663
1128,-0.5,30,1309.6605189744912,50693
1129,2.1500000000000004,46,1311.8105189744913,50739
1130,16.875,50,1328.6855189744913,50789
1131,10.0,52,1338.6855189744913,50841
1132,1.2000000000000002,21,1339.8855189744913,50862
1133,6.166666666666666,22,1346.052185641158,50884
1134,1.533333333333334,58,1347.5855189744914,50942
1135,-0.5,26,1347.0855189744914,50968
1136,3.5,39,1350.5855189744914,51007
1137,7.541666666666666,65,1358.1271856411581,51072
1138,2.0999999999999996,33,1360.227185641158,51105
1139,8.133333333333333,39,1368.3605189744915,51144
1140,-9.799999999999999,70,1358.5605189744915,51214
1141,0.5,66,1359.0605189744915,51280
1142,-5.300000000000001,85,1353.7605189744916,51365
1143,-0.6666666666666667,23,1353.0938523078248,51388
1144,1.0,12,1354.0938523078248,51400
1145,2.875,27,1356.9688523078248,51427
1146,0.7000000000000002,39,1357.6688523078249,51466
1147,-0.3333333333333335,24,1357.3355189744916,51490
1148,14.5,37,1371.8355189744916,51527
1149,-9.021428571428572,54,1362.8140904030631,51581
1150,9.228571428571428,78,1372.0426618316346,51659
1151,9.233333333333334,103,1381.275995164968,51762
1152,1.5,26,1382.775995164968,51788
1153,3.0,56,1385.775995164968,51844
1154,-1.9333333333333336,33,1383.8426618316346,51877
1155,1.0,23,1384.8426618316346,51900
1156,0.0,31,1384.8426618316346,51931
1157,10.0,75,1394.8426618316346,52006
1158,8.541666666666668,38,1403.3843284983013,52044
1159,-2.0,43,1401.3843284983013,52087
1160,3.5,42,1404.8843284983013,52129
1161,22.7,70,1427.5843284983014,52199
1162,-4.333333333333333,22,1423.2509951649681,52221
1163,1.5,24,1424.7509951649681,52245
1164,-3.0,16,1421.7509951649681,52261
1165,6.4754901960784315,95,1428.2264853610466,52356
1166,6.3,41,1434.5264853610465,52397
1167,-1.3823529411764706,35,1433.14413241987,52432
1168,6.0,13,1439.14413241987,52445
1169,4.0,23,1443.14413241987,52468
1170,-0.6666666666666666,10,1442.4774657532032,52478
1171,-3.333333333333333,62,1439.14413241987,52540
1172,-1.2411764705882353,66,1437.9029559492817,52606
1173,-8.0,26,1429.9029559492817,52632
1174,1.3333333333333335,15,1431.236289282615,52647
1175,-5.6,19,1425.636289282615,52666
1176,1.3,17,1426.936289282615,52683
1177,-7.876923076923077,12,1419.059366205692,52695
1178,15.5,39,1434.559366205692,52734
1179,-0.7999999999999998,16,1433.759366205692,52750
1180,-2.0,16,1431.759366205692,52766
1181,7.0,21,1438.759366205692,52787
1182,3.2738095238095237,126,1442.0331757295016,52913
1183,5.806349206349205,122,1447.839524935851,53035
1184,2.7857142857142856,51,1450.6252392215652,53086
1185,1.0,15,1451.6252392215652,53101
1186,5.6428571428571415,72,1457.2680963644223,53173
1187,6.333333333333332,57,1463.6014296977555,53230
1188,0.0,20,1463.6014296977555,53250
1189,1.0,12,1464.6014296977555,53262
1190,7.833333333333334,113,1472.4347630310888,53375
1191,-7.75,73,1464.6847630310888,53448
1192,0.375,75,1465.0597630310888,53523
1193,-0.33333333333333304,46,1464.7264296977555,53569
1194,2.3333333333333335,18,1467.0597630310888,53587
1195,0.0,7,1467.0597630310888,53594
1196,2.0,21,1469.0597630310888,53615
1197,1.2000000000000002,29,1470.2597630310888,53644
1198,0.3921568627450981,25,1470.651919893834,53669
1199,1.0,15,1471.651919893834,53684
1200,0.3333333333333337,84,1471.9852532271673,53768
1201,-3.9411764705882355,33,1468.044076756579,53801
1202,-3.0,51,1465.044076756579,53852
1203,0.25,32,1465.294076756579,53884
1204,2.3,29,1467.594076756579,53913
1205,2.5,58,1470.094076756579,53971
1206,-2.1047619047619044,29,1467.989314851817,54000
1207,-0.4166666666666674,85,1467.5726481851502,54085
1208,-7.8999999999999995,52,1459.6726481851501,54137
1209,-3.138095238095238,71,1456.5345529470549,54208
1210,1.4285714285714286,8,1457.9631243756262,54216
1211,3.928571428571429,37,1461.8916958041975,54253
1212,2.5,17,1464.3916958041975,54270
1213,-9.666666666666668,24,1454.7250291375308,54294
1214,-3.5,25,1451.2250291375308,54319
1215,-0.0126050420168069,81,1451.212424095514,54400
1216,0.042857142857142705,43,1451.2552812383713,54443
1217,1.0,30,1452.2552812383713,54473
1218,-0.45833333333333326,39,1451.796947905038,54512
1219,7.166666666666668,38,1458.9636145717047,54550
1220,-0.16666666666666785,164,1458.796947905038,54714
1221,6.487394957983193,58,1465.2843428630213,54772
1222,8.833333333333332,77,1474.1176761963545,54849
1223,0.16666666666666652,22,1474.2843428630213,54871
1224,1.5,16,1475.7843428630213,54887
1225,1.0,19,1476.7843428630213,54906
1226,0.5,37,1477.2843428630213,54943
1227,-4.8,52,1472.4843428630213,54995
1228,-6.0,27,1466.4843428630213,55022
1229,5.904761904761905,20,1472.3891047677832,55042
1230,-2.007843137254902,38,1470.3812616305283,55080
1231,-1.333333333333333,45,1469.047928297195,55125
1232,-1.5833333333333335,20,1467.4645949638618,55145
1233,-0.5,19,1466.9645949638618,55164
1234,9.033333333333333,26,1475.9979282971951,55190
1235,-1.2142857142857144,30,1474.7836425829094,55220
1236,-2.388888888888889,41,1472.3947536940204,55261
1237,1.5,16,1473.8947536940204,55277
1238,-11.066666666666668,46,1462.8280870273538,55323
1239,-4.466666666666667,36,1458.3614203606871,55359
1240,7.723809523809525,51,1466.0852298844966,55410
1241,-1.0,22,1465.0852298844966,55432
1242,-0.8095238095238095,36,1464.2757060749727,55468
1243,13.0,22,1477.2757060749727,55490
1244,13.116666666666667,63,1490.3923727416393,55553
1245,1.0216450216450217,43,1491.4140177632844,55596
1246,-0.5,28,1490.9140177632844,55624
1247,-4.754545454545455,39,1486.159472308739,55663
1248,5.0,42,1491.159472308739,55705
1249,-13.5,57,1477.659472308739,55762
1250,1.2588235294117647,82,1478.9182958381507,55844
1251,-0.8333333333333335,42,1478.0849625048174,55886
1252,-5.571428571428571,26,1472.5135339333888,55912
1253,-2.9166666666666665,83,1469.596867266722,55995
1254,10.334126984126984,126,1479.930994250849,56121
1255,-7.142857142857142,78,1472.7881371079918,56199
1256,-13.142857142857142,61,1459.6452799651347,56260
1257,2.357142857142857,21,1462.0024228222776,56281
1258,-0.10952380952380958,42,1461.8928990127538,56323
1259,0.0,10,1461.8928990127538,56333
1260,-6.5,36,1455.3928990127538,56369
1261,-1.333333333333333,33,1454.0595656794205,56402
1262,-2.1363636363636362,69,1451.9232020430568,56471
1263,-3.5,26,1448.4232020430568,56497
1264,6.5,60,1454.9232020430568,56557
1265,4.539898989898989,105,1459.4631010329558,56662
1266,2.833333333333333,61,1462.296434366289,56723
1267,7.574603174603176,88,1469.8710375408923,56811
1268,18.0,56,1487.8710375408923,56867
1269,-1.3000000000000007,58,1486.5710375408923,56925
1270,-1.2166666666666668,58,1485.3543708742257,56983
1271,1.0,22,1486.3543708742257,57005
1272,10.0,33,1496.3543708742257,57038
1273,1.5,47,1497.8543708742257,57085
1274,-22.0,82,1475.8543708742257,57167
1275,1.3333333333333335,43,1477.187704207559,57210
1276,5.083333333333333,31,1482.2710375408922,57241
1277,0.05882352941176472,25,1482.3298610703039,57266
1278,-1.3611111111111112,78,1480.9687499591928,57344
1279,0.0,32,1480.9687499591928,57376
1280,-2.0,11,1478.9687499591928,57387
1281,3.5,41,1482.4687499591928,57428
1282,-2.5,21,1479.9687499591928,57449
1283,3.8,54,1483.7687499591927,57503
1284,1.0,25,1484.7687499591927,57528
1285,2.4333333333333336,34,1487.2020832925261,57562
1286,0.2,24,1487.4020832925262,57586
1287,1.1333333333333333,66,1488.5354166258596,57652
1288,-7.928571428571429,91,1480.6068451972883,57743
1289,0.0,56,1480.6068451972883,57799
1290,0.0,12,1480.6068451972883,57811
1291,-8.666666666666666,40,1471.9401785306216,57851
1292,5.0,22,1476.9401785306216,57873
1293,-0.2333333333333334,81,1476.7068451972882,57954
1294,-3.0,23,1473.7068451972882,57977
1295,5.75,68,1479.4568451972882,58045
1296,8.0,32,1487.4568451972882,58077
1297,0.6666666666666665,51,1488.123511863955,58128
1298,-4.200000000000001,89,1483.923511863955,58217
1299,1.1500000000000004,23,1485.073511863955,58240
1300,11.833333333333334,45,1496.9068451972882,58285
1301,1.0588235294117647,18,1497.9656687267,58303
1302,4.361111111111111,89,1502.326779837811,58392
1303,-2.9,70,1499.426779837811,58462
1304,-5.0,77,1494.426779837811,58539
1305,-0.25,18,1494.176779837811,58557
1306,-2.1333333333333333,61,1492.0434465044775,58618
1307,-4.5,27,1487.5434465044775,58645
1308,2.3333333333333335,21,1489.8767798378108,58666
1309,12.61111111111111,65,1502.4878909489219,58731
1310,8.485714285714286,81,1510.9736052346361,58812
1311,3.933333333333333,35,1514.9069385679695,58847
1312,-2.3333333333333335,18,1512.5736052346363,58865
1313,4.5,26,1517.0736052346363,58891
1314,-2.0,25,1515.0736052346363,58916
1315,-4.0,32,1511.0736052346363,58948
1316,12.545454545454545,53,1523.6190597800908,59001
1317,-2.3333333333333335,21,1521.2857264467575,59022
1318,0.5333333333333337,94,1521.8190597800908,59116
1319,1.0,49,1522.8190597800908,59165
1320,-10.5,79,1512.3190597800908,59244
1321,-3.166666666666667,53,1509.152393113424,59297
1322,-14.8,39,1494.3523931134241,59336
1323,6.5,23,1500.8523931134241,59359
1324,3.0,33,1503.8523931134241,59392
1325,-0.5,21,1503.3523931134241,59413
1326,13.5,83,1516.8523931134241,59496
1327,10.0,31,1526.8523931134241,59527
1328,0.0,8,1526.8523931134241,59535
1329,2.0,30,1528.8523931134241,59565
1330,-8.526190476190475,84,1520.3262026372336,59649
1331,-4.0,54,1516.3262026372336,59703
1332,2.5,46,1518.8262026372336,59749
1333,-2.0,72,1516.8262026372336,59821
1334,-12.25,106,1504.5762026372336,59927
1335,5.0,20,1509.5762026372336,59947
1336,-2.5634920634920633,67,1507.0127105737415,60014
1337,-2.0,24,1505.0127105737415,60038
1338,4.250000000000001,53,1509.2627105737415,60091
1339,-2.0,30,1507.2627105737415,60121
1340,-1.166666666666666,108,1506.0960439070748,60229
1341,-7.337301587301587,90,1498.758742319773,60319
1342,9.5,32,1508.258742319773,60351
1343,8.558823529411764,94,1516.8175658491848,60445
1344,13.908080808080808,137,1530.7256466572655,60582
1345,13.0,69,1543.7256466572655,60651
1346,9.666666666666668,52,1553.3923133239323,60703
1347,1.1666666666666667,19,1554.558979990599,60722
1348,-8.0,23,1546.558979990599,60745
1349,6.783333333333333,93,1553.3423133239323,60838
1350,-2.3,58,1551.0423133239324,60896
1351,-0.04761904761904745,57,1550.9946942763133,60953
1352,13.6,57,1564.5946942763132,61010
1353,4.457142857142856,97,1569.051837133456,61107
1354,0.8333333333333335,19,1569.8851704667893,61126
1355,-0.8484848484848482,87,1569.0366856183045,61213
1356,2.0,13,1571.0366856183045,61226
1357,1.3333333333333335,32,1572.3700189516378,61258
1358,6.428571428571429,15,1578.7985903802091,61273
1359,10.333333333333332,51,1589.1319237135424,61324
1360,6.0,17,1595.1319237135424,61341
1361,15.375,82,1610.5069237135424,61423
1362,-12.166666666666666,55,1598.3402570468756,61478
1363,-6.114285714285715,83,1592.22597133259,61561
1364,-2.666666666666666,58,1589.5593046659233,61619
1365,-0.6166666666666671,63,1588.9426379992567,61682
1366,4.261904761904762,105,1593.2045427611615,61787
1367,-9.968253968253968,41,1583.2362887929075,61828
1368,-3.0699643493761144,75,1580.1663244435315,61903
1369,7.0,30,1587.1663244435315,61933
1370,-4.4,48,1582.7663244435314,61981
1371,-13.121212121212123,66,1569.6451123223194,62047
1372,-2.7142857142857144,34,1566.9308266080336,62081
1373,-3.4444444444444438,23,1563.4863821635893,62104
1374,0.0,69,1563.4863821635893,62173
1375,8.0,27,1571.4863821635893,62200
1376,2.0,19,1573.4863821635893,62219
1377,-2.0,12,1571.4863821635893,62231
1378,0.7666666666666666,59,1572.253048830256,62290
1379,-6.5,48,1565.753048830256,62338
1380,-4.75,47,1561.003048830256,62385
1381,0.0,25,1561.003048830256,62410
1382,4.383333333333333,113,1565.3863821635894,62523
1383,30.83333333333333,223,1596.2197154969226,62746
1384,-2.166666666666666,74,1594.0530488302559,62820
1385,-3.3333333333333335,91,1590.7197154969226,62911
1386,4.0,30,1594.7197154969226,62941
1387,9.0,23,1603.7197154969226,62964
1388,0.20000000000000018,21,1603.9197154969227,62985
1389,0.8333333333333335,59,1604.753048830256,63044
1390,-3.0,13,1601.753048830256,63057
1391,7.5,44,1609.253048830256,63101
1392,-1.0952380952380956,28,1608.1578107350178,63129
1393,-1.75,112,1606.4078107350178,63241
1394,11.333333333333334,31,1617.741144068351,63272
1395,10.166666666666668,73,1627.9078107350178,63345
1396,6.699999999999998,139,1634.607810735018,63484
1397,5.857142857142858,106,1640.4649535921608,63590
1398,6.666666666666667,122,1647.1316202588275,63712
1399,3.333333333333333,13,1650.4649535921608,63725
1400,-2.5,24,1647.9649535921608,63749
1401,-1.4659090909090908,77,1646.4990445012518,63826
1402,4.533333333333333,72,1651.032377834585,63898
1403,3.278787878787879,42,1654.311165713373,63940
1404,3.6666666666666665,25,1657.9778323800397,63965
1405,1.3333333333333335,27,1659.311165713373,63992
1406,0.10530303030303045,69,1659.416468743676,64061
1407,0.3333333333333339,83,1659.7498020770092,64144
1408,5.555555555555555,31,1665.305357632565,64175
1409,3.8055555555555562,123,1669.1109131881205,64298
1410,4.178571428571429,53,1673.2894846166919,64351
1411,12.733766233766232,119,1686.0232508504582,64470
1412,7.75,52,1693.7732508504582,64522
1413,2.1111111111111116,41,1695.8843619615693,64563
1414,0.0,15,1695.8843619615693,64578
1415,-5.071428571428571,31,1690.8129333901406,64609
1416,-0.5,9,1690.3129333901406,64618
1417,-7.5,26,1682.8129333901406,64644
1418,-4.633333333333333,33,1678.1796000568072,64677
1419,-3.133333333333333,66,1675.0462667234738,64743
1420,-0.7142857142857142,12,1674.331981009188,64755
1421,0.6666666666666667,26,1674.9986476758547,64781
1422,-7.0,21,1667.9986476758547,64802
1423,-9.5,29,1658.4986476758547,64831
1424,2.0,15,1660.4986476758547,64846
1425,8.25,63,1668.7486476758547,64909
1426,12.476190476190476,65,1681.224838152045,64974
1427,-6.125,31,1675.099838152045,65005
1428,9.208333333333334,82,1684.3081714853784,65087
1429,-8.194444444444445,57,1676.113727040934,65144
1430,0.09999999999999998,13,1676.213727040934,65157
1431,-10.25,26,1665.963727040934,65183
1432,-2.9222222222222225,63,1663.0415048187117,65246
1433,-0.75,19,1662.2915048187117,65265
1434,-4.0,28,1658.2915048187117,65293
1435,-7.5,27,1650.7915048187117,65320
1436,5.545454545454545,53,1656.3369593641662,65373
1437,4.091666666666667,130,1660.428626030833,65503
1438,10.5,19,1670.928626030833,65522
1439,-2.071428571428571,30,1668.8571974594042,65552
1440,-2.0,34,1666.8571974594042,65586
1441,-6.5,18,1660.3571974594042,65604
1442,-13.077777777777778,29,1647.2794196816265,65633
1443,8.0,41,1655.2794196816265,65674
1444,0.916666666666667,36,1656.1960863482932,65710
1445,3.6000000000000005,68,1659.796086348293,65778
1446,0.8333333333333335,57,1660.6294196816264,65835
1447,-8.125,46,1652.5044196816264,65881
1448,-4.833333333333333,54,1647.671086348293,65935
1449,6.333333333333333,16,1654.0044196816264,65951
1450,3.75,48,1657.7544196816264,65999
1451,5.0,20,1662.7544196816264,66019
1452,-1.6111111111111107,95,1661.1433085705153,66114
1453,0.0,33,1661.1433085705153,66147
1454,-3.238095238095238,33,1657.90521333242,66180
1455,0.6,17,1658.50521333242,66197
1456,8.0,48,1666.50521333242,66245
1457,-0.4545454545454546,27,1666.0506678778745,66272
1458,-0.16666666666666652,19,1665.8840012112078,66291
1459,-11.866666666666665,112,1654.0173345445412,66403
1460,2.6666666666666665,24,1656.684001211208,66427
1461,-0.3999999999999999,43,1656.2840012112079,66470
1462,8.432359307359308,77,1664.7163605185672,66547
1463,2.853535353535354,23,1667.5698958721025,66570
1464,-4.121212121212121,52,1663.4486837508905,66622
1465,0.75,35,1664.1986837508905,66657
1466,11.428571428571429,97,1675.6272551794618,66754
1467,-8.214285714285715,39,1667.412969465176,66793
1468,1.3787878787878787,50,1668.791757343964,66843
1469,1.0,17,1669.791757343964,66860
1470,8.333333333333332,57,1678.1250906772973,66917
1471,3.4025974025974026,17,1681.5276880798947,66934
1472,0.28571428571428603,58,1681.813402365609,66992
1473,4.484848484848485,19,1686.2982508504574,67011
1474,6.0,46,1692.2982508504574,67057
1475,0.33333333333333326,39,1692.6315841837907,67096
1476,-10.607843137254902,93,1682.0237410465359,67189
1477,1.0,23,1683.0237410465359,67212
1478,-0.5714285714285712,53,1682.4523124751072,67265
1479,-5.0,48,1677.4523124751072,67313
1480,-4.0,26,1673.4523124751072,67339
1481,10.477777777777778,80,1683.930090252885,67419
1482,-1.0,26,1682.930090252885,67445
1483,3.0,38,1685.930090252885,67483
1484,-3.857142857142857,16,1682.0729473957422,67499
1485,-2.928571428571429,45,1679.1443759671708,67544
1486,-1.1666666666666667,28,1677.977709300504,67572
1487,-4.25,14,1673.727709300504,67586
1488,2.6666666666666665,14,1676.3943759671708,67600
1489,-2.0,13,1674.3943759671708,67613
1490,-0.3888888888888893,104,1674.005487078282,67717
1491,7.333333333333334,77,1681.3388204116152,67794
1492,6.166666666666666,74,1687.505487078282,67868
1493,4.533333333333333,30,1692.0388204116152,67898
1494,9.045454545454545,39,1701.0842749570697,67937
1495,2.1666666666666665,25,1703.2509416237365,67962
1496,2.0000000000000004,46,1705.2509416237365,68008
1497,-11.833333333333332,54,1693.4176082904032,68062
1498,1.166666666666667,90,1694.58427495707,68152
1499,-4.454545454545455,7,1690.1297295025245,68159
1500,1.5,17,1691.6297295025245,68176
1501,6.0,47,1697.6297295025245,68223
1502,17.5,80,1715.1297295025245,68303
1503,-8.276190476190477,157,1706.853539026334,68460
1504,1.0,36,1707.853539026334,68496
1505,-0.733333333333333,47,1707.1202056930006,68543
1506,-1.5,70,1705.6202056930006,68613
1507,-1.2928571428571427,111,1704.3273485501434,68724
1508,-1.5416666666666665,61,1702.7856818834766,68785
1509,5.833333333333333,32,1708.6190152168099,68817
1510,4.587662337662338,32,1713.2066775544722,68849
1511,5.0,21,1718.2066775544722,68870
1512,5.0,32,1723.2066775544722,68902
1513,4.75,22,1727.9566775544722,68924
1514,1.333333333333333,46,1729.2900108878055,68970
1515,-2.3333333333333335,31,1726.9566775544722,69001
1516,-7.633333333333333,54,1719.3233442211388,69055
1517,-1.466666666666666,58,1717.856677554472,69113
1518,-8.333333333333332,27,1709.5233442211388,69140
1519,8.100000000000001,55,1717.6233442211387,69195
1520,2.3000000000000007,50,1719.9233442211387,69245
1521,5.5,24,1725.4233442211387,69269
1522,0.3333333333333339,69,1725.756677554472,69338
1523,4.766666666666667,46,1730.5233442211386,69384
1524,2.1,22,1732.6233442211385,69406
1525,0.0,29,1732.6233442211385,69435
1526,-0.5,58,1732.1233442211385,69493
1527,2.4444444444444438,62,1734.5677886655828,69555
1528,-1.4242424242424239,43,1733.1435462413403,69598
1529,5.025,38,1738.1685462413404,69636
1530,-4.309523809523809,20,1733.8590224318166,69656
1531,7.666666666666667,41,1741.5256890984833,69697
1532,-0.5483193277310932,61,1740.9773697707521,69758
1533,2.3333333333333335,12,1743.3107031040854,69770
1534,0.35427807486630947,56,1743.6649811789516,69826
1535,3.3333333333333335,5,1746.9983145122849,69831
1536,2.2588235294117647,43,1749.2571380416966,69874
1537,-3.0,24,1746.2571380416966,69898
1538,-2.107843137254902,29,1744.1492949044418,69927
1539,-5.666666666666666,14,1738.482628237775,69941
1540,7.333333333333334,27,1745.8159615711083,69968
1541,-6.25,21,1739.5659615711083,69989
1542,0.0,16,1739.5659615711083,70005
1543,-1.5,32,1738.0659615711083,70037
1544,8.0,14,1746.0659615711083,70051
1545,-2.9411764705882355,20,1743.12478510052,70071
1546,-3.666666666666667,56,1739.4581184338533,70127
1547,-3.1818181818181817,44,1736.276300252035,70171
1548,3.0,12,1739.276300252035,70183
1549,2.666666666666667,108,1741.9429669187018,70291
1550,4.0,26,1745.9429669187018,70317
1551,-1.5,17,1744.4429669187018,70334
1552,3.5,34,1747.9429669187018,70368
1553,4.0,27,1751.9429669187018,70395
1554,6.0,16,1757.9429669187018,70411
1555,-3.0,34,1754.9429669187018,70445
1556,-6.181818181818182,40,1748.7611487368836,70485
1557,9.0,18,1757.7611487368836,70503
1558,1.5555555555555556,63,1759.3167042924392,70566
1559,4.2,34,1763.5167042924393,70600
1560,-5.904761904761904,32,1757.6119423876773,70632
1561,14.791666666666668,118,1772.403609054344,70750
1562,-1.0,10,1771.403609054344,70760
1563,4.833333333333334,49,1776.2369423876773,70809
1564,0.7333333333333334,26,1776.9702757210107,70835
1565,-0.6666666666666665,25,1776.303609054344,70860
1566,-5.880952380952381,45,1770.4226566733917,70905
1567,1.6333333333333333,47,1772.055990006725,70952
1568,-0.5555555555555556,18,1771.5004344511694,70970
1569,1.8809523809523807,22,1773.3813868321217,70992
1570,-0.9333333333333336,46,1772.4480534987883,71038
1571,2.0,43,1774.4480534987883,71081
1572,1.916666666666667,16,1776.364720165455,71097
1573,-2.3303030303030297,71,1774.0344171351521,71168
1574,3.6666666666666665,54,1777.7010838018189,71222
1575,2.0588235294117645,46,1779.7599073312306,71268
1576,-7.916666666666667,44,1771.8432406645638,71312
1577,3.7,33,1775.5432406645639,71345
1578,0.0,12,1775.5432406645639,71357
1579,1.0,31,1776.5432406645639,71388
1580,8.7,39,1785.243240664564,71427
1581,0.0,14,1785.243240664564,71441
1582,1.6000000000000003,42,1786.8432406645638,71483
1583,-1.8333333333333335,29,1785.0099073312306,71512
1584,-1.65,43,1783.3599073312305,71555
1585,1.7254901960784315,51,1785.085397527309,71606
1586,-0.25,18,1784.835397527309,71624
1587,2.7333333333333334,18,1787.5687308606423,71642
1588,-8.655462184873949,49,1778.9132686757684,71691
1589,-2.4545454545454546,10,1776.458723221223,71701
1590,5.0,23,1781.458723221223,71724
1591,-10.176190476190476,98,1771.2825327450325,71822
1592,5.878787878787878,91,1777.1613206238205,71913
1593,-2.666666666666667,16,1774.4946539571538,71929
1594,4.0,50,1778.4946539571538,71979
1595,-4.871428571428571,76,1773.6232253857252,72055
1596,-4.89572192513369,34,1768.7275034605914,72089
1597,0.7619047619047616,57,1769.4894082224962,72146
1598,3.8333333333333335,74,1773.3227415558295,72220
1599,1.4333333333333331,25,1774.7560748891628,72245
1600,1.0,36,1775.7560748891628,72281
1601,-6.833333333333333,30,1768.9227415558296,72311
1602,1.0,25,1769.9227415558296,72336
1603,-0.6666666666666666,5,1769.2560748891628,72341
1604,-7.0,28,1762.2560748891628,72369
1605,-6.954545454545453,84,1755.3015294346174,72453
1606,0.0,15,1755.3015294346174,72468
1607,-0.6666666666666666,11,1754.6348627679506,72479
1608,-6.0,31,1748.6348627679506,72510
1609,2.2897435897435896,108,1750.9246063576943,72618
1610,3.1666666666666665,74,1754.091273024361,72692
1611,31.833333333333332,156,1785.9246063576943,72848
1612,5.0,61,1790.9246063576943,72909
1613,7.0,50,1797.9246063576943,72959
1614,11.0,57,1808.9246063576943,73016
1615,2.6,43,1811.5246063576942,73059
1616,-2.0,17,1809.5246063576942,73076
1617,7.333333333333333,69,1816.8579396910275,73145
1618,-9.771428571428572,48,1807.086511119599,73193
1619,-0.5833333333333335,38,1806.5031777862657,73231
1620,5.75,53,1812.2531777862657,73284
1621,1.0,28,1813.2531777862657,73312
1622,-5.166666666666668,16,1808.086511119599,73328
1623,0.33333333333333304,18,1808.4198444529322,73346
1624,15.166666666666668,45,1823.586511119599,73391
1625,5.916666666666667,35,1829.5031777862657,73426
1626,-9.5,39,1820.0031777862657,73465
1627,3.0,16,1823.0031777862657,73481
1628,0.0,2,1823.0031777862657,73483
1629,2.0,17,1825.0031777862657,73500
1630,-9.633333333333333,40,1815.3698444529323,73540
1631,1.0,5,1816.3698444529323,73545
1632,-1.7500000000000013,84,1814.6198444529323,73629
1633,0.0,8,1814.6198444529323,73637
1634,-4.2745098039215685,29,1810.3453346490107,73666
1635,3.5,41,1813.8453346490107,73707
1636,-4.666666666666667,11,1809.178667982344,73718
1637,-5.738095238095238,44,1803.4405727442488,73762
1638,9.25,70,1812.6905727442488,73832
1639,-1.3333333333333333,19,1811.3572394109156,73851
1640,0.5,26,1811.8572394109156,73877
1641,0.0,12,1811.8572394109156,73889
1642,9.0,43,1820.8572394109156,73932
1643,-1.333333333333334,42,1819.5239060775823,73974
1644,1.0,10,1820.5239060775823,73984
1645,9.333333333333332,21,1829.8572394109156,74005
1646,1.85,32,1831.7072394109155,74037
1647,0.5238095238095237,40,1832.231048934725,74077
1648,0.6666666666666665,29,1832.8977156013918,74106
1649,0.2222222222222222,29,1833.119937823614,74135
1650,-5.9411764705882355,13,1827.1787613530257,74148
1651,4.452380952380952,54,1831.6311423054067,74202
1652,3.5,35,1835.1311423054067,74237
1653,0.04444444444444429,48,1835.1755867498512,74285
1654,0.0,22,1835.1755867498512,74307
1655,-1.0,18,1834.1755867498512,74325
1656,-6.733333333333333,41,1827.4422534165178,74366
1657,-3.3809523809523814,47,1824.0613010355655,74413
1658,-0.7142857142857142,25,1823.3470153212797,74438
1659,4.428571428571429,35,1827.775586749851,74473
1660,-3.0,21,1824.775586749851,74494
1661,1.0,44,1825.775586749851,74538
1662,4.0,51,1829.775586749851,74589
1663,-7.4,42,1822.375586749851,74631
1664,5.5,46,1827.875586749851,74677
1665,1.75,10,1829.625586749851,74687
1666,3.2,43,1832.825586749851,74730
1667,-6.9,38,1825.925586749851,74768
1668,0.0,20,1825.925586749851,74788
1669,13.45,61,1839.375586749851,74849
1670,2.8333333333333335,19,1842.2089200831842,74868
1671,-9.0,39,1833.2089200831842,74907
1672,-3.3166666666666664,48,1829.8922534165176,74955
1673,-0.4,44,1829.4922534165175,74999
1674,2.0,12,1831.4922534165175,75011
1675,-1.5,10,1829.9922534165175,75021
1676,-3.666666666666667,20,1826.3255867498508,75041
1677,-6.880952380952381,44,1819.4446343688985,75085
1678,1.4285714285714288,26,1820.8732057974698,75111
1679,-2.0666666666666664,57,1818.8065391308032,75168
1680,-1.0,17,1817.8065391308032,75185
1681,2.0,13,1819.8065391308032,75198
1682,-1.4666666666666668,19,1818.3398724641365,75217
1683,-0.75,29,1817.5898724641365,75246
1684,1.0,8,1818.5898724641365,75254
1685,-2.9,45,1815.6898724641364,75299
1686,-1.6666666666666663,31,1814.0232057974697,75330
1687,-4.0,70,1810.0232057974697,75400
1688,7.714285714285714,37,1817.7374915117555,75437
1689,0.2666666666666657,52,1818.0041581784221,75489
1690,-4.909090909090909,24,1813.0950672693311,75513
1691,2.6666666666666665,7,1815.7617339359979,75520
1692,-1.9545454545454546,45,1813.8071884814524,75565
1693,0.9047619047619049,22,1814.7119503862143,75587
1694,-1.0,13,1813.7119503862143,75600
1695,-1.7666666666666666,33,1811.9452837195477,75633
1696,0.20000000000000018,40,1812.1452837195477,75673
1697,-1.0,23,1811.1452837195477,75696
1698,-9.866666666666667,42,1801.2786170528811,75738
1699,-0.30000000000000004,33,1800.9786170528812,75771
1700,8.666666666666668,60,1809.645283719548,75831
1701,2.0,8,1811.645283719548,75839
1702,2.6666666666666665,12,1814.3119503862147,75851
1703,1.0,21,1815.3119503862147,75872
1704,-1.0,8,1814.3119503862147,75880
1705,2.0,34,1816.3119503862147,75914
1706,0.6,18,1816.9119503862146,75932
1707,4.0,17,1820.9119503862146,75949
1708,2.0,7,1822.9119503862146,75956
1709,1.666666666666667,73,1824.5786170528813,76029
1710,2.0,32,1826.5786170528813,76061
1711,2.0,23,1828.5786170528813,76084
1712,0.0,7,1828.5786170528813,76091
1713,0.3999999999999999,20,1828.9786170528814,76111
1714,1.8181818181818183,34,1830.7967988710632,76145
1715,2.0588235294117645,63,1832.8556224004749,76208
1716,2.5,39,1835.3556224004749,76247
1717,14.333333333333334,65,1849.6889557338081,76312
1718,-3.0,34,1846.6889557338081,76346
1719,0.0,25,1846.6889557338081,76371
1720,9.0,58,1855.6889557338081,76429
1721,3.4444444444444446,41,1859.1334001782525,76470
1722,-1.0,1,1858.1334001782525,76471
1723,-4.75,46,1853.3834001782525,76517
1724,-2.883333333333333,88,1850.500066844919,76605
1725,5.503267973856209,76,1856.0033348187753,76681
1726,7.725,52,1863.7283348187752,76733
1727,0.0,42,1863.7283348187752,76775
1728,-10.804761904761905,48,1852.9235729140132,76823
1729,6.7,33,1859.6235729140133,76856
1730,1.0,30,1860.6235729140133,76886
1731,4.583333333333333,22,1865.2069062473465,76908
1732,8.21111111111111,45,1873.4180173584577,76953
1733,-6.888888888888889,66,1866.5291284695688,77019
1734,0.6000000000000001,27,1867.1291284695687,77046
1735,-0.25,44,1866.8791284695687,77090
1736,1.0,11,1867.8791284695687,77101
1737,-9.583333333333334,64,1858.2957951362355,77165
1738,-5.276190476190478,51,1853.019604660045,77216
1739,-5.0,31,1848.019604660045,77247
1740,-4.8,60,1843.219604660045,77307
1741,-8.700000000000001,196,1834.519604660045,77503
1742,-10.0,35,1824.519604660045,77538
1743,-10.466666666666667,41,1814.0529379933782,77579
1744,7.666666666666667,48,1821.719604660045,77627
1745,15.742156862745095,245,1837.46176152279,77872
1746,-0.4999999999999999,66,1836.96176152279,77938
1747,5.0,14,1841.96176152279,77952
1748,14.333333333333334,31,1856.2950948561233,77983
1749,2.8333333333333335,18,1859.1284281894566,78001
1750,-2.083333333333333,85,1857.0450948561233,78086
1751,-1.8333333333333335,23,1855.21176152279,78109
1752,0.2568627450980392,60,1855.4686242678881,78169
1753,2.25,34,1857.7186242678881,78203
1754,5.333333333333334,79,1863.0519576012214,78282
1755,6.0,48,1869.0519576012214,78330
1756,5.0,12,1874.0519576012214,78342
1757,3.146969696969696,62,1877.1989272981912,78404
1758,-7.0,22,1870.1989272981912,78426
1759,-4.777777777777778,29,1865.4211495204133,78455
1760,-9.250000000000002,99,1856.1711495204133,78554
1761,6.825,88,1862.9961495204134,78642
1762,0.16666666666666696,39,1863.1628161870801,78681
1763,2.9333333333333336,79,1866.0961495204135,78760
1764,-6.75,57,1859.3461495204135,78817
1765,-5.833333333333334,72,1853.5128161870803,78889
1766,-5.333333333333334,54,1848.179482853747,78943
1767,-3.1968253968253966,27,1844.9826574569215,78970
1768,-6.366666666666667,96,1838.615990790255,79066
1769,0.16666666666666652,31,1838.7826574569217,79097
1770,9.8,54,1848.5826574569217,79151
1771,-4.555555555555555,62,1844.027101901366,79213
1772,-10.983333333333334,122,1833.0437685680326,79335
1773,-3.0,31,1830.0437685680326,79366
1774,-4.0,53,1826.0437685680326,79419
1775,-0.666666666666667,27,1825.377101901366,79446
1776,3.5,23,1828.877101901366,79469
1777,10.0,37,1838.877101901366,79506
1778,7.5,79,1846.377101901366,79585
1779,0.16666666666666652,26,1846.5437685680326,79611
1780,-1.1309523809523814,74,1845.4128161870804,79685
1781,-6.0,44,1839.4128161870804,79729
1782,0.0,26,1839.4128161870804,79755
1783,-4.0,18,1835.4128161870804,79773
1784,3.458333333333333,65,1838.8711495204136,79838
1785,1.5,26,1840.3711495204136,79864
1786,3.0555555555555554,20,1843.4267050759693,79884
1787,-7.333333333333334,47,1836.093371742636,79931
1788,2.1969696969696964,37,1838.2903414396058,79968
1789,1.25,30,1839.5403414396058,79998
1790,3.1111111111111116,30,1842.6514525507168,80028
1791,-7.134199134199134,41,1835.5172534165176,80069
1792,10.269841269841269,67,1845.7870946863588,80136
1793,-10.88888888888889,38,1834.89820579747,80174
1794,-2.1666666666666665,34,1832.7315391308032,80208
1795,0.8253968253968251,37,1833.5569359562,80245
1796,-4.0,11,1829.5569359562,80256
1797,-3.0,18,1826.5569359562,80274
1798,-0.6666666666666667,43,1825.8902692895333,80317
1799,4.661538461538461,48,1830.5518077510717,80365
1800,1.1666666666666665,66,1831.7184744177384,80431
1801,-15.833333333333336,88,1815.8851410844052,80519
1802,-0.6666666666666667,25,1815.2184744177384,80544
1803,1.0000000000000009,85,1816.2184744177384,80629
1804,1.0,49,1817.2184744177384,80678
1805,1.4333333333333336,137,1818.6518077510718,80815
1806,4.666666666666667,18,1823.3184744177386,80833
1807,-4.136363636363637,42,1819.1821107813748,80875
1808,-7.666666666666666,79,1811.515444114708,80954
1809,1.0,11,1812.515444114708,80965
1810,-2.692857142857143,57,1809.822586971851,81022
1811,-8.5,46,1801.322586971851,81068
1812,3.1,19,1804.422586971851,81087
1813,-1.5666666666666664,53,1802.8559203051843,81140
1814,5.611111111111111,62,1808.4670314162954,81202
1815,-2.5,59,1805.9670314162954,81261
1816,-9.333333333333334,79,1796.6336980829622,81340
1817,-15.023484848484847,82,1781.6102132344772,81422
1818,1.5,58,1783.1102132344772,81480
1819,1.3333333333333335,72,1784.4435465678105,81552
1820,-5.9,36,1778.5435465678104,81588
1821,5.878787878787879,38,1784.4223344465984,81626
1822,1.5,10,1785.9223344465984,81636
1823,-3.816666666666667,49,1782.1056677799318,81685
1824,1.5555555555555554,32,1783.6612233354874,81717
1825,0.8999999999999999,46,1784.5612233354875,81763
1826,0.7333333333333334,35,1785.2945566688209,81798
1827,-5.6571428571428575,35,1779.637413811678,81833
1828,5.5,11,1785.137413811678,81844
1829,5.0,27,1790.137413811678,81871
1830,5.0,45,1795.137413811678,81916
1831,1.1583333333333337,24,1796.2957471450113,81940
1832,-1.0,5,1795.2957471450113,81945
1833,0.4642857142857144,77,1795.760032859297,82022
1834,-4.0,31,1791.760032859297,82053
1835,-0.5,14,1791.260032859297,82067
1836,-6.947619047619048,34,1784.312413811678,82101
1837,2.4038961038961038,89,1786.7163099155741,82190
1838,-14.133585858585858,143,1772.5827240569884,82333
1839,0.5476190476190477,36,1773.1303431046074,82369
1840,2.2929292929292924,36,1775.4232723975367,82405
1841,5.0,13,1780.4232723975367,82418
1842,0.3333333333333335,56,1780.75660573087,82474
1843,-5.0,24,1775.75660573087,82498
1844,17.458333333333336,123,1793.2149390642032,82621
1845,-2.4166666666666674,114,1790.7982723975365,82735
1846,-9.844444444444445,68,1780.953827953092,82803
1847,2.458333333333333,27,1783.4121612864253,82830
1848,-0.25454545454545485,35,1783.1576158318799,82865
1849,-1.4,13,1781.7576158318798,82878
1850,-3.566666666666667,35,1778.1909491652132,82913
1851,1.0952380952380953,36,1779.2861872604512,82949
1852,0.0,6,1779.2861872604512,82955
1853,-2.333333333333333,23,1776.952853927118,82978
1854,0.0,33,1776.952853927118,83011
1855,-3.280952380952381,50,1773.6719015461656,83061
1856,-1.4571428571428573,40,1772.2147586890228,83101
1857,-1.3333333333333333,14,1770.8814253556895,83115
1858,-1.0,81,1769.8814253556895,83196
1859,-1.4,30,1768.4814253556895,83226
1860,1.2,17,1769.6814253556895,83243
1861,-5.354545454545455,62,1764.3268799011441,83305
1862,1.0,15,1765.3268799011441,83320
1863,-2.6888888888888887,18,1762.6379910122553,83338
1864,4.964285714285714,13,1767.602276726541,83351
1865,-3.4000000000000004,22,1764.202276726541,83373
1866,-2.8,8,1761.402276726541,83381
1867,-3.5,55,1757.902276726541,83436
1868,6.533333333333333,21,1764.4356100598743,83457
1869,2.3921568627450975,32,1766.8277669226195,83489
1870,3.0,22,1769.8277669226195,83511
1871,-9.583333333333334,68,1760.2444335892862,83579
1872,3.6,33,1763.8444335892862,83612
1873,-11.0,36,1752.8444335892862,83648
1874,-6.0,11,1746.8444335892862,83659
1875,-4.142857142857143,122,1742.701576446429,83781
1876,-1.9411764705882355,22,1740.7603999758408,83803
1877,1.0,13,1741.7603999758408,83816
1878,-12.75,55,1729.0103999758408,83871
1879,-2.0,18,1727.0103999758408,83889
1880,-9.204545454545455,37,1717.8058545212953,83926
1881,0.9636363636363637,31,1718.7694908849317,83957
1882,-6.6499999999999995,44,1712.1194908849316,84001
1883,4.0,32,1716.1194908849316,84033
1884,2.25,27,1718.3694908849316,84060
1885,0.2333333333333334,24,1718.602824218265,84084
1886,-7.9523809523809526,44,1710.650443265884,84128
1887,0.5,19,1711.150443265884,84147
1888,-7.0,13,1704.150443265884,84160
1889,5.833333333333334,48,1709.9837765992172,84208
1890,-7.166666666666666,47,1702.8171099325505,84255
1891,-6.833333333333334,27,1695.9837765992172,84282
1892,-6.333333333333333,21,1689.650443265884,84303
1893,1.3333333333333333,8,1690.9837765992172,84311
1894,-4.9,22,1686.0837765992171,84333
1895,3.8181818181818183,32,1689.9019584173989,84365
1896,5.285714285714285,53,1695.187672703113,84418
1897,-12.935714285714285,63,1682.2519584173988,84481
1898,-4.066666666666666,25,1678.1852917507322,84506
1899,0.18333333333333357,44,1678.3686250840656,84550
1900,-6.8,42,1671.5686250840656,84592
1901,-17.136363636363637,64,1654.4322614477019,84656
1902,-1.5,14,1652.9322614477019,84670
1903,-1.0,15,1651.9322614477019,84685
1904,-13.8,33,1638.132261447702,84718
1905,3.833333333333334,84,1641.9655947810352,84802
1906,4.75,74,1646.7155947810352,84876
1907,2.1000000000000014,72,1648.815594781035,84948
1908,6.5,11,1655.315594781035,84959
1909,1.6666666666666665,13,1656.9822614477018,84972
1910,2.0,24,1658.9822614477018,84996
1911,0.0,22,1658.9822614477018,85018
1912,3.5,17,1662.4822614477018,85035
1913,3.5,53,1665.9822614477018,85088
1914,10.0,63,1675.9822614477018,85151
1915,-1.5833333333333333,33,1674.3989281143686,85184
1916,-3.5,89,1670.8989281143686,85273
1917,9.5,57,1680.3989281143686,85330
1918,2.5,15,1682.8989281143686,85345
1919,-3.833333333333333,82,1679.0655947810353,85427
1920,2.6,18,1681.6655947810352,85445
1921,6.333333333333333,22,1687.9989281143685,85467
1922,-7.066666666666667,20,1680.9322614477019,85487
1923,-7.4,32,1673.5322614477018,85519
1924,-3.333333333333333,11,1670.1989281143685,85530
1925,-6.333333333333333,25,1663.8655947810353,85555
1926,-2.536363636363636,73,1661.3292311446717,85628
1927,4.1,63,1665.4292311446716,85691
1928,-1.4411764705882355,34,1663.9880546740833,85725
1929,-1.5666666666666664,38,1662.4213880074167,85763
1930,-7.789661319073084,50,1654.6317266883436,85813
1931,1.1999999999999993,39,1655.8317266883437,85852
1932,-0.5,49,1655.3317266883437,85901
1933,6.678571428571429,55,1662.010298116915,85956
1934,12.833333333333334,71,1674.8436314502483,86027
1935,8.866666666666667,61,1683.7102981169148,86088
1936,6.5,33,1690.2102981169148,86121
1937,1.3888888888888888,24,1691.5991870058037,86145
1938,-2.9999999999999996,11,1688.5991870058037,86156
1939,3.333333333333333,7,1691.932520339137,86163
1940,13.0,20,1704.932520339137,86183
1941,6.0,17,1710.932520339137,86200
1942,-1.6666666666666665,47,1709.2658536724703,86247
1943,2.9333333333333336,24,1712.1991870058037,86271
1944,13.766666666666666,108,1725.9658536724703,86379
1945,-0.5,58,1725.4658536724703,86437
1946,3.0,12,1728.4658536724703,86449
1947,-3.6666666666666665,18,1724.7991870058036,86467
1948,4.583333333333333,22,1729.3825203391368,86489
1949,3.2095238095238097,88,1732.5920441486605,86577
1950,3.3333333333333335,40,1735.9253774819938,86617
1951,-0.11111111111111116,27,1735.8142663708827,86644
1952,-3.0,10,1732.8142663708827,86654
1953,1.0,26,1733.8142663708827,86680
1954,2.6666666666666665,45,1736.4809330375494,86725
1955,2.0,20,1738.4809330375494,86745
1956,14.333333333333332,60,1752.8142663708827,86805
1957,-0.33333333333333337,54,1752.4809330375494,86859
1958,2.0588235294117645,46,1754.5397565669612,86905
1959,-2.0,14,1752.5397565669612,86919
1960,-1.0,14,1751.5397565669612,86933
1961,6.5,23,1758.0397565669612,86956
1962,1.0,8,1759.0397565669612,86964
1963,2.0,16,1761.0397565669612,86980
